0.48387274146080017 0.6292527914047241 0.6082006692886353 75.39655303955078 
-0.8291739821434021 0.10737767815589905 0.5485804080963135 160.1153564453125 
0.2798886001110077 -0.7697473168373108 0.5737171769142151 -1341.84619140625 
0.0 0.0 0.0 1.0
0.41831859946250916 0.617698609828949 0.6659263968467712 82.77732849121094 
-0.881650984287262 0.09984370321035385 0.4612187147140503 21.888456344604492 
0.21840563416481018 -0.7800509929656982 0.5863611102104187 -1327.2137451171875 
0.0 0.0 0.0 1.0
0.41666969656944275 0.6003009080886841 0.6826603412628174 53.40510177612305 
-0.8960569500923157 0.1446646749973297 0.41970711946487427 81.57799530029297 
0.15319374203681946 -0.7865817546844482 0.5981811881065369 -1353.8743896484375 
0.0 0.0 0.0 1.0
0.5166414976119995 0.6661482453346252 0.53789222240448 36.671730041503906 
-0.8105373382568359 0.17809706926345825 0.5579521656036377 126.46072387695312 
0.2758818566799164 -0.7242429852485657 0.6319503784179688 -1359.9898681640625 
0.0 0.0 0.0 1.0
0.5535091757774353 0.5416916012763977 0.6326119303703308 -15.174530029296875 
-0.7634507417678833 0.026468241587281227 0.6453235149383545 26.39583396911621 
0.33282220363616943 -0.8401604890823364 0.4282052516937256 -1438.6346435546875 
0.0 0.0 0.0 1.0
0.3860154151916504 0.6752299666404724 0.6285353302955627 40.997894287109375 
-0.8947675228118896 0.10827144980430603 0.43320703506469727 143.53866577148438 
0.22446194291114807 -0.7296175360679626 0.6459682583808899 -1373.895263671875 
0.0 0.0 0.0 1.0
0.41837015748023987 0.5999338626861572 0.6819427013397217 8.585042953491211 
-0.8703166842460632 0.05000287666916847 0.48994752764701843 136.25119018554688 
0.2598370313644409 -0.798485517501831 0.5430521368980408 -1405.285400390625 
0.0 0.0 0.0 1.0
0.4642365574836731 0.5703964233398438 0.6775930523872375 29.2120361328125 
-0.8476401567459106 0.06423298269510269 0.5266690254211426 14.390965461730957 
0.2568862736225128 -0.8188540935516357 0.5133101940155029 -1385.9454345703125 
0.0 0.0 0.0 1.0
0.38221806287765503 0.6203479170799255 0.6848925352096558 42.560035705566406 
-0.9027475714683533 0.09236274659633636 0.4201379716396332 144.95050048828125 
0.1973731815814972 -0.7788693904876709 0.5953203439712524 -1388.4193115234375 
0.0 0.0 0.0 1.0
0.5029446482658386 0.5963620543479919 0.6256188750267029 35.0240478515625 
-0.8040846586227417 0.05735674500465393 0.5917415618896484 -45.88081741333008 
0.3170087933540344 -0.8006637692451477 0.5083728432655334 -1391.436279296875 
0.0 0.0 0.0 1.0
0.43043866753578186 0.6412844061851501 0.6351982355117798 50.851444244384766 
-0.8436314463615417 0.0356002151966095 0.5357410907745361 71.61138153076172 
0.3209492564201355 -0.7664769291877747 0.5563315153121948 -1361.15966796875 
0.0 0.0 0.0 1.0
0.4372261166572571 0.5348597168922424 0.7230203151702881 61.81382751464844 
-0.8871836066246033 0.12471026182174683 0.4442439079284668 43.94793701171875 
0.1474400758743286 -0.8356868028640747 0.5290453433990479 -1364.5555419921875 
0.0 0.0 0.0 1.0
0.46813079714775085 0.5290271043777466 0.7078021168708801 26.78398323059082 
-0.8595359921455383 0.08672855794429779 0.503662645816803 190.2516326904297 
0.20506452023983002 -0.8441613912582397 0.49531814455986023 -1391.5576171875 
0.0 0.0 0.0 1.0
0.3955790102481842 0.5855695009231567 0.7075490355491638 2.925149917602539 
-0.8930836915969849 0.0655049979686737 0.4450962543487549 38.66948318481445 
0.21428681910037994 -0.8079712390899658 0.5488749146461487 -1428.0189208984375 
0.0 0.0 0.0 1.0
0.412004679441452 0.5752874612808228 0.7066091299057007 10.655630111694336 
-0.8890345692634583 0.0838642492890358 0.45009374618530273 -56.9293212890625 
0.19967402517795563 -0.8136407136917114 0.5460028648376465 -1426.6361083984375 
0.0 0.0 0.0 1.0
0.38445478677749634 0.6233446598052979 0.6809081435203552 39.72780227661133 
-0.8920115232467651 0.06090683490037918 0.4478903114795685 10.080327987670898 
0.23771806061267853 -0.779571533203125 0.5794466137886047 -1310.7672119140625 
0.0 0.0 0.0 1.0
