DataSet: 1
-17.314453125 -1.845703125 -3.076171875 1.58203125 -3.20833234662219 5.537109375 -85.078125 -2.4609375
643.597 271.681 195.988 725.561
0.3548565 -0.1608036 0.9209881 643.5974 0.07811227 0.9867526 0.1421894 271.6809 -0.9316519 0.02148364 0.3627163 195.9876 0 0 0 1
DataSet: 2
-5.712890625 -1.58203125 -3.8671875 1.58203125 -2.63834668096843 7.822265625 -80.068359375 -2.021484375
657.307 266.489 68.707 712.594
0.256707 -0.1921139 0.9472032 657.3071 0.08688525 0.9806641 0.1753532 266.489 -0.962576 0.03728358 0.2684352 68.70695 0 0 0 1
DataSet: 3
13.0078125 -33.837890625 -5.009765625 1.58203125 -4.01313382788223 7.119140625 -98.61328125 -3.076171875
620.316 261.759 113.045 682.707
0.2170048 -0.192758 0.95695 620.3162 0.05362282 0.9811839 0.1854795 261.759 -0.9746966 0.01106441 0.2232579 113.0449 0 0 0 1
DataSet: 4
23.02734375 -53.4375 -6.064453125 1.58203125 -3.7771091565367 -0.703125 -98.4375 -2.900390625
607.284 261.416 148.757 677.688
0.3733351 -0.07349513 0.9247807 607.2842 0.06980813 0.9962562 0.05099388 261.4163 -0.9250664 0.04551941 0.3770679 148.7575 0 0 0 1
DataSet: 5
40.25390625 -72.421875 -3.1640625 1.58203125 -1.83988240218469 11.337890625 -93.1640625 -1.40625
515.343 266.035 47.111 581.870
0.4727266 -0.2321488 0.8500803 515.3431 0.02666747 0.9680018 0.2495224 266.0352 -0.8808056 -0.09528636 0.463791 47.11064 0 0 0 1
DataSet: 6
-46.142578125 50.537109375 -3.251953125 1.494140625 -3.66472794186997 4.04296875 -74.53125 -2.8125
597.633 271.675 200.377 686.385
0.2335874 -0.1204047 0.9648522 597.6334 0.1043238 0.9896788 0.0982464 271.6746 -0.966723 0.07770795 0.2437376 200.3773 0 0 0 1
DataSet: 7
20.654296875 -57.3046875 -5.009765625 1.58203125 0.459002876277386 8.349609375 -109.423828125 0.3515625
559.563 261.748 152.666 636.341
0.3017818 -0.157237 0.9403214 559.5629 -0.06678421 0.9803964 0.1853716 261.7476 -0.951035 -0.1187404 0.2853648 152.6664 0 0 0 1
DataSet: 8
28.65234375 -51.767578125 -4.130859375 1.58203125 -1.72313403199999 10.01953125 -93.33984375 -1.318359375
580.301 263.430 42.839 638.733
0.3360663 -0.2222529 0.9152393 580.3008 0.02507731 0.9735255 0.2271988 263.4303 -0.9415044 -0.05340211 0.3327426 42.839 0 0 0 1
DataSet: 9
13.623046875 -45.966796875 -1.93359375 1.58203125 -0.458552627667172 6.50390625 -109.599609375 -0.3515625
592.424 276.701 166.455 674.712
0.2252882 -0.1475988 0.9630471 592.4237 -0.04129778 0.9861232 0.1607964 276.7013 -0.9734165 -0.07599726 0.2160664 166.4552 0 0 0 1
DataSet: 10
36.650390625 -56.77734375 -2.021484375 1.58203125 -1.37692179015071 8.26171875 -84.90234375 -1.0546875
578.298 274.459 -12.937 640.253
0.4062223 -0.1950581 0.8927126 578.2976 0.04912315 0.9801998 0.1918209 274.459 -0.9124529 -0.03406909 0.4077609 -12.93741 0 0 0 1
DataSet: 11
-38.14453125 43.76953125 -3.69140625 1.58203125 -0.573144225357398 6.328125 -64.6875 -0.439453125
613.682 268.947 129.362 682.402
0.3398346 -0.1601725 0.9267455 613.6817 0.08490738 0.986592 0.1393807 268.9469 -0.9366446 0.03132114 0.348878 129.3621 0 0 0 1
DataSet: 12
-22.5 21.26953125 -1.23046875 1.58203125 -3.91902717365121 13.974609375 -74.8828125 -2.98828125
618.033 269.957 98.544 681.581
0.2226038 -0.2899606 0.9307902 618.0333 0.1519655 0.9533957 0.2606592 269.9572 -0.9629923 0.08342423 0.2562934 98.54355 0 0 0 1
DataSet: 13
-36.38671875 27.7734375 -3.427734375 1.58203125 -3.57138552990164 13.447265625 -81.38671875 -2.724609375
575.605 261.396 234.659 674.325
0.296793 -0.2907269 0.9096108 575.6052 0.1136607 0.9565135 0.268632 261.396 -0.9481536 0.02365888 0.3169307 234.6592 0 0 0 1
DataSet: 14
-49.306640625 68.5546875 -1.0546875 1.58203125 -1.03480018372271 11.162109375 -60.556640625 -0.791015625
535.886 275.299 109.339 612.305
0.2301044 -0.2296126 0.9456903 535.8856 0.1426146 0.9692315 0.2006275 275.2987 -0.9626594 0.088704 0.2557705 109.3385 0 0 0 1
DataSet: 15
46.58203125 -68.466796875 -0.52734375 1.494140625 -1.60805942583754 9.84375 -97.20703125 -1.23046875
537.002 279.345 -23.748 605.779
0.2591892 -0.2194807 0.9405579 537.0018 0.007957954 0.9742895 0.225159 279.3448 -0.9657938 -0.05087387 0.2542719 -23.74793 0 0 0 1
DataSet: 16
9.228515625 -21.62109375 -14.150390625 1.494140625 -0.22936598475092 7.294921875 -88.06640625 -0.17578125
641.308 223.456 51.061 681.040
0.2516684 -0.1769161 0.951506 641.3082 0.01680671 0.9838008 0.1784754 223.456 -0.9676676 -0.02892493 0.2505649 51.06065 0 0 0 1
