-0.2606707 -0.04146039 0.9645371 688.5373 -0.0255737 0.9990234 0.03603137 365.5699 -0.965089 -0.01527447 -0.2614764 -79.7943 0 0 0 1
-0.2547441 -0.0413659 0.9661233 664.6012 -0.0255737 0.9990234 0.03603137 386.5319 -0.9666703 -0.01552857 -0.2555532 -162.8152 0 0 0 1
-0.2945512 -0.04197339 0.9547135 664.7566 -0.0255737 0.9990234 0.03603137 288.0592 -0.9552934 -0.01380248 -0.295337 -155.2111 0 0 0 1
-0.2234774 -0.04084429 0.973853 686.9455 -0.0255737 0.9990234 0.03603137 342.5897 -0.9743736 -0.01685283 -0.2243037 -88.91757 0 0 0 1
-0.1678444 -0.03982251 0.9850088 684.5441 -0.0255737 0.9990234 0.03603137 412.9832 -0.9854817 -0.01914266 -0.1686989 -49.40004 0 0 0 1
-0.06585085 -0.03770965 0.9971167 691.6484 -0.02358552 0.9990653 0.03622572 377.6366 -0.9975507 -0.02113202 -0.0666787 22.75706 0 0 0 1
-0.03675568 -0.03695846 0.9986406 681.8771 -0.0255737 0.9990234 0.03603137 394.6333 -0.998997 -0.02421458 -0.03766495 98.28675 0 0 0 1
0.1026016 -0.03322976 0.9941673 670.3495 -0.0255737 0.9990234 0.03603137 356.2218 -0.9943937 -0.02912142 0.1016516 176.4833 0 0 0 1
0.09802442 -0.03336342 0.9946246 665.2324 -0.0255737 0.9990234 0.03603137 326.2821 -0.9948553 -0.02896819 0.09707546 185.895 0 0 0 1
-0.01376135 -0.03639156 0.9992428 688.1674 -0.0255737 0.9990234 0.03603137 354.6633 -0.9995782 -0.0250585 -0.01467858 86.16364 0 0 0 1
-0.2517772 -0.04131806 0.9669028 686.3957 -0.0255737 0.9990234 0.03603137 379.1736 -0.9674473 -0.01565541 -0.2525879 -18.96144 0 0 0 1
-0.4453149 -0.04365417 0.8943092 655.9172 -0.0255737 0.9990234 0.03603137 341.4224 -0.8950087 -0.006825492 -0.4459964 -62.77714 0 0 0 1
-0.5743331 -0.04418404 0.8174285 638.1573 -0.0255737 0.9990234 0.03603137 382.662 -0.8182222 -0.000210666 -0.5749022 -160.1944 0 0 0 1
-0.5880572 -0.04418131 0.8076118 638.5282 -0.0255737 0.9990234 0.03603137 332.4841 -0.8084149 0.0005348808 -0.5886128 -223.2106 0 0 0 1
-0.4766085 -0.04386777 0.8780205 639.4327 -0.0255737 0.9990234 0.03603137 327.0565 -0.8787436 -0.005281377 -0.4772649 -263.8574 0 0 0 1
-0.3164524 -0.04227984 0.9476658 674.0835 -0.0255737 0.9990234 0.03603137 350.3776 -0.9482636 -0.01283311 -0.3172245 -159.3077 0 0 0 1
-0.1617944 -0.0397043 0.9860254 689.5336 -0.0255737 0.9990234 0.03603137 381.1123 -0.9864931 -0.01938665 -0.1626518 -50.20503 0 0 0 1
-0.1934883 -0.04011245 0.9802822 667.1303 -0.02358552 0.9990653 0.03622572 404.6207 -0.980819 -0.01611122 -0.1942535 -128.586 0 0 0 1
-0.2724942 -0.04164471 0.9612558 654.403 -0.0255737 0.9990234 0.03603137 361.2864 -0.9618175 -0.01476453 -0.273293 -192.0824 0 0 0 1
-0.281335 -0.04177884 0.9586997 634.218 -0.0255737 0.9990234 0.03603137 318.5544 -0.9592688 -0.01438062 -0.2821286 -221.3925 0 0 0 1
-0.4315338 -0.04354433 0.9010452 584.9802 -0.0255737 0.9990234 0.03603137 353.1048 -0.9017342 -0.00749431 -0.432226 -328.3293 0 0 0 1
-0.3367425 -0.04254567 0.9406351 611.0009 -0.0255737 0.9990234 0.03603137 415.6354 -0.9412494 -0.01192223 -0.3375016 -262.4091 0 0 0 1
-0.2294584 -0.04067828 0.9724681 624.3163 -0.02358552 0.9990653 0.03622572 452.9889 -0.9730327 -0.01462387 -0.2302034 -190.9743 0 0 0 1
-0.07503033 -0.03785968 0.9964623 665.908 -0.0255737 0.9990234 0.03603137 386.9185 -0.9968533 -0.02277979 -0.07592526 -86.62396 0 0 0 1
-0.2145 -0.04068745 0.9758762 630.3284 -0.0255737 0.9990234 0.03603137 391.937 -0.9763891 -0.01722804 -0.2153311 -200.9158 0 0 0 1
-0.3697348 -0.04293974 0.9281446 618.5899 -0.0255737 0.9990234 0.03603137 364.4019 -0.9287853 -0.01041405 -0.3704718 -274.0792 0 0 0 1
-0.3668835 -0.04290759 0.9292768 650.8838 -0.0255737 0.9990234 0.03603137 339.4774 -0.9299153 -0.01054573 -0.3676226 -225.0616 0 0 0 1
-0.1162413 -0.03877042 0.992464 686.9139 -0.0255737 0.9990234 0.03603137 342.5897 -0.9928917 -0.02119265 -0.1171193 -51.05934 0 0 0 1
-0.05666881 -0.03743396 0.997691 685.6516 -0.0255737 0.9990234 0.03603137 379.9493 -0.9980655 -0.0234728 -0.05757079 84.49361 0 0 0 1
-0.4993595 -0.04399056 0.8652773 657.5344 -0.0255737 0.9990234 0.03603137 368.2944 -0.8660173 -0.004135742 -0.4999968 -136.8875 0 0 0 1
-0.5818395 -0.04418411 0.8121026 624.4293 -0.0255737 0.9990234 0.03603137 443.5513 -0.8129014 0.000196002 -0.5824012 -237.338 0 0 0 1
-0.7122801 -0.04221959 0.7006244 573.5051 -0.02358552 0.9990653 0.03622572 447.2078 -0.7014989 0.009278269 -0.7126101 -340.7197 0 0 0 1
-0.4739104 -0.04385136 0.8794805 615.5308 -0.0255737 0.9990234 0.03603137 410.7046 -0.8802016 -0.005415936 -0.474569 -296.7469 0 0 0 1
-0.5217709 -0.04408344 0.8519459 573.3226 -0.0255737 0.9990234 0.03603137 342.2006 -0.8527023 -0.002987294 -0.5223887 -365.9012 0 0 0 1
-0.507309 -0.04402676 0.8606389 591.9565 -0.0255737 0.9990234 0.03603137 410.3244 -0.8613847 -0.003730688 -0.5079395 -335.143 0 0 0 1
-0.3583224 -0.0422763 0.9326402 557.9047 -0.02358552 0.9990653 0.03622572 369.8654 -0.9333 -0.009016319 -0.3589846 -320.4583 0 0 0 1
-0.3179066 -0.04229948 0.947178 631.157 -0.0255737 0.9990234 0.03603137 347.2615 -0.9477771 -0.01276824 -0.3186779 -241.683 0 0 0 1
-0.0275596 -0.03673403 0.998945 682.711 -0.0255737 0.9990234 0.03603137 327.4438 -0.999293 -0.02455371 -0.02847211 -15.62954 0 0 0 1
-0.0872576 -0.03813637 0.9954556 680.766 -0.0255737 0.9990234 0.03603137 326.2821 -0.9958575 -0.02231348 -0.08814767 91.40632 0 0 0 1
-0.3280652 -0.04243414 0.9437016 639.4211 -0.0255737 0.9990234 0.03603137 428.0392 -0.9443089 -0.01231331 -0.32883 39.60899 0 0 0 1
-0.4466873 -0.04366459 0.893624 620.7802 -0.0255737 0.9990234 0.03603137 289.5638 -0.8943245 -0.00675852 -0.4473678 -4.583616 0 0 0 1
-0.3952359 -0.04321089 0.9175628 659.1534 -0.0255737 0.9990234 0.03603137 418.2805 -0.9182236 -0.00922459 -0.3959549 -48.61565 0 0 0 1
-0.2532609 -0.04134202 0.9665142 665.4933 -0.0255737 0.9990234 0.03603137 455.1269 -0.9670599 -0.01559201 -0.2540709 -99.33089 0 0 0 1
-0.2798631 -0.04175673 0.9591314 664.4426 -0.0255737 0.9990234 0.03603137 342.2006 -0.9596992 -0.01444469 -0.2806577 -174.6584 0 0 0 1
-0.2606707 -0.04146039 0.9645371 649.2998 -0.0255737 0.9990234 0.03603137 415.6354 -0.965089 -0.01527447 -0.2614764 -183.6656 0 0 0 1
-0.5655142 -0.04417923 0.8235544 631.6397 -0.0255737 0.9990234 0.03603137 385.7585 -0.824342 -0.000685087 -0.5660917 -276.7429 0 0 0 1
-0.4549176 -0.04299226 0.8894952 653.4659 -0.02358552 0.9990653 0.03622572 429.1729 -0.8902212 -0.00449949 -0.4555064 -189.8494 0 0 0 1
-0.4411915 -0.0436223 0.8963522 667.5062 -0.0255737 0.9990234 0.03603137 335.202 -0.8970485 -0.007026313 -0.4418762 -110.8259 0 0 0 1
-0.2710184 -0.04162202 0.9616739 672.338 -0.0255737 0.9990234 0.03603137 305.5 -0.9622344 -0.0148284 -0.2718182 13.00671 0 0 0 1
-0.1527082 -0.03952419 0.9874806 684.978 -0.0255737 0.9990234 0.03603137 348.0404 -0.9879404 -0.01975125 -0.1535698 -75.55235 0 0 0 1
-0.6052815 -0.04415963 0.7947856 620.0514 -0.0255737 0.9990234 0.03603137 362.8443 -0.7956005 0.00148351 -0.6058198 -304.9234 0 0 0 1
-0.3047919 -0.04211918 0.9514872 668.1982 -0.0255737 0.9990234 0.03603137 417.5255 -0.9520756 -0.01335099 -0.3055713 -150.2823 0 0 0 1
0.04143835 -0.03522769 0.9985198 636.4417 -0.02358552 0.9990653 0.03622572 384.2257 -0.9988626 -0.02505175 0.04056875 -75.23254 0 0 0 1
-0.3439518 -0.04263586 0.9380189 596.1535 -0.0255737 0.9990234 0.03603137 372.1837 -0.938639 -0.01159556 -0.3447062 -287.432 0 0 0 1
-0.4927226 -0.04314581 0.8691162 653.2571 -0.02358552 0.9990653 0.03622572 376.4721 -0.8698668 -0.002649328 -0.4932796 -225.3807 0 0 0 1
-0.703587 -0.04359189 0.7092708 597.044 -0.0255737 0.9990234 0.03603137 380.337 -0.7101488 0.007212519 -0.7040147 -317.8537 0 0 0 1
-0.4232162 -0.04347352 0.9049851 669.2858 -0.0255737 0.9990234 0.03603137 325.508 -0.9056677 -0.007894764 -0.4239147 -164.059 0 0 0 1
-0.2724942 -0.04164471 0.9612558 683.1293 -0.0255737 0.9990234 0.03603137 326.2821 -0.9618175 -0.01476453 -0.273293 -19.0062 0 0 0 1
-0.3106386 -0.04176592 0.9496101 672.3297 -0.02358552 0.9990653 0.03622572 434.3729 -0.9502354 -0.01114394 -0.3113334 -103.7301 0 0 0 1
-0.5979334 -0.04417142 0.8003278 610.5284 -0.0255737 0.9990234 0.03603137 389.2364 -0.8011377 0.001077013 -0.5984791 -323.4183 0 0 0 1
-0.4940363 -0.04396436 0.868329 588.4893 -0.0255737 0.9990234 0.03603137 339.0886 -0.869065 -0.004405585 -0.4946782 -343.316 0 0 0 1
-0.5060077 -0.04318137 0.8614474 542.1838 -0.02358552 0.9990653 0.03622572 344.5508 -0.8622065 -0.001987193 -0.5065532 -384.8046 0 0 0 1
-0.3425115 -0.04261803 0.9385465 628.5121 -0.0255737 0.9990234 0.03603137 414.4996 -0.9391655 -0.01166095 -0.3432669 -242.8949 0 0 0 1
-0.2621508 -0.04148378 0.9641349 665.9029 -0.0255737 0.9990234 0.03603137 404.6059 -0.964688 -0.01521085 -0.2629557 -155.1301 0 0 0 1
-0.2070105 -0.04033105 0.9775071 678.8542 -0.02358552 0.9990653 0.03622572 347.6659 -0.9780544 -0.01555591 -0.2077682 46.8081 0 0 0 1
-0.2651092 -0.04153025 0.9633236 662.0923 -0.0255737 0.9990234 0.03603137 339.8664 -0.9638792 -0.01508351 -0.2659124 52.35942 0 0 0 1
-0.1436089 -0.03934073 0.9888523 682.6071 -0.0255737 0.9990234 0.03603137 411.8445 -0.989304 -0.02011419 -0.1444748 -54.54898 0 0 0 1
-0.3396286 -0.04258205 0.9395952 658.271 -0.0255737 0.9990234 0.03603137 359.7282 -0.9402119 -0.01179165 -0.3403859 -204.6729 0 0 0 1
-0.2264657 -0.0408958 0.9731602 665.4201 -0.0255737 0.9990234 0.03603137 433.9878 -0.9736834 -0.01672744 -0.2272903 -124.5181 0 0 0 1
-0.2324358 -0.04099767 0.9717473 630.2673 -0.0255737 0.9990234 0.03603137 374.1269 -0.9722754 -0.0164762 -0.2332573 -210.5482 0 0 0 1
-0.4953689 -0.04397106 0.8675691 597.6501 -0.0255737 0.9990234 0.03603137 359.7282 -0.8683062 -0.004338139 -0.4960096 -334.3656 0 0 0 1
-0.6870618 -0.0437463 0.7252808 587.817 -0.0255737 0.9990234 0.03603137 351.9359 -0.7261487 0.006207661 -0.6875096 -361.1923 0 0 0 1
-0.3120959 -0.04178297 0.9491314 679.25 -0.02358552 0.9990653 0.03622572 355.4574 -0.9497578 -0.01107986 -0.3127896 -139.7162 0 0 0 1
-0.291619 -0.04193085 0.955615 645.9429 -0.0255737 0.9990234 0.03603137 407.278 -0.9561926 -0.01393118 -0.2924066 -203.0633 0 0 0 1
-0.3497047 -0.04270621 0.9358861 626.6864 -0.0255737 0.9990234 0.03603137 343.3681 -0.9365109 -0.01133374 -0.3504553 -257.6832 0 0 0 1
-0.08878513 -0.03817055 0.9953191 673.0079 -0.0255737 0.9990234 0.03603137 354.6633 -0.9957225 -0.02225495 -0.08967458 -81.85637 0 0 0 1
0.01230705 -0.03572579 0.9992859 674.1376 -0.0255737 0.9990234 0.03603137 310.861 -0.9995972 -0.02599888 0.01138139 -13.72979 0 0 0 1
-0.3924169 -0.04318238 0.9187732 643.8319 -0.0255737 0.9990234 0.03603137 387.305 -0.9194319 -0.009357116 -0.393138 -240.8693 0 0 0 1
-0.1284169 -0.03902757 0.990952 656.6745 -0.0255737 0.9990234 0.03603137 404.6059 -0.9913905 -0.02071528 -0.1292896 -123.7041 0 0 0 1
-0.3697484 -0.04238376 0.9281647 620.8829 -0.02358552 0.9990653 0.03622572 467.5256 -0.9288325 -0.008496845 -0.3704025 -228.7758 0 0 0 1
-0.3149973 -0.04226011 0.9481512 652.3749 -0.0255737 0.9990234 0.03603137 376.8454 -0.9487479 -0.01289795 -0.3157705 -207.4957 0 0 0 1
-0.3453912 -0.0426536 0.937489 677.5306 -0.0255737 0.9990234 0.03603137 405.7518 -0.9381103 -0.01153015 -0.3461447 -102.1613 0 0 0 1
-0.3611708 -0.04284208 0.931515 663.4718 -0.0255737 0.9990234 0.03603137 419.035 -0.9321489 -0.01080881 -0.3619137 -34.72066 0 0 0 1
-0.4439415 -0.04364365 0.8949923 661.3189 -0.0255737 0.9990234 0.03603137 318.5544 -0.8956907 -0.006892449 -0.4446241 -88.13544 0 0 0 1
-0.3668835 -0.04290759 0.9292768 678.474 -0.0255737 0.9990234 0.03603137 372.5724 -0.9299153 -0.01054573 -0.3676226 -131.8757 0 0 0 1
-0.4064741 -0.04332083 0.9126347 628.136 -0.0255737 0.9990234 0.03603137 431.3909 -0.9133043 -0.008693632 -0.407185 -252.6692 0 0 0 1
-0.3251665 -0.04239617 0.9447059 658.6249 -0.0255737 0.9990234 0.03603137 343.7573 -0.9453109 -0.01244344 -0.3259332 -199.7984 0 0 0 1
-0.5502449 -0.04415914 0.8338348 608.558 -0.0255737 0.9990234 0.03603137 389.2364 -0.8346116 -0.001498166 -0.5508369 -326.1413 0 0 0 1
-0.4953689 -0.04397106 0.8675691 618.0378 -0.0255737 0.9990234 0.03603137 422.0466 -0.8683062 -0.004338139 -0.4960096 -291.1213 0 0 0 1
-0.2473224 -0.04124558 0.968055 632.9496 -0.0255737 0.9990234 0.03603137 352.7151 -0.9685957 -0.01584539 -0.2481357 -214.0024 0 0 0 1
-0.4190439 -0.04343672 0.9069264 588.0765 -0.0255737 0.9990234 0.03603137 318.5544 -0.9076058 -0.008094742 -0.4197455 -318.4822 0 0 0 1
-0.2665874 -0.04155334 0.9629146 662.0971 -0.0255737 0.9990234 0.03603137 320.0974 -0.9634714 -0.01501978 -0.2673897 -170.9109 0 0 0 1
-0.1738881 -0.03993922 0.9839552 690.1865 -0.0255737 0.9990234 0.03603137 320.8694 -0.9844333 -0.01889795 -0.1747396 -38.13674 0 0 0 1
-0.2872156 -0.04186629 0.9569505 677.5991 -0.0255737 0.9990234 0.03603137 404.2237 -0.9575245 -0.014124 -0.2880058 -122.8136 0 0 0 1
-0.5086297 -0.04403243 0.8598587 614.9767 -0.0255737 0.9990234 0.03603137 358.9491 -0.8606055 -0.003663148 -0.509259 -314.6501 0 0 0 1
-0.4398149 -0.04361147 0.8970289 626.2369 -0.0255737 0.9990234 0.03603137 432.1338 -0.8977243 -0.007093221 -0.4405006 -262.2094 0 0 0 1
-0.5489869 -0.04322661 0.8347124 641.1951 -0.02358552 0.9990653 0.03622572 421.3095 -0.8354981 0.0002003188 -0.5494933 -202.8522 0 0 0 1
-0.2769175 -0.04171222 0.9599879 678.9465 -0.0255737 0.9990234 0.03603137 320.4834 -0.9605533 -0.01457273 -0.2777138 -6.053963 0 0 0 1
-0.08267381 -0.03803328 0.9958506 672.2293 -0.0255737 0.9990234 0.03603137 377.2336 -0.9962485 -0.02248874 -0.08356573 118.7551 0 0 0 1
-0.3782674 -0.04303377 0.9246956 673.8732 -0.0255737 0.9990234 0.03603137 377.2336 -0.925343 -0.0100184 -0.3789985 -157.8444 0 0 0 1
