DataSet_1
-0.32000792026519775 0.6816083192825317 0.6580312252044678 68.8726806640625 
-0.11898153275251389 -0.7179685831069946 0.6858311891555786 32.76555633544922 
0.9399139881134033 0.14117784798145294 0.310854434967041 -1293.33447265625 
0.0 0.0 0.0 1.0

DataSet_2
-0.3198462128639221 0.6837073564529419 0.6559287905693054 88.11409759521484 
-0.12372811883687973 -0.7165075540542603 0.6865189075469971 -61.319942474365234 
0.9393560290336609 0.1384236365556717 0.3137660622596741 -1300.96728515625 
0.0 0.0 0.0 1.0

DataSet_3
-0.3169204592704773 0.6802166700363159 0.6609588861465454 -8.201034545898438 
-0.1571905016899109 -0.7249139547348022 0.6706645488739014 -50.65786361694336 
0.9353355169296265 0.10865083336830139 0.3366636633872986 -1291.5743408203125 
0.0 0.0 0.0 1.0

DataSet_4
-0.31799742579460144 0.6851326823234558 0.6553402543067932 46.548465728759766 
-0.09018513560295105 -0.7099452018737793 0.6984586119651794 22.45965576171875 
0.9437925219535828 0.16300609707832336 0.28754952549934387 -1291.6593017578125 
0.0 0.0 0.0 1.0

DataSet_5
-0.31808653473854065 0.6893893480300903 0.6508173942565918 114.78348541259766 
-0.036908477544784546 -0.6949557662010193 0.7181046009063721 61.89833068847656 
0.9473429918289185 0.20439869165420532 0.2465004026889801 -1311.4884033203125 
0.0 0.0 0.0 1.0

DataSet_6
-0.313726544380188 0.6980955600738525 0.6436133980751038 79.97842407226562 
0.046112094074487686 -0.6658336520195007 0.7446739077568054 132.33273315429688 
0.9483930468559265 0.2633023262023926 0.17669902741909027 -1318.8115234375 
0.0 0.0 0.0 1.0

DataSet_7
-0.31596639752388 0.6945073008537292 0.6463935971260071 94.97015380859375 
0.033740609884262085 -0.6726400256156921 0.7392001748085022 175.01304626464844 
0.9481701850891113 0.25537213683128357 0.1890985369682312 -1334.919189453125 
0.0 0.0 0.0 1.0

DataSet_8
-0.31188008189201355 0.7069219946861267 0.6348167061805725 55.26229476928711 
0.15649278461933136 -0.6207969784736633 0.7681934237480164 254.11532592773438 
0.9371451139450073 0.3389284312725067 0.0829860121011734 -1360.2369384765625 
0.0 0.0 0.0 1.0

DataSet_9
-0.3112327456474304 0.7064333558082581 0.6356776356697083 25.165504455566406 
0.1561242938041687 -0.6218031644821167 0.767454206943512 264.883056640625 
0.9374216794967651 0.3381015658378601 0.08323409408330917 -1364.6756591796875 
0.0 0.0 0.0 1.0

DataSet_10
-0.3131469786167145 0.6987332105636597 0.643203616142273 56.769493103027344 
0.06399723887443542 -0.6602020263671875 0.7483565807342529 173.5477294921875 
0.9475459456443787 0.2755088210105896 0.16202326118946075 -1326.7044677734375 
0.0 0.0 0.0 1.0

DataSet_11
-0.32429832220077515 0.6747493147850037 0.6629810929298401 81.27570343017578 
-0.14816802740097046 -0.7284409999847412 0.6688945293426514 57.5020751953125 
0.9342787265777588 0.11868876963853836 0.3362084925174713 -1303.2061767578125 
0.0 0.0 0.0 1.0

DataSet_12
-0.33590102195739746 0.6543567180633545 0.6774864196777344 40.35978317260742 
-0.3422718048095703 -0.7549065351486206 0.5594337582588196 -11.53719711303711 
0.8775081634521484 -0.04397011175751686 0.4775417447090149 -1315.3270263671875 
0.0 0.0 0.0 1.0

DataSet_13
-0.3429870903491974 0.642536997795105 0.6852051019668579 78.70301055908203 
-0.45455077290534973 -0.7518906593322754 0.4775395691394806 -113.31092834472656 
0.8220362067222595 -0.14767062664031982 0.5499544739723206 -1319.1055908203125 
0.0 0.0 0.0 1.0

DataSet_14
-0.3392447829246521 0.6482293605804443 0.68169766664505 31.75775909423828 
-0.43523603677749634 -0.7506025433540344 0.49715736508369446 -142.7191162109375 
0.8339560031890869 -0.1280413419008255 0.536770761013031 -1298.8748779296875 
0.0 0.0 0.0 1.0

DataSet_15
-0.3283553421497345 0.6632037162780762 0.6725649237632751 27.845184326171875 
-0.3328064978122711 -0.7476145029067993 0.5747280716896057 -175.8860321044922 
0.8839811086654663 -0.035118937492370605 0.4662017226219177 -1291.5035400390625 
0.0 0.0 0.0 1.0

DataSet_16
-0.32106614112854004 0.6788535714149475 0.660359263420105 53.807647705078125 
-0.17424312233924866 -0.7277145385742188 0.6633783578872681 -53.01349639892578 
0.9308897852897644 0.09792527556419373 0.35193005204200745 -1286.7445068359375 
0.0 0.0 0.0 1.0

DataSet_17
-0.3165760338306427 0.6922333836555481 0.6485310196876526 84.02590942382812 
-0.03371899947524071 -0.6914757490158081 0.721612274646759 63.65546417236328 
0.9479675889015198 0.2065773457288742 0.24224607646465302 -1303.6947021484375 
0.0 0.0 0.0 1.0

DataSet_18
-0.3170699179172516 0.6892505288124084 0.6514601707458496 105.75991821289062 
-0.06442570686340332 -0.7009694576263428 0.710275411605835 -23.394485473632812 
0.9462113976478577 0.18323615193367004 0.2666618227958679 -1309.8084716796875 
0.0 0.0 0.0 1.0

DataSet_19
-0.3192792534828186 0.6821165680885315 0.6578584909439087 62.47156524658203 
-0.14731386303901672 -0.7214778065681458 0.676585853099823 -97.62507629394531 
0.9361407160758972 0.11910811811685562 0.330838143825531 -1301.954345703125 
0.0 0.0 0.0 1.0

DataSet_20
-0.3152995705604553 0.6826205849647522 0.6592535972595215 18.615646362304688 
-0.16344907879829407 -0.7233691811561584 0.670836329460144 -134.8018035888672 
0.9348104000091553 0.10376003384590149 0.3396517038345337 -1311.9605712890625 
0.0 0.0 0.0 1.0

DataSet_21
-0.3221658170223236 0.6712679862976074 0.6675391793251038 48.85186004638672 
-0.2841506600379944 -0.7411883473396301 0.6081926226615906 -240.38092041015625 
0.9030324220657349 0.00625717593356967 0.42952677607536316 -1333.6224365234375 
0.0 0.0 0.0 1.0

DataSet_22
-0.3206968605518341 0.6780105233192444 0.661404013633728 111.68035888671875 
-0.20674124360084534 -0.7315555810928345 0.6496802568435669 -177.20956420898438 
0.9243438839912415 0.0716109499335289 0.3747803270816803 -1333.320556640625 
0.0 0.0 0.0 1.0

DataSet_23
-0.3196871280670166 0.6855849027633667 0.6540439128875732 148.74945068359375 
-0.11359524726867676 -0.713019609451294 0.6918809413909912 -108.75349426269531 
0.940689206123352 0.14688915014266968 0.30582237243652344 -1342.2489013671875 
0.0 0.0 0.0 1.0

DataSet_24
-0.3110060393810272 0.7015879154205322 0.6411315202713013 87.59994506835938 
0.038404468446969986 -0.664757490158081 0.7460713982582092 23.32229995727539 
0.9496316909790039 0.2566550076007843 0.17979949712753296 -1323.253173828125 
0.0 0.0 0.0 1.0

DataSet_25
-0.3163827657699585 0.6887983679771423 0.6522719860076904 90.05793762207031 
-0.09633278101682663 -0.7073663473129272 0.7002519965171814 -109.62568664550781 
0.9437277317047119 0.1587124913930893 0.290152370929718 -1329.1646728515625 
0.0 0.0 0.0 1.0

DataSet_26
-0.3220289349555969 0.6732534766197205 0.6656028032302856 62.84037780761719 
-0.24078206717967987 -0.7381796836853027 0.6301704049110413 -190.48939514160156 
0.9155988693237305 0.042667895555496216 0.39982256293296814 -1317.6998291015625 
0.0 0.0 0.0 1.0

DataSet_27
-0.3236303925514221 0.6720757484436035 0.666016161441803 41.3154411315918 
-0.23012427985668182 -0.7386701107025146 0.6335687041282654 -131.3341522216797 
0.9177723526954651 0.051775574684143066 0.39371705055236816 -1292.9334716796875 
0.0 0.0 0.0 1.0

DataSet_28
-0.3129425346851349 0.6952478885650635 0.647068202495575 46.11869812011719 
0.007600992918014526 -0.6794328093528748 0.7336983680725098 64.30819702148438 
0.9497416615486145 0.23452377319335938 0.2073388397693634 -1304.189208984375 
0.0 0.0 0.0 1.0

DataSet_29
-0.3158556818962097 0.6930621862411499 0.6479968428611755 81.14031982421875 
0.015423893928527832 -0.6791186332702637 0.7338664531707764 162.2152557373047 
0.9486818313598633 0.2417905330657959 0.20381376147270203 -1326.9552001953125 
0.0 0.0 0.0 1.0

DataSet_30
-0.3380938768386841 0.6514908075332642 0.6791555881500244 67.53076171875 
-0.37844884395599365 -0.7548495531082153 0.5357038378715515 -75.4072036743164 
0.8616664409637451 -0.07590743899345398 0.5017659664154053 -1303.30078125 
0.0 0.0 0.0 1.0

DataSet_31
-0.3402290940284729 0.647711992263794 0.6816989183425903 139.2224578857422 
-0.4278465211391449 -0.7521905899047852 0.5011553168296814 -161.89389038085938 
0.837371826171875 -0.12115488201379776 0.5330384373664856 -1320.843017578125 
0.0 0.0 0.0 1.0

DataSet_32
-0.3515007197856903 0.6333854794502258 0.6893983483314514 137.82095336914062 
-0.5577272176742554 -0.7331234812736511 0.3891919255256653 -285.73944091796875 
0.751922607421875 -0.2476949542760849 0.6109497547149658 -1348.5401611328125 
0.0 0.0 0.0 1.0

DataSet_33
-0.328482985496521 0.6621438264846802 0.6735462546348572 107.04557800292969 
-0.3453418016433716 -0.747938871383667 0.5668567419052124 -227.1007843017578 
0.8791120648384094 -0.046400874853134155 0.47435110807418823 -1319.24658203125 
0.0 0.0 0.0 1.0

DataSet_34
-0.3281175196170807 0.6614888906478882 0.674367368221283 37.236724853515625 
-0.36831164360046387 -0.7469775080680847 0.5535080432891846 -285.31805419921875 
0.8698766827583313 -0.06676165759563446 0.48873043060302734 -1333.2840576171875 
0.0 0.0 0.0 1.0

DataSet_35
-0.32952743768692017 0.6593223214149475 0.675800085067749 104.80343627929688 
-0.3692096769809723 -0.7487687468528748 0.5504812598228455 -265.1833801269531 
0.8689625263214111 -0.0681132823228836 0.490168035030365 -1332.547119140625 
0.0 0.0 0.0 1.0

DataSet_36
-0.31760287284851074 0.6822928190231323 0.6584868431091309 62.87532043457031 
-0.1960805058479309 -0.7266899347305298 0.6583876013755798 -219.2429962158203 
0.9277288913726807 0.07998937368392944 0.3645831048488617 -1361.79296875 
0.0 0.0 0.0 1.0

DataSet_37
-0.3207276165485382 0.6780316829681396 0.6613673567771912 47.29576873779297 
-0.19477348029613495 -0.7305449843406677 0.6544977426528931 -156.55426025390625 
0.9269288182258606 0.08109867572784424 0.3663685619831085 -1312.0380859375 
0.0 0.0 0.0 1.0

DataSet_38
-0.3102465867996216 0.7032650113105774 0.6396603584289551 30.511070251464844 
0.08669495582580566 -0.6491280198097229 0.7557226419448853 101.83811950683594 
0.9466947913169861 0.28991568088531494 0.14042024314403534 -1318.1483154296875 
0.0 0.0 0.0 1.0

DataSet_39
-0.316311240196228 0.6901704668998718 0.6508548259735107 27.884246826171875 
-0.01243287418037653 -0.6890383958816528 0.7246181964874268 166.52996826171875 
0.9485740065574646 0.22111289203166962 0.22653140127658844 -1325.8079833984375 
0.0 0.0 0.0 1.0

DataSet_40
-0.32950296998023987 0.6680896282196045 0.6671462059020996 122.08079528808594 
-0.19041210412979126 -0.7391101717948914 0.646111011505127 121.56258392333984 
0.9247545599937439 0.08586278557777405 0.37075135111808777 -1367.4124755859375 
0.0 0.0 0.0 1.0

DataSet_41
-0.32975825667381287 0.6598943471908569 0.6751288175582886 -15.805335998535156 
-0.2875877022743225 -0.7513564825057983 0.5939332842826843 84.91734313964844 
0.8991956114768982 0.0016956626204773784 0.43754351139068604 -1362.976806640625 
0.0 0.0 0.0 1.0

DataSet_42
-0.3332095444202423 0.6609377264976501 0.6724081635475159 116.3717269897461 
-0.2952609658241272 -0.7504392862319946 0.591322124004364 4.479061126708984 
0.8954285383224487 -0.0015017390251159668 0.44520264863967896 -1323.0478515625 
0.0 0.0 0.0 1.0

DataSet_43
-0.3212575614452362 0.6821683049201965 0.6568408608436584 154.51315307617188 
-0.11465978622436523 -0.716524600982666 0.6880738735198975 3.342866897583008 
0.9400247931480408 0.1457357108592987 0.30840620398521423 -1320.0078125 
0.0 0.0 0.0 1.0

DataSet_44
-0.3194364011287689 0.6816567182540894 0.6582586169242859 44.87901306152344 
-0.14649945497512817 -0.7218260765075684 0.6763911247253418 -72.28804016113281 
0.936214804649353 0.11962941288948059 0.33043986558914185 -1293.330322265625 
0.0 0.0 0.0 1.0

DataSet_45
-0.3193316161632538 0.6824425458908081 0.657494843006134 115.09500122070312 
-0.1366139054298401 -0.7197259664535522 0.6806843876838684 -91.63275146484375 
0.9377440810203552 0.12754115462303162 0.32306239008903503 -1314.446533203125 
0.0 0.0 0.0 1.0

DataSet_46
-0.33697429299354553 0.64991694688797 0.6812167763710022 84.31220245361328 
-0.4130591154098511 -0.7522351741790771 0.5133463144302368 -195.88330078125 
0.8460676670074463 -0.10839829593896866 0.5219380259513855 -1300.074462890625 
0.0 0.0 0.0 1.0

DataSet_47
-0.3312613368034363 0.6612618565559387 0.6730517148971558 128.58950805664062 
-0.3060462176799774 -0.7500628232955933 0.5862947106361389 -100.18836212158203 
0.8925254344940186 -0.011768191121518612 0.45084354281425476 -1303.737060546875 
0.0 0.0 0.0 1.0

DataSet_48
-0.33215218782424927 0.6588789820671082 0.6749469041824341 36.596954345703125 
-0.3253433406352997 -0.7516883015632629 0.5736867189407349 -42.875701904296875 
0.8853397965431213 -0.029038190841674805 0.4640367925167084 -1296.2039794921875 
0.0 0.0 0.0 1.0

DataSet_49
-0.32162460684776306 0.673423171043396 0.6656266450881958 7.177986145019531 
-0.18088027834892273 -0.7337287068367004 0.6549232602119446 77.00994873046875 
0.9294298887252808 0.09024067968130112 0.35779422521591187 -1312.78125 
0.0 0.0 0.0 1.0

DataSet_50
-0.31521597504615784 0.6932029724121094 0.6481577754020691 51.62959671020508 
-0.027586491778492928 -0.6893802285194397 0.7238742113113403 38.179359436035156 
0.9486188888549805 0.21029634773731232 0.2364266961812973 -1299.8363037109375 
0.0 0.0 0.0 1.0

DataSet_51
-0.3397357165813446 0.6464161276817322 0.6831733584403992 60.521705627441406 
-0.450929194688797 -0.7493982911109924 0.48483505845069885 -227.2825927734375 
0.8253741264343262 -0.14334703981876373 0.5460852384567261 -1302.1240234375 
0.0 0.0 0.0 1.0

DataSet_52
-0.3225584328174591 0.67866051197052 0.6598302721977234 118.79181671142578 
-0.16139554977416992 -0.726315438747406 0.668144702911377 -46.27004623413086 
0.9326883554458618 0.10902201384305954 0.34381192922592163 -1301.330322265625 
0.0 0.0 0.0 1.0

DataSet_53
-0.30725789070129395 0.7124955058097839 0.630827009677887 81.1226806640625 
0.12167757749557495 -0.6280379295349121 0.7686110138893127 20.04965591430664 
0.9438151717185974 0.3129192888736725 0.10627485066652298 -1357.185791015625 
0.0 0.0 0.0 1.0

DataSet_54
-0.3187302350997925 0.6783379912376404 0.6620185375213623 68.69381713867188 
-0.2011806070804596 -0.7309468984603882 0.6521065831184387 -194.19036865234375 
0.926249086856842 0.07466080784797668 0.3694433271884918 -1336.41650390625 
0.0 0.0 0.0 1.0

DataSet_55
-0.3320840895175934 0.6577770113945007 0.6760543584823608 76.98155212402344 
-0.3411780893802643 -0.7519645094871521 0.5640451312065125 -135.3743896484375 
0.8793848156929016 -0.04334455728530884 0.47413456439971924 -1290.29541015625 
0.0 0.0 0.0 1.0

DataSet_56
-0.35091593861579895 0.633971631526947 0.6891574263572693 74.6643295288086 
-0.5458043217658997 -0.7364925742149353 0.39959517121315 -252.2867889404297 
0.7608913779258728 -0.2359207570552826 0.6044714450836182 -1322.4100341796875 
0.0 0.0 0.0 1.0

DataSet_57
-0.328865647315979 0.6667600870132446 0.668788731098175 28.554061889648438 
-0.2763073742389679 -0.745124876499176 0.606995165348053 -64.4792709350586 
0.9030513167381287 0.014828592538833618 0.429276704788208 -1284.1224365234375 
0.0 0.0 0.0 1.0

DataSet_58
-0.3243449032306671 0.6739960312843323 0.6637240648269653 28.936279296875 
-0.17289113998413086 -0.7320760488510132 0.6589183211326599 54.3237190246582 
0.9300048351287842 0.09896478056907654 0.35397306084632874 -1299.8717041015625 
0.0 0.0 0.0 1.0

DataSet_59
-0.3245712220668793 0.6758832335472107 0.6616913080215454 134.94320678710938 
-0.16521425545215607 -0.7293214797973633 0.663923442363739 -2.117955207824707 
0.9313204288482666 0.10616961866617203 0.3483823239803314 -1308.3568115234375 
0.0 0.0 0.0 1.0

DataSet_60
-0.3383479416370392 0.6491900682449341 0.6812289953231812 85.59203338623047 
-0.44823169708251953 -0.7477086186408997 0.48991858959198 -249.88465881347656 
0.8274110555648804 -0.1395854502916336 0.5439732074737549 -1310.9779052734375 
0.0 0.0 0.0 1.0

DataSet_61
-0.3266064524650574 0.6633826494216919 0.6732397079467773 35.30522918701172 
-0.3495616912841797 -0.7465771436691284 0.5660646557807922 -264.1947021484375 
0.8781428337097168 -0.05045846104621887 0.4757300615310669 -1325.4757080078125 
0.0 0.0 0.0 1.0

DataSet_62
-0.3234795928001404 0.6666437387466431 0.6715258955955505 37.090972900390625 
-0.33690139651298523 -0.7443177700042725 0.5766181349754333 -295.1835021972656 
0.8842275738716125 -0.03971382603049278 0.46536481380462646 -1355.447265625 
0.0 0.0 0.0 1.0

DataSet_63
-0.3226190507411957 0.6744785904884338 0.6640750169754028 112.5688705444336 
-0.21807263791561127 -0.7356808185577393 0.6412628293037415 -162.41091918945312 
0.9210653305053711 0.06206703186035156 0.3844299912452698 -1320.6810302734375 
0.0 0.0 0.0 1.0

DataSet_64
-0.3204421103000641 0.681211531162262 0.6582307815551758 106.30940246582031 
-0.1241559088230133 -0.7190815806388855 0.6837448477745056 -51.815101623535156 
0.9390964508056641 0.13737741112709045 0.31500044465065 -1302.9156494140625 
0.0 0.0 0.0 1.0

DataSet_66
-0.32060736417770386 0.6813790202140808 0.6579769253730774 48.825965881347656 
-0.11512622237205505 -0.7175270318984985 0.6869505047798157 120.51884460449219 
0.9401898980140686 0.1444910168647766 0.30848902463912964 -1319.3280029296875 
0.0 0.0 0.0 1.0

DataSet_67
-0.3236100673675537 0.6751667857170105 0.6628923416137695 38.90819549560547 
-0.14765146374702454 -0.7280422449111938 0.6694426536560059 135.34371948242188 
0.9345991015434265 0.1187613308429718 0.33529117703437805 -1338.41455078125 
0.0 0.0 0.0 1.0

DataSet_68
-0.31582945585250854 0.6936126351356506 0.6474204659461975 113.70155334472656 
-0.014793931506574154 -0.6858626008033752 0.7275806665420532 59.99834442138672 
0.9487006664276123 0.22021351754665375 0.2268768846988678 -1313.7347412109375 
0.0 0.0 0.0 1.0

DataSet_69
-0.32293060421943665 0.6761175394058228 0.6622543931007385 61.739280700683594 
-0.2028738558292389 -0.7329317331314087 0.6493483185768127 -106.62452697753906 
0.9244230389595032 0.07534032315015793 0.3738526701927185 -1292.669189453125 
0.0 0.0 0.0 1.0

DataSet_70
-0.31864625215530396 0.686530590057373 0.6535597443580627 134.241455078125 
-0.08883094787597656 -0.708095133304596 0.7005072236061096 -17.832881927490234 
0.9437021017074585 0.16515767574310303 0.2866169810295105 -1314.1307373046875 
0.0 0.0 0.0 1.0

DataSet_71
-0.3162785470485687 0.6874459385871887 0.6537476181983948 73.08248138427734 
-0.11102888733148575 -0.7112104296684265 0.6941558122634888 -118.04220581054688 
0.9421467185020447 0.14696170389652252 0.30126696825027466 -1324.79931640625 
0.0 0.0 0.0 1.0

DataSet_72
-0.3277258574962616 0.6605918407440186 0.6754363179206848 56.061546325683594 
-0.35456350445747375 -0.7486610412597656 0.5601708889007568 -258.55157470703125 
0.8757171034812927 -0.055902570486068726 0.47957736253738403 -1321.710693359375 
0.0 0.0 0.0 1.0

DataSet_73
-0.34752804040908813 0.6380292177200317 0.6871266961097717 46.58280944824219 
-0.531923770904541 -0.7376265525817871 0.4158896803855896 -295.97149658203125 
0.772192656993866 -0.2209656834602356 0.5957287549972534 -1319.6893310546875 
0.0 0.0 0.0 1.0

DataSet_74
-0.3220674395561218 0.6777321696281433 0.6610231995582581 59.201744079589844 
-0.1692168414592743 -0.7281935214996338 0.664153516292572 -34.391937255859375 
0.9314709901809692 0.1020459532737732 0.3492111265659332 -1286.385498046875 
0.0 0.0 0.0 1.0

DataSet_75
-0.3214794397354126 0.6795530319213867 0.6594380736351013 107.00848388671875 
-0.1662186086177826 -0.7260904908180237 0.6672060489654541 -114.40939331054688 
0.9322136640548706 0.1048821285367012 0.34637752175331116 -1311.9656982421875 
0.0 0.0 0.0 1.0

DataSet_76
-0.32142409682273865 0.6758498549461365 0.663259744644165 42.85433578491211 
-0.22532540559768677 -0.7348973155021667 0.6396517753601074 -173.8730010986328 
0.9197363257408142 0.05615019425749779 0.3884998559951782 -1311.7275390625 
0.0 0.0 0.0 1.0

DataSet_77
-0.31036415696144104 0.7007834911346436 0.6423211693763733 56.81580352783203 
0.02760210447013378 -0.6687600016593933 0.742965817451477 31.463680267333984 
0.9502168893814087 0.2483193725347519 0.18821603059768677 -1313.717529296875 
0.0 0.0 0.0 1.0

DataSet_78
-0.30174997448921204 0.7115247845649719 0.6345702409744263 12.820037841796875 
0.12113877385854721 -0.6315866112709045 0.7657831311225891 104.46659851074219 
0.9456597566604614 0.3079460859298706 0.10438799113035202 -1328.141357421875 
0.0 0.0 0.0 1.0

DataSet_79
-0.325129896402359 0.6690398454666138 0.668338418006897 87.52104187011719 
-0.25722524523735046 -0.7426559925079346 0.6183018684387207 -153.5941619873047 
0.9100141525268555 0.02911490388214588 0.4135536551475525 -1301.0050048828125 
0.0 0.0 0.0 1.0

DataSet_80
-0.31485092639923096 0.6959562301635742 0.645378828048706 104.62297821044922 
-0.015505939722061157 -0.6836416721343994 0.7296530604362488 -22.684452056884766 
0.94901442527771 0.21972471475601196 0.2260366678237915 -1323.364013671875 
0.0 0.0 0.0 1.0

DataSet_81
-0.32559284567832947 0.6703872084617615 0.6667609810829163 163.2762451171875 
-0.23653161525726318 -0.7405149936676025 0.6290391683578491 -149.70489501953125 
0.9154463410377502 0.04710057005286217 0.3996741771697998 -1334.4901123046875 
0.0 0.0 0.0 1.0

DataSet_82
-0.3217449486255646 0.6769582629203796 0.6619725823402405 77.90280151367188 
-0.18434080481529236 -0.7305573225021362 0.6574986577033997 -114.61237335205078 
0.9287080764770508 0.08951827883720398 0.3598441481590271 -1300.7884521484375 
0.0 0.0 0.0 1.0

DataSet_83
-0.3270200788974762 0.6702682375907898 0.6661819219589233 107.18999481201172 
-0.20423179864883423 -0.7384087443351746 0.6426833271980286 -6.347969055175781 
0.9226848483085632 0.07411479949951172 0.37836456298828125 -1299.0118408203125 
0.0 0.0 0.0 1.0

DataSet_84
-0.33153608441352844 0.6620545983314514 0.6721365451812744 117.36105346679688 
-0.2602178752422333 -0.7489644885063171 0.6093758344650269 20.89584732055664 
0.9068464636802673 0.027128130197525024 0.4205871820449829 -1321.995361328125 
0.0 0.0 0.0 1.0

DataSet_85
-0.3338082730770111 0.6560009121894836 0.6769304275512695 19.093170166015625 
-0.33671683073043823 -0.753723680973053 0.5643779039382935 -30.17036247253418 
0.8804509043693542 -0.039539843797683716 0.47248575091362 -1304.0706787109375 
0.0 0.0 0.0 1.0

DataSet_86
-0.32578352093696594 0.6714563965797424 0.6655910015106201 75.40238952636719 
-0.21896827220916748 -0.73844313621521 0.6377732157707214 -28.079458236694336 
0.9197379946708679 0.06203269958496094 0.38760024309158325 -1288.6373291015625 
0.0 0.0 0.0 1.0

DataSet_87
-0.3261246383190155 0.6690309643745422 0.6678624749183655 128.74002075195312 
-0.275653600692749 -0.7430878281593323 0.6097831726074219 -173.00743103027344 
0.9042443037033081 0.014766632579267025 0.4267600476741791 -1318.2113037109375 
0.0 0.0 0.0 1.0

DataSet_88
-0.3216487765312195 0.6781473159790039 0.6608012914657593 46.035709381103516 
-0.1900515854358673 -0.7299238443374634 0.6565756797790527 -100.91481018066406 
0.9275895953178406 0.08560037612915039 0.36366209387779236 -1292.23095703125 
0.0 0.0 0.0 1.0

DataSet_89
-0.3344305455684662 0.6528498530387878 0.6796640753746033 85.62686157226562 
-0.41394174098968506 -0.7496559619903564 0.5163992643356323 -260.1680603027344 
0.8466453552246094 -0.10864167660474777 0.52094966173172 -1316.092041015625 
0.0 0.0 0.0 1.0

DataSet_90
-0.3306253254413605 0.6595464944839478 0.6750447154045105 118.63378143310547 
-0.35533493757247925 -0.7496303915977478 0.5583827495574951 -215.6614227294922 
0.874313473701477 -0.055251479148864746 0.48220667243003845 -1316.8521728515625 
0.0 0.0 0.0 1.0

DataSet_91
-0.3158136308193207 0.6865862607955933 0.6548748016357422 52.06278991699219 
-0.12738990783691406 -0.7146318554878235 0.6878030896186829 -122.75761413574219 
0.9402305483818054 0.1337931752204895 0.3131546378135681 -1318.73388671875 
0.0 0.0 0.0 1.0

DataSet_92
-0.3203645646572113 0.6724988222122192 0.667167067527771 15.504005432128906 
-0.2737490236759186 -0.7399619221687317 0.6144248247146606 -229.3905029296875 
0.9068781733512878 0.01420360803604126 0.4211534559726715 -1329.833984375 
0.0 0.0 0.0 1.0

DataSet_93
-0.31751713156700134 0.6826241612434387 0.6581847667694092 23.116348266601562 
-0.13111811876296997 -0.7190409302711487 0.6824868321418762 -67.14273071289062 
0.939143717288971 0.13040131330490112 0.3178122043609619 -1294.82666015625 
0.0 0.0 0.0 1.0

DataSet_94
-0.3161701261997223 0.6890166401863098 0.6521444916725159 25.171630859375 
-0.044124335050582886 -0.6973428130149841 0.7153782248497009 75.55889892578125 
0.9476758241653442 0.19740578532218933 0.2508813440799713 -1298.959716796875 
0.0 0.0 0.0 1.0

DataSet_95
-0.32332557439804077 0.6772098541259766 0.6609443426132202 106.63306427001953 
-0.1444651484489441 -0.725597620010376 0.6727837324142456 -18.53263282775879 
0.9351953864097595 0.12204476445913315 0.3324374854564667 -1297.064453125 
0.0 0.0 0.0 1.0

DataSet_96
-0.3304048776626587 0.6577942371368408 0.676859974861145 56.51654052734375 
-0.37795841693878174 -0.7493359446525574 0.5437306761741638 -246.31126403808594 
0.8648583889007568 -0.07617363333702087 0.49620309472084045 -1310.380126953125 
0.0 0.0 0.0 1.0

DataSet_97
-0.3278196156024933 0.6652300953865051 0.6708227396011353 129.39202880859375 
-0.3023671507835388 -0.7465892434120178 0.5926032662391663 -181.97235107421875 
0.895046591758728 -0.008567780256271362 0.445890337228775 -1316.931884765625 
0.0 0.0 0.0 1.0

DataSet_98
-0.3379560112953186 0.6506112813949585 0.6800666451454163 118.97727966308594 
-0.39365920424461365 -0.7540556192398071 0.525768518447876 -121.06018829345703 
0.8548790216445923 -0.09002786874771118 0.5109567642211914 -1310.0546875 
0.0 0.0 0.0 1.0

DataSet_99
-0.32551810145378113 0.6720954179763794 0.6650756597518921 22.816871643066406 
-0.18549081683158875 -0.7351086735725403 0.6520800590515137 59.3911247253418 
0.9271629452705383 0.0888984203338623 0.3639587163925171 -1304.2862548828125 
0.0 0.0 0.0 1.0

DataSet_100
-0.31781095266342163 0.6899282932281494 0.6503807306289673 76.65426635742188 
-0.006448805332183838 -0.6875011324882507 0.726154625415802 193.445556640625 
0.9481321573257446 0.2265857309103012 0.22294461727142334 -1344.5443115234375 
0.0 0.0 0.0 1.0

DataSet_101
-0.32739561796188354 0.6704773902893066 0.665786862373352 79.82209777832031 
-0.23284471035003662 -0.7401394248008728 0.6308541297912598 -56.49464797973633 
0.9157485365867615 0.0515139140188694 0.3984355628490448 -1287.4669189453125 
0.0 0.0 0.0 1.0

