DataSet: 1
4.658203125 0.966796875 2.373046875 3.955078125 1.25933029595642 2.197265625 -95.537109375
688.537 365.570 -79.794 783.640
-0.2606707 -0.04146039 0.9645371 688.5373 -0.0255737 0.9990234 0.03603137 365.5699 -0.965089 -0.01527447 -0.2614764 -79.7943 0 0 0 1
DataSet: 2
24.78515625 -19.51171875 7.119140625 3.955078125 1.25933029595642 2.197265625 -95.537109375
664.601 386.532 -162.815 785.882
-0.2547441 -0.0413659 0.9661233 664.6012 -0.0255737 0.9990234 0.03603137 386.5319 -0.9666703 -0.01552857 -0.2555532 -162.8152 0 0 0 1
DataSet: 3
18.80859375 -11.162109375 -15.29296875 3.955078125 1.25933029595642 2.197265625 -95.537109375
664.757 288.059 -155.211 740.925
-0.2945512 -0.04197339 0.9547135 664.7566 -0.0255737 0.9990234 0.03603137 288.0592 -0.9552934 -0.01380248 -0.295337 -155.2111 0 0 0 1
DataSet: 4
10.546875 -7.119140625 -2.8125 3.955078125 1.25933029595642 2.197265625 -95.537109375
686.945 342.590 -88.918 772.767
-0.2234774 -0.04084429 0.973853 686.9455 -0.0255737 0.9990234 0.03603137 342.5897 -0.9743736 -0.01685283 -0.2243037 -88.91757 0 0 0 1
DataSet: 5
7.20703125 -7.03125 13.18359375 3.955078125 1.25933029595642 2.197265625 -95.537109375
684.544 412.983 -49.400 800.997
-0.1678444 -0.03982251 0.9850088 684.5441 -0.0255737 0.9990234 0.03603137 412.9832 -0.9854817 -0.01914266 -0.1686989 -49.40004 0 0 0 1
DataSet: 6
1.23046875 -6.943359375 5.09765625 3.955078125 1.14484771336488 2.197265625 -95.537109375
691.648 377.637 22.757 788.356
-0.06585085 -0.03770965 0.9971167 691.6484 -0.02358552 0.9990653 0.03622572 377.6366 -0.9975507 -0.02113202 -0.0666787 22.75706 0 0 0 1
DataSet: 7
-13.271484375 5.888671875 8.96484375 3.955078125 1.25933029595642 2.197265625 -95.537109375
681.877 394.633 98.287 793.947
-0.03675568 -0.03695846 0.9986406 681.8771 -0.0255737 0.9990234 0.03603137 394.6333 -0.998997 -0.02421458 -0.03766495 98.28675 0 0 0 1
DataSet: 8
-17.314453125 1.93359375 0.263671875 3.955078125 1.25933029595642 2.197265625 -95.537109375
670.349 356.222 176.483 779.364
0.1026016 -0.03322976 0.9941673 670.3495 -0.0255737 0.9990234 0.03603137 356.2218 -0.9943937 -0.02912142 0.1016516 176.4833 0 0 0 1
DataSet: 9
-20.126953125 5.009765625 -6.50390625 3.955078125 1.25933029595642 2.197265625 -95.537109375
665.232 326.282 185.895 763.905
0.09802442 -0.03336342 0.9946246 665.2324 -0.0255737 0.9990234 0.03603137 326.2821 -0.9948553 -0.02896819 0.09707546 185.895 0 0 0 1
DataSet: 10
-8.0859375 -0.615234375 -0.087890625 3.955078125 1.25933029595642 2.197265625 -95.537109375
688.167 354.663 86.164 778.964
-0.01376135 -0.03639156 0.9992428 688.1674 -0.0255737 0.9990234 0.03603137 354.6633 -0.9995782 -0.0250585 -0.01467858 86.16364 0 0 0 1
DataSet: 11
-8.173828125 13.271484375 5.44921875 3.955078125 1.25933029595642 2.197265625 -95.537109375
686.396 379.174 -18.961 784.392
-0.2517772 -0.04131806 0.9669028 686.3957 -0.0255737 0.9990234 0.03603137 379.1736 -0.9674473 -0.01565541 -0.2525879 -18.96144 0 0 0 1
DataSet: 12
-18.544921875 35.5078125 -3.076171875 3.955078125 1.25933029595642 2.197265625 -95.537109375
655.917 341.422 -62.777 742.117
-0.4453149 -0.04365417 0.8943092 655.9172 -0.0255737 0.9990234 0.03603137 341.4224 -0.8950087 -0.006825492 -0.4459964 -62.77714 0 0 0 1
DataSet: 13
-9.84375 35.419921875 6.240234375 3.955078125 1.25933029595642 2.197265625 -95.537109375
638.157 382.662 -160.194 761.142
-0.5743331 -0.04418404 0.8174285 638.1573 -0.0255737 0.9990234 0.03603137 382.662 -0.8182222 -0.000210666 -0.5749022 -160.1944 0 0 0 1
DataSet: 14
2.900390625 23.642578125 -5.09765625 3.955078125 1.25933029595642 2.197265625 -95.537109375
638.528 332.484 -223.211 753.715
-0.5880572 -0.04418131 0.8076118 638.5282 -0.0255737 0.9990234 0.03603137 332.4841 -0.8084149 0.0005348808 -0.5886128 -223.2106 0 0 0 1
DataSet: 15
24.697265625 -5.712890625 -6.328125 3.955078125 1.25933029595642 2.197265625 -95.537109375
639.433 327.056 -263.857 765.154
-0.4766085 -0.04386777 0.8780205 639.4327 -0.0255737 0.9990234 0.03603137 327.0565 -0.8787436 -0.005281377 -0.4772649 -263.8574 0 0 0 1
DataSet: 16
17.138671875 -8.173828125 -1.0546875 3.955078125 1.25933029595642 2.197265625 -95.537109375
674.083 350.378 -159.308 776.229
-0.3164524 -0.04227984 0.9476658 674.0835 -0.0255737 0.9990234 0.03603137 350.3776 -0.9482636 -0.01283311 -0.3172245 -159.3077 0 0 0 1
DataSet: 17
7.998046875 -8.173828125 5.888671875 3.955078125 1.25933029595642 2.197265625 -95.537109375
689.534 381.112 -50.205 789.445
-0.1617944 -0.0397043 0.9860254 689.5336 -0.0255737 0.9990234 0.03603137 381.1123 -0.9864931 -0.01938665 -0.1626518 -50.20503 0 0 0 1
DataSet: 18
23.291015625 -21.62109375 11.25 3.955078125 1.14484771336488 2.197265625 -95.537109375
667.130 404.621 -128.586 790.769
-0.1934883 -0.04011245 0.9802822 667.1303 -0.02358552 0.9990653 0.03622572 404.6207 -0.980819 -0.01611122 -0.1942535 -128.586 0 0 0 1
DataSet: 19
30.146484375 -23.818359375 1.40625 3.955078125 1.25933029595642 2.197265625 -95.537109375
654.403 361.286 -192.082 771.794
-0.2724942 -0.04164471 0.9612558 654.403 -0.0255737 0.9990234 0.03603137 361.2864 -0.9618175 -0.01476453 -0.273293 -192.0824 0 0 0 1
DataSet: 20
37.08984375 -30.234375 -8.26171875 3.955078125 1.25933029595642 2.197265625 -95.537109375
634.218 318.554 -221.393 743.454
-0.281335 -0.04177884 0.9586997 634.218 -0.0255737 0.9990234 0.03603137 318.5544 -0.9592688 -0.01438062 -0.2821286 -221.3925 0 0 0 1
DataSet: 21
48.779296875 -32.6953125 -0.439453125 3.955078125 1.25933029595642 2.197265625 -95.537109375
584.980 353.105 -328.329 758.080
-0.4315338 -0.04354433 0.9010452 584.9802 -0.0255737 0.9990234 0.03603137 353.1048 -0.9017342 -0.00749431 -0.432226 -328.3293 0 0 0 1
DataSet: 22
42.01171875 -31.81640625 13.798828125 3.955078125 1.25933029595642 2.197265625 -95.537109375
611.001 415.635 -262.409 784.177
-0.3367425 -0.04254567 0.9406351 611.0009 -0.0255737 0.9990234 0.03603137 415.6354 -0.9412494 -0.01192223 -0.3375016 -262.4091 0 0 0 1
DataSet: 23
35.595703125 -31.81640625 22.67578125 3.955078125 1.14484771336488 2.197265625 -95.537109375
624.316 452.989 -190.974 794.633
-0.2294584 -0.04067828 0.9724681 624.3163 -0.02358552 0.9990653 0.03622572 452.9889 -0.9730327 -0.01462387 -0.2302034 -190.9743 0 0 0 1
DataSet: 24
25.6640625 -30.849609375 7.20703125 3.955078125 1.25933029595642 2.197265625 -95.537109375
665.908 386.918 -86.624 775.012
-0.07503033 -0.03785968 0.9964623 665.908 -0.0255737 0.9990234 0.03603137 386.9185 -0.9968533 -0.02277979 -0.07592526 -86.62396 0 0 0 1
DataSet: 25
39.814453125 -36.9140625 8.349609375 3.955078125 1.25933029595642 2.197265625 -95.537109375
630.328 391.937 -200.916 768.958
-0.2145 -0.04068745 0.9758762 630.3284 -0.0255737 0.9990234 0.03603137 391.937 -0.9763891 -0.01722804 -0.2153311 -200.9158 0 0 0 1
DataSet: 26
40.60546875 -28.388671875 2.109375 3.955078125 1.25933029595642 2.197265625 -95.537109375
618.590 364.402 -274.079 768.480
-0.3697348 -0.04293974 0.9281446 618.5899 -0.0255737 0.9990234 0.03603137 364.4019 -0.9287853 -0.01041405 -0.3704718 -274.0792 0 0 0 1
DataSet: 27
27.59765625 -15.556640625 -3.515625 3.955078125 1.25933029595642 2.197265625 -95.537109375
650.884 339.477 -225.062 767.820
-0.3668835 -0.04290759 0.9292768 650.8838 -0.0255737 0.9990234 0.03603137 339.4774 -0.9299153 -0.01054573 -0.3676226 -225.0616 0 0 0 1
DataSet: 28
12.83203125 -15.64453125 -2.8125 3.955078125 1.25933029595642 2.197265625 -95.537109375
686.914 342.590 -51.059 769.302
-0.1162413 -0.03877042 0.992464 686.9139 -0.0255737 0.9990234 0.03603137 342.5897 -0.9928917 -0.02119265 -0.1171193 -51.05934 0 0 0 1
DataSet: 29
-12.041015625 5.80078125 5.625 3.955078125 1.25933029595642 2.197265625 -95.537109375
685.652 379.949 84.494 788.428
-0.05666881 -0.03743396 0.997691 685.6516 -0.0255737 0.9990234 0.03603137 379.9493 -0.9980655 -0.0234728 -0.05757079 84.49361 0 0 0 1
DataSet: 30
-7.20703125 27.685546875 2.98828125 3.955078125 1.25933029595642 2.197265625 -95.537109375
657.534 368.294 -136.887 765.983
-0.4993595 -0.04399056 0.8652773 657.5344 -0.0255737 0.9990234 0.03603137 368.2944 -0.8660173 -0.004135742 -0.4999968 -136.8875 0 0 0 1
DataSet: 31
8.26171875 17.841796875 20.390625 3.955078125 1.25933029595642 2.197265625 -95.537109375
624.429 443.551 -237.338 801.860
-0.5818395 -0.04418411 0.8121026 624.4293 -0.0255737 0.9990234 0.03603137 443.5513 -0.8129014 0.000196002 -0.5824012 -237.338 0 0 0 1
DataSet: 32
18.45703125 17.490234375 21.26953125 3.955078125 1.14484771336488 2.197265625 -95.537109375
573.505 447.208 -340.720 803.114
-0.7122801 -0.04221959 0.7006244 573.5051 -0.02358552 0.9990653 0.03622572 447.2078 -0.7014989 0.009278269 -0.7126101 -340.7197 0 0 0 1
DataSet: 33
33.92578125 -15.1171875 12.65625 3.955078125 1.25933029595642 2.197265625 -95.537109375
615.531 410.705 -296.747 797.255
-0.4739104 -0.04385136 0.8794805 615.5308 -0.0255737 0.9990234 0.03603137 410.7046 -0.8802016 -0.005415936 -0.474569 -296.7469 0 0 0 1
DataSet: 34
47.28515625 -25.3125 -2.900390625 3.955078125 1.25933029595642 2.197265625 -95.537109375
573.323 342.201 -365.901 761.370
-0.5217709 -0.04408344 0.8519459 573.3226 -0.0255737 0.9990234 0.03603137 342.2006 -0.8527023 -0.002987294 -0.5223887 -365.9012 0 0 0 1
DataSet: 35
40.4296875 -19.423828125 12.568359375 3.955078125 1.25933029595642 2.197265625 -95.537109375
591.957 410.324 -335.143 794.418
-0.507309 -0.04402676 0.8606389 591.9565 -0.0255737 0.9990234 0.03603137 410.3244 -0.8613847 -0.003730688 -0.5079395 -335.143 0 0 0 1
DataSet: 36
58.974609375 -47.4609375 3.33984375 3.955078125 1.14484771336488 2.197265625 -95.537109375
557.905 369.865 -320.458 742.126
-0.3583224 -0.0422763 0.9326402 557.9047 -0.02358552 0.9990653 0.03622572 369.8654 -0.9333 -0.009016319 -0.3589846 -320.4583 0 0 0 1
DataSet: 37
38.056640625 -29.00390625 -1.7578125 3.955078125 1.25933029595642 2.197265625 -95.537109375
631.157 347.262 -241.683 759.842
-0.3179066 -0.04229948 0.947178 631.157 -0.0255737 0.9990234 0.03603137 347.2615 -0.9477771 -0.01276824 -0.3186779 -241.683 0 0 0 1
DataSet: 38
13.623046875 -21.533203125 -6.240234375 3.955078125 1.25933029595642 2.197265625 -95.537109375
682.711 327.444 -15.630 757.336
-0.0275596 -0.03673403 0.998945 682.711 -0.0255737 0.9990234 0.03603137 327.4438 -0.999293 -0.02455371 -0.02847211 -15.62954 0 0 0 1
DataSet: 39
-16.787109375 12.3046875 -6.50390625 3.955078125 1.25933029595642 2.197265625 -95.537109375
680.766 326.282 91.406 760.432
-0.0872576 -0.03813637 0.9954556 680.766 -0.0255737 0.9990234 0.03603137 326.2821 -0.9958575 -0.02231348 -0.08814767 91.40632 0 0 0 1
DataSet: 40
-30.146484375 39.814453125 16.69921875 3.955078125 1.25933029595642 2.197265625 -95.537109375
639.421 428.039 39.609 770.484
-0.3280652 -0.04243414 0.9437016 639.4211 -0.0255737 0.9990234 0.03603137 428.0392 -0.9443089 -0.01231331 -0.32883 39.60899 0 0 0 1
DataSet: 41
-32.6953125 49.74609375 -14.94140625 3.955078125 1.25933029595642 2.197265625 -95.537109375
620.780 289.564 -4.584 685.008
-0.4466873 -0.04366459 0.893624 620.7802 -0.0255737 0.9990234 0.03603137 289.5638 -0.8943245 -0.00675852 -0.4473678 -4.583616 0 0 0 1
DataSet: 42
-15.99609375 29.794921875 14.4140625 3.955078125 1.25933029595642 2.197265625 -95.537109375
659.153 418.281 -48.616 782.180
-0.3952359 -0.04321089 0.9175628 659.1534 -0.0255737 0.9990234 0.03603137 418.2805 -0.9182236 -0.00922459 -0.3959549 -48.61565 0 0 0 1
DataSet: 43
10.283203125 -5.09765625 23.203125 3.955078125 1.25933029595642 2.197265625 -95.537109375
665.493 455.127 -99.331 812.335
-0.2532609 -0.04134202 0.9665142 665.4933 -0.0255737 0.9990234 0.03603137 455.1269 -0.9670599 -0.01559201 -0.2540709 -99.33089 0 0 0 1
DataSet: 44
24.873046875 -18.10546875 -2.900390625 3.955078125 1.25933029595642 2.197265625 -95.537109375
664.443 342.201 -174.658 767.522
-0.2798631 -0.04175673 0.9591314 664.4426 -0.0255737 0.9990234 0.03603137 342.2006 -0.9596992 -0.01444469 -0.2806577 -174.6584 0 0 0 1
DataSet: 45
29.53125 -23.90625 13.798828125 3.955078125 1.25933029595642 2.197265625 -95.537109375
649.300 415.635 -183.666 792.513
-0.2606707 -0.04146039 0.9645371 649.2998 -0.0255737 0.9990234 0.03603137 415.6354 -0.965089 -0.01527447 -0.2614764 -183.6656 0 0 0 1
DataSet: 46
17.75390625 7.20703125 6.943359375 3.955078125 1.25933029595642 2.197265625 -95.537109375
631.640 385.758 -276.743 790.168
-0.5655142 -0.04417923 0.8235544 631.6397 -0.0255737 0.9990234 0.03603137 385.7585 -0.824342 -0.000685087 -0.5660917 -276.7429 0 0 0 1
DataSet: 47
10.37109375 7.20703125 16.962890625 3.955078125 1.14484771336488 2.197265625 -95.537109375
653.466 429.173 -189.849 804.518
-0.4549176 -0.04299226 0.8894952 653.4659 -0.02358552 0.9990653 0.03622572 429.1729 -0.8902212 -0.00449949 -0.4555064 -189.8494 0 0 0 1
DataSet: 48
-6.943359375 23.642578125 -4.482421875 3.955078125 1.25933029595642 2.197265625 -95.537109375
667.506 335.202 -110.826 755.121
-0.4411915 -0.0436223 0.8963522 667.5062 -0.0255737 0.9990234 0.03603137 335.202 -0.8970485 -0.007026313 -0.4418762 -110.8259 0 0 0 1
DataSet: 49
-17.490234375 23.73046875 -11.25 3.955078125 1.25933029595642 2.197265625 -95.537109375
672.338 305.500 13.007 738.605
-0.2710184 -0.04162202 0.9616739 672.338 -0.0255737 0.9990234 0.03603137 305.5 -0.9622344 -0.0148284 -0.2718182 13.00671 0 0 0 1
DataSet: 50
14.765625 -15.46875 -1.58203125 3.955078125 1.25933029595642 2.197265625 -95.537109375
684.978 348.040 -75.552 772.033
-0.1527082 -0.03952419 0.9874806 684.978 -0.0255737 0.9990234 0.03603137 348.0404 -0.9879404 -0.01975125 -0.1535698 -75.55235 0 0 0 1
DataSet: 51
19.775390625 7.998046875 1.7578125 3.955078125 1.25933029595642 2.197265625 -95.537109375
620.051 362.844 -304.923 780.447
-0.6052815 -0.04415963 0.7947856 620.0514 -0.0255737 0.9990234 0.03603137 362.8443 -0.7956005 0.00148351 -0.6058198 -304.9234 0 0 0 1
DataSet: 52
16.5234375 -8.26171875 14.23828125 3.955078125 1.25933029595642 2.197265625 -95.537109375
668.198 417.525 -150.282 802.123
-0.3047919 -0.04211918 0.9514872 668.1982 -0.0255737 0.9990234 0.03603137 417.5255 -0.9520756 -0.01335099 -0.3055713 -150.2823 0 0 0 1
DataSet: 53
36.2109375 -48.076171875 6.591796875 3.955078125 1.14484771336488 2.197265625 -95.537109375
636.442 384.226 -75.233 747.226
0.04143835 -0.03522769 0.9985198 636.4417 -0.02358552 0.9990653 0.03622572 384.2257 -0.9988626 -0.02505175 0.04056875 -75.23254 0 0 0 1
DataSet: 54
48.603515625 -37.96875 3.8671875 3.955078125 1.25933029595642 2.197265625 -95.537109375
596.154 372.184 -287.432 759.300
-0.3439518 -0.04263586 0.9380189 596.1535 -0.0255737 0.9990234 0.03603137 372.1837 -0.938639 -0.01159556 -0.3447062 -287.432 0 0 0 1
DataSet: 55
13.798828125 6.240234375 4.833984375 3.955078125 1.14484771336488 2.197265625 -95.537109375
653.257 376.472 -225.381 786.939
-0.4927226 -0.04314581 0.8691162 653.2571 -0.02358552 0.9990653 0.03622572 376.4721 -0.8698668 -0.002649328 -0.4932796 -225.3807 0 0 0 1
DataSet: 56
11.77734375 23.466796875 5.712890625 3.955078125 1.25933029595642 2.197265625 -95.537109375
597.044 380.337 -317.854 775.982
-0.703587 -0.04359189 0.7092708 597.044 -0.0255737 0.9990234 0.03603137 380.337 -0.7101488 0.007212519 -0.7040147 -317.8537 0 0 0 1
DataSet: 57
7.03125 8.525390625 -6.6796875 3.955078125 1.25933029595642 2.197265625 -95.537109375
669.286 325.508 -164.059 762.112
-0.4232162 -0.04347352 0.9049851 669.2858 -0.0255737 0.9990234 0.03603137 325.508 -0.9056677 -0.007894764 -0.4239147 -164.059 0 0 0 1
DataSet: 58
-10.283203125 16.611328125 -6.50390625 3.955078125 1.25933029595642 2.197265625 -95.537109375
683.129 326.282 -19.006 757.289
-0.2724942 -0.04164471 0.9612558 683.1293 -0.0255737 0.9990234 0.03603137 326.2821 -0.9618175 -0.01476453 -0.273293 -19.0062 0 0 0 1
DataSet: 59
5.537109375 3.076171875 18.193359375 3.955078125 1.14484771336488 2.197265625 -95.537109375
672.330 434.373 -103.730 807.135
-0.3106386 -0.04176592 0.9496101 672.3297 -0.02358552 0.9990653 0.03622572 434.3729 -0.9502354 -0.01114394 -0.3113334 -103.7301 0 0 0 1
DataSet: 60
25.400390625 1.845703125 7.734375 3.955078125 1.25933029595642 2.197265625 -95.537109375
610.528 389.236 -323.418 793.000
-0.5979334 -0.04417142 0.8003278 610.5284 -0.0255737 0.9990234 0.03603137 389.2364 -0.8011377 0.001077013 -0.5984791 -323.4183 0 0 0 1
DataSet: 61
44.208984375 -24.08203125 -3.603515625 3.955078125 1.25933029595642 2.197265625 -95.537109375
588.489 339.089 -343.316 761.030
-0.4940363 -0.04396436 0.868329 588.4893 -0.0255737 0.9990234 0.03603137 339.0886 -0.869065 -0.004405585 -0.4946782 -343.316 0 0 0 1
DataSet: 62
57.216796875 -36.298828125 -2.373046875 3.955078125 1.14484771336488 2.197265625 -95.537109375
542.184 344.551 -384.805 748.834
-0.5060077 -0.04318137 0.8614474 542.1838 -0.02358552 0.9990653 0.03622572 344.5508 -0.8622065 -0.001987193 -0.5065532 -384.8046 0 0 0 1
DataSet: 63
35.595703125 -25.048828125 13.53515625 3.955078125 1.25933029595642 2.197265625 -95.537109375
628.512 414.500 -242.895 791.097
-0.3425115 -0.04261803 0.9385465 628.5121 -0.0255737 0.9990234 0.03603137 414.4996 -0.9391655 -0.01166095 -0.3432669 -242.8949 0 0 0 1
DataSet: 64
22.1484375 -16.435546875 11.25 3.955078125 1.25933029595642 2.197265625 -95.537109375
665.903 404.606 -155.130 794.480
-0.2621508 -0.04148378 0.9641349 665.9029 -0.0255737 0.9990234 0.03603137 404.6059 -0.964688 -0.01521085 -0.2629557 -155.1301 0 0 0 1
DataSet: 66
-18.6328125 21.09375 -1.669921875 3.955078125 1.14484771336488 2.197265625 -95.537109375
678.854 347.666 46.808 764.137
-0.2070105 -0.04033105 0.9775071 678.8542 -0.02358552 0.9990653 0.03622572 347.6659 -0.9780544 -0.01555591 -0.2077682 46.8081 0 0 0 1
DataSet: 67
-26.54296875 32.431640625 -3.427734375 3.955078125 1.25933029595642 2.197265625 -95.537109375
662.092 339.866 52.359 746.068
-0.2651092 -0.04153025 0.9633236 662.0923 -0.0255737 0.9990234 0.03603137 339.8664 -0.9638792 -0.01508351 -0.2659124 52.35942 0 0 0 1
DataSet: 68
10.810546875 -12.041015625 12.919921875 3.955078125 1.25933029595642 2.197265625 -95.537109375
682.607 411.845 -54.549 799.089
-0.1436089 -0.03934073 0.9888523 682.6071 -0.0255737 0.9990234 0.03603137 411.8445 -0.989304 -0.02011419 -0.1444748 -54.54898 0 0 0 1
DataSet: 69
25.576171875 -15.205078125 1.0546875 3.955078125 1.25933029595642 2.197265625 -95.537109375
658.271 359.728 -204.673 777.571
-0.3396286 -0.04258205 0.9395952 658.271 -0.0255737 0.9990234 0.03603137 359.7282 -0.9402119 -0.01179165 -0.3403859 -204.6729 0 0 0 1
DataSet: 70
18.720703125 -15.1171875 18.10546875 3.955078125 1.25933029595642 2.197265625 -95.537109375
665.420 433.988 -124.518 804.136
-0.2264657 -0.0408958 0.9731602 665.4201 -0.0255737 0.9990234 0.03603137 433.9878 -0.9736834 -0.01672744 -0.2272903 -124.5181 0 0 0 1
DataSet: 71
40.25390625 -36.298828125 4.306640625 3.955078125 1.25933029595642 2.197265625 -95.537109375
630.267 374.127 -210.548 762.587
-0.2324358 -0.04099767 0.9717473 630.2673 -0.0255737 0.9990234 0.03603137 374.1269 -0.9722754 -0.0164762 -0.2332573 -210.5482 0 0 0 1
DataSet: 72
41.220703125 -21.005859375 1.0546875 3.955078125 1.25933029595642 2.197265625 -95.537109375
597.650 359.728 -334.366 773.557
-0.4953689 -0.04397106 0.8675691 597.6501 -0.0255737 0.9990234 0.03603137 359.7282 -0.8683062 -0.004338139 -0.4960096 -334.3656 0 0 0 1
DataSet: 73
23.818359375 10.107421875 -0.703125 3.955078125 1.25933029595642 2.197265625 -95.537109375
587.817 351.936 -361.192 774.498
-0.6870618 -0.0437463 0.7252808 587.817 -0.0255737 0.9990234 0.03603137 351.9359 -0.7261487 0.006207661 -0.6875096 -361.1923 0 0 0 1
DataSet: 74
13.18359375 -4.482421875 0.087890625 3.955078125 1.14484771336488 2.197265625 -95.537109375
679.250 355.457 -139.716 779.263
-0.3120959 -0.04178297 0.9491314 679.25 -0.02358552 0.9990653 0.03622572 355.4574 -0.9497578 -0.01107986 -0.3127896 -139.7162 0 0 0 1
DataSet: 75
30.9375 -23.466796875 11.865234375 3.955078125 1.25933029595642 2.197265625 -95.537109375
645.943 407.278 -203.063 790.160
-0.291619 -0.04193085 0.955615 645.9429 -0.0255737 0.9990234 0.03603137 407.278 -0.9561926 -0.01393118 -0.2924066 -203.0633 0 0 0 1
DataSet: 76
38.49609375 -27.509765625 -2.63671875 3.955078125 1.25933029595642 2.197265625 -95.537109375
626.686 343.368 -257.683 759.630
-0.3497047 -0.04270621 0.9358861 626.6864 -0.0255737 0.9990234 0.03603137 343.3681 -0.9365109 -0.01133374 -0.3504553 -257.6832 0 0 0 1
DataSet: 77
23.02734375 -27.421875 -0.087890625 3.955078125 1.25933029595642 2.197265625 -95.537109375
673.008 354.663 -81.856 765.131
-0.08878513 -0.03817055 0.9953191 673.0079 -0.0255737 0.9990234 0.03603137 354.6633 -0.9957225 -0.02225495 -0.08967458 -81.85637 0 0 0 1
DataSet: 78
17.138671875 -27.333984375 -10.01953125 3.955078125 1.25933029595642 2.197265625 -95.537109375
674.138 310.861 -13.730 742.485
0.01230705 -0.03572579 0.9992859 674.1376 -0.0255737 0.9990234 0.03603137 310.861 -0.9995972 -0.02599888 0.01138139 -13.72979 0 0 0 1
DataSet: 79
28.740234375 -15.1171875 7.294921875 3.955078125 1.25933029595642 2.197265625 -95.537109375
643.832 387.305 -240.869 789.014
-0.3924169 -0.04318238 0.9187732 643.8319 -0.0255737 0.9990234 0.03603137 387.305 -0.9194319 -0.009357116 -0.393138 -240.8693 0 0 0 1
DataSet: 80
29.091796875 -31.201171875 11.25 3.955078125 1.25933029595642 2.197265625 -95.537109375
656.674 404.606 -123.704 781.172
-0.1284169 -0.03902757 0.990952 656.6745 -0.0255737 0.9990234 0.03603137 404.6059 -0.9913905 -0.02071528 -0.1292896 -123.7041 0 0 0 1
DataSet: 81
29.794921875 -17.578125 26.279296875 3.955078125 1.14484771336488 2.197265625 -95.537109375
620.883 467.526 -228.776 810.194
-0.3697484 -0.04238376 0.9281647 620.8829 -0.02358552 0.9990653 0.03622572 467.5256 -0.9288325 -0.008496845 -0.3704025 -228.7758 0 0 0 1
DataSet: 82
29.1796875 -20.302734375 4.921875 3.955078125 1.25933029595642 2.197265625 -95.537109375
652.375 376.845 -207.496 781.447
-0.3149973 -0.04226011 0.9481512 652.3749 -0.0255737 0.9990234 0.03603137 376.8454 -0.9487479 -0.01289795 -0.3157705 -207.4957 0 0 0 1
DataSet: 83
1.23046875 9.4921875 11.513671875 3.955078125 1.25933029595642 2.197265625 -95.537109375
677.531 405.752 -102.161 796.316
-0.3453912 -0.0426536 0.937489 677.5306 -0.0255737 0.9990234 0.03603137 405.7518 -0.9381103 -0.01153015 -0.3461447 -102.1613 0 0 0 1
DataSet: 84
-15.64453125 27.333984375 14.58984375 3.955078125 1.25933029595642 2.197265625 -95.537109375
663.472 419.035 -34.721 785.488
-0.3611708 -0.04284208 0.931515 663.4718 -0.0255737 0.9990234 0.03603137 419.035 -0.9321489 -0.01080881 -0.3619137 -34.72066 0 0 0 1
DataSet: 85
-12.3046875 29.1796875 -8.26171875 3.955078125 1.25933029595642 2.197265625 -95.537109375
661.319 318.554 -88.135 739.315
-0.4439415 -0.04364365 0.8949923 661.3189 -0.0255737 0.9990234 0.03603137 318.5544 -0.8956907 -0.006892449 -0.4446241 -88.13544 0 0 0 1
DataSet: 86
5.537109375 6.50390625 3.955078125 3.955078125 1.25933029595642 2.197265625 -95.537109375
678.474 372.572 -131.876 785.193
-0.3668835 -0.04290759 0.9292768 678.474 -0.0255737 0.9990234 0.03603137 372.5724 -0.9299153 -0.01054573 -0.3676226 -131.8757 0 0 0 1
DataSet: 87
30.76171875 -16.259765625 17.490234375 3.955078125 1.25933029595642 2.197265625 -95.537109375
628.136 431.391 -252.669 802.804
-0.4064741 -0.04332083 0.9126347 628.136 -0.0255737 0.9990234 0.03603137 431.3909 -0.9133043 -0.008693632 -0.407185 -252.6692 0 0 0 1
DataSet: 88
26.015625 -16.5234375 -2.548828125 3.955078125 1.25933029595642 2.197265625 -95.537109375
658.625 343.757 -199.798 769.334
-0.3251665 -0.04239617 0.9447059 658.6249 -0.0255737 0.9990234 0.03603137 343.7573 -0.9453109 -0.01244344 -0.3259332 -199.7984 0 0 0 1
DataSet: 89
31.904296875 -7.998046875 7.734375 3.955078125 1.25933029595642 2.197265625 -95.537109375
608.558 389.236 -326.141 792.601
-0.5502449 -0.04415914 0.8338348 608.558 -0.0255737 0.9990234 0.03603137 389.2364 -0.8346116 -0.001498166 -0.5508369 -326.1413 0 0 0 1
DataSet: 90
30.05859375 -9.84375 15.29296875 3.955078125 1.25933029595642 2.197265625 -95.537109375
618.038 422.047 -291.121 803.023
-0.4953689 -0.04397106 0.8675691 618.0378 -0.0255737 0.9990234 0.03603137 422.0466 -0.8683062 -0.004338139 -0.4960096 -291.1213 0 0 0 1
DataSet: 91
39.287109375 -34.453125 -0.52734375 3.955078125 1.25933029595642 2.197265625 -95.537109375
632.950 352.715 -214.002 755.533
-0.2473224 -0.04124558 0.968055 632.9496 -0.0255737 0.9990234 0.03603137 352.7151 -0.9685957 -0.01584539 -0.2481357 -214.0024 0 0 0 1
DataSet: 92
47.63671875 -32.34375 -8.26171875 3.955078125 1.25933029595642 2.197265625 -95.537109375
588.077 318.554 -318.482 740.771
-0.4190439 -0.04343672 0.9069264 588.0765 -0.0255737 0.9990234 0.03603137 318.5544 -0.9076058 -0.008094742 -0.4197455 -318.4822 0 0 0 1
DataSet: 93
25.48828125 -19.51171875 -7.91015625 3.955078125 1.25933029595642 2.197265625 -95.537109375
662.097 320.097 -170.911 755.014
-0.2665874 -0.04155334 0.9629146 662.0971 -0.0255737 0.9990234 0.03603137 320.0974 -0.9634714 -0.01501978 -0.2673897 -170.9109 0 0 0 1
DataSet: 94
4.04296875 -3.515625 -7.734375 3.955078125 1.25933029595642 2.197265625 -95.537109375
690.187 320.869 -38.137 762.082
-0.1738881 -0.03993922 0.9839552 690.1865 -0.0255737 0.9990234 0.03603137 320.8694 -0.9844333 -0.01889795 -0.1747396 -38.13674 0 0 0 1
DataSet: 95
11.865234375 -4.658203125 11.162109375 3.955078125 1.25933029595642 2.197265625 -95.537109375
677.599 404.224 -122.814 798.511
-0.2872156 -0.04186629 0.9569505 677.5991 -0.0255737 0.9990234 0.03603137 404.2237 -0.9575245 -0.014124 -0.2880058 -122.8136 0 0 0 1
DataSet: 96
33.837890625 -12.744140625 0.87890625 3.955078125 1.25933029595642 2.197265625 -95.537109375
614.977 358.949 -314.650 778.489
-0.5086297 -0.04403243 0.8598587 614.9767 -0.0255737 0.9990234 0.03603137 358.9491 -0.8606055 -0.003663148 -0.509259 -314.6501 0 0 0 1
DataSet: 97
29.35546875 -12.744140625 17.666015625 3.955078125 1.25933029595642 2.197265625 -95.537109375
626.237 432.134 -262.209 804.777
-0.4398149 -0.04361147 0.8970289 626.2369 -0.0255737 0.9990234 0.03603137 432.1338 -0.8977243 -0.007093221 -0.4405006 -262.2094 0 0 0 1
DataSet: 98
3.33984375 20.478515625 15.1171875 3.955078125 1.14484771336488 2.197265625 -95.537109375
641.195 421.310 -202.852 793.588
-0.5489869 -0.04322661 0.8347124 641.1951 -0.02358552 0.9990653 0.03622572 421.3095 -0.8354981 0.0002003188 -0.5494933 -202.8522 0 0 0 1
DataSet: 99
-13.7109375 20.302734375 -7.822265625 3.955078125 1.25933029595642 2.197265625 -95.537109375
678.947 320.483 -6.054 750.809
-0.2769175 -0.04171222 0.9599879 678.9465 -0.0255737 0.9990234 0.03603137 320.4834 -0.9605533 -0.01457273 -0.2777138 -6.053963 0 0 0 1
DataSet: 100
-22.8515625 18.10546875 5.009765625 3.955078125 1.25933029595642 2.197265625 -95.537109375
672.229 377.234 118.755 779.936
-0.08267381 -0.03803328 0.9958506 672.2293 -0.0255737 0.9990234 0.03603137 377.2336 -0.9962485 -0.02248874 -0.08356573 118.7551 0 0 0 1
DataSet: 101
10.283203125 2.4609375 5.009765625 3.955078125 1.25933029595642 2.197265625 -95.537109375
673.873 377.234 -157.844 788.242
-0.3782674 -0.04303377 0.9246956 673.8732 -0.0255737 0.9990234 0.03603137 377.2336 -0.925343 -0.0100184 -0.3789985 -157.8444 0 0 0 1
