DataSet_1
0.35902222990989685 0.6823445558547974 0.6367958188056946 46.416805267333984 
0.06596487760543823 -0.6991292834281921 0.7119458317756653 -112.5738525390625 
0.930994987487793 -0.21359820663928986 -0.2960137128829956 -1418.713623046875 
0.0 0.0 0.0 1.0

DataSet_2
0.3591938316822052 0.6745532155036926 0.6449478268623352 46.49655532836914 
0.05179491266608238 -0.7044112086296082 0.707899808883667 -113.08255004882812 
0.9318245649337769 -0.22086820006370544 -0.287958562374115 -1418.72314453125 
0.0 0.0 0.0 1.0

DataSet_2
0.35920053720474243 0.664091169834137 0.6557117700576782 46.44083786010742 
0.033730264753103256 -0.7113821506500244 0.7019954919815063 -113.97099304199219 
0.9326506853103638 -0.2300398349761963 -0.27792882919311523 -1418.78662109375 
0.0 0.0 0.0 1.0

DataSet_2
0.35992029309272766 0.654717206954956 0.6646825075149536 46.39142990112305 
0.01297703292220831 -0.7158713340759277 0.6981116533279419 -113.64381408691406 
0.9328927993774414 -0.24263896048069 -0.26615288853645325 -1418.8359375 
0.0 0.0 0.0 1.0

DataSet_2
0.3590911626815796 0.6491510272026062 0.6705642938613892 46.501708984375 
0.004562884569168091 -0.7196980118751526 0.6942722797393799 -114.38644409179688 
0.9332913160324097 -0.2462473213672638 -0.26139917969703674 -1418.608642578125 
0.0 0.0 0.0 1.0

DataSet_2
0.35795676708221436 0.6396220922470093 0.6802576780319214 46.57489013671875 
-0.01645597815513611 -0.7240968942642212 0.6895018815994263 -114.27954864501953 
0.9335931539535522 -0.25800615549087524 -0.2486697882413864 -1418.471435546875 
0.0 0.0 0.0 1.0

DataSet_2
0.3579752743244171 0.6336878538131714 0.6857793927192688 46.332576751708984 
-0.031771302223205566 -0.725758969783783 0.6872150301933289 -113.547119140625 
0.9331903457641602 -0.26779410243034363 -0.23967067897319794 -1418.779052734375 
0.0 0.0 0.0 1.0

DataSet_2
0.3573112189769745 0.6262428164482117 0.6929275393486023 46.279788970947266 
-0.047082122415304184 -0.7288836240768433 0.6830167770385742 -113.58897399902344 
0.932797908782959 -0.2766740322113037 -0.23095345497131348 -1418.8291015625 
0.0 0.0 0.0 1.0

DataSet_2
0.3548341393470764 0.6162537336349487 0.7030818462371826 46.44243621826172 
-0.05969581380486488 -0.7355477213859558 0.6748377084732056 -115.33793640136719 
0.9330214858055115 -0.2814265191555023 -0.22420963644981384 -1418.566162109375 
0.0 0.0 0.0 1.0

DataSet_2
0.35469985008239746 0.6104433536529541 0.7081997990608215 46.29119873046875 
-0.07246094942092896 -0.7372232675552368 0.671752393245697 -115.09864807128906 
0.9321681261062622 -0.2895872890949249 -0.21725967526435852 -1418.8399658203125 
0.0 0.0 0.0 1.0

DataSet_2
0.354290634393692 0.601834774017334 0.7157325744628906 46.121360778808594 
-0.09088605642318726 -0.7395943403244019 0.6668882369995117 -114.77468872070312 
0.9307082295417786 -0.3013223707675934 -0.20733296871185303 -1418.9609375 
0.0 0.0 0.0 1.0

DataSet_2
0.35138580203056335 0.5881330966949463 0.7284417748451233 46.20272445678711 
-0.11807611584663391 -0.7440061569213867 0.6576570868492126 -114.8551025390625 
0.9287550449371338 -0.31710293889045715 -0.1919887363910675 -1418.90234375 
0.0 0.0 0.0 1.0

DataSet_2
0.34935563802719116 0.5788013935089111 0.7368443608283997 46.08562088012695 
-0.13677525520324707 -0.7464697957038879 0.6512107253074646 -114.86032104492188 
0.9269537329673767 -0.32828620076179504 -0.18161773681640625 -1419.029541015625 
0.0 0.0 0.0 1.0

DataSet_2
0.34790903329849243 0.5720840096473694 0.7427511215209961 46.12430191040039 
-0.15154944360256195 -0.747507631778717 0.6467341780662537 -114.59538269042969 
0.9251983761787415 -0.33756816387176514 -0.17336563766002655 -1418.99169921875 
0.0 0.0 0.0 1.0

DataSet_2
0.347352534532547 0.5642505884170532 0.7489776611328125 45.8084831237793 
-0.1699070781469345 -0.7476196885108948 0.6420252323150635 -113.76660919189453 
0.9222135543823242 -0.3502656817436218 -0.1638174206018448 -1419.297607421875 
0.0 0.0 0.0 1.0

DataSet_2
0.3456345498561859 0.5563356876373291 0.7556634545326233 45.73893356323242 
-0.1837701052427292 -0.7495694756507874 0.6359041929244995 -114.03019714355469 
0.9201985001564026 -0.3586588203907013 -0.15683923661708832 -1419.3304443359375 
0.0 0.0 0.0 1.0

DataSet_2
0.3459244966506958 0.5513910055160522 0.759147047996521 45.448631286621094 
-0.20640414953231812 -0.7445575594902039 0.6348474621772766 -111.16477966308594 
0.915277898311615 -0.3763003945350647 -0.143751323223114 -1419.895263671875 
0.0 0.0 0.0 1.0

DataSet_2
0.35270243883132935 0.5409520864486694 0.7635259628295898 43.4280891418457 
-0.21836993098258972 -0.7458503246307373 0.6293026804924011 -111.40409851074219 
0.9098986983299255 -0.38868770003318787 -0.14493556320667267 -1422.298828125 
0.0 0.0 0.0 1.0

DataSet_2
0.34957924485206604 0.5324097871780396 0.7709307074546814 43.46783447265625 
-0.23480801284313202 -0.7467994093894958 0.6222184896469116 -111.41159057617188 
0.907005786895752 -0.3985353708267212 -0.1360514909029007 -1422.15185546875 
0.0 0.0 0.0 1.0

DataSet_2
0.34429502487182617 0.5230355262756348 0.779676079750061 44.11450958251953 
-0.25593024492263794 -0.7467126846313477 0.6139379739761353 -111.02696228027344 
0.9033054113388062 -0.4109184443950653 -0.12322887778282166 -1421.5697021484375 
0.0 0.0 0.0 1.0

DataSet_2
0.3403187394142151 0.5161484479904175 0.7859860062599182 44.27442932128906 
-0.2708359658718109 -0.746651291847229 0.6075851917266846 -110.81423950195312 
0.9004616141319275 -0.41964587569236755 -0.11430786550045013 -1421.2518310546875 
0.0 0.0 0.0 1.0

DataSet_2
0.33479610085487366 0.508041262626648 0.7936029434204102 44.672054290771484 
-0.2880556285381317 -0.7467081546783447 0.5995422005653381 -110.77104187011719 
0.897182047367096 -0.4293261766433716 -0.10365082323551178 -1420.8782958984375 
0.0 0.0 0.0 1.0

DataSet_2
0.3290922939777374 0.5024136304855347 0.7995491623878479 45.02798843383789 
-0.3034621775150299 -0.7455314993858337 0.5933747291564941 -110.34556579589844 
0.8942086100578308 -0.43790799379348755 -0.09288513660430908 -1420.434326171875 
0.0 0.0 0.0 1.0

DataSet_2
0.324326753616333 0.4929546117782593 0.8073461651802063 45.203243255615234 
-0.32218047976493835 -0.7448878884315491 0.5842446088790894 -110.23236846923828 
0.8893885016441345 -0.4495973587036133 -0.08276671171188354 -1420.1993408203125 
0.0 0.0 0.0 1.0

DataSet_2
0.32025617361068726 0.4850471615791321 0.8137354254722595 45.2592658996582 
-0.3391422927379608 -0.7433430552482605 0.5765618681907654 -109.77543640136719 
0.8845442533493042 -0.4606195390224457 -0.0735602080821991 -1420.1611328125 
0.0 0.0 0.0 1.0

DataSet_2
0.315498948097229 0.47759541869163513 0.8199774026870728 45.43977737426758 
-0.35480207204818726 -0.7420650720596313 0.5687309503555298 -109.59259796142578 
0.880099892616272 -0.4703637361526489 -0.06466889381408691 -1419.988525390625 
0.0 0.0 0.0 1.0

DataSet_2
0.3139311969280243 0.47302618622779846 0.8232214450836182 45.3001708984375 
-0.3706221580505371 -0.7372124195098877 0.5649399161338806 -107.88286590576172 
0.8741204142570496 -0.4824563264846802 -0.05612001195549965 -1420.0762939453125 
0.0 0.0 0.0 1.0

DataSet_2
0.30836793780326843 0.4637805223464966 0.8305521607398987 45.53648376464844 
-0.38950181007385254 -0.7349978089332581 0.5550374388694763 -107.56745910644531 
0.8678695559501648 -0.4946573078632355 -0.04600641131401062 -1419.8818359375 
0.0 0.0 0.0 1.0

DataSet_2
0.3038959801197052 0.4569949805736542 0.8359442949295044 45.517051696777344 
-0.40424636006355286 -0.7326838970184326 0.5475026965141296 -107.1594467163086 
0.8626888990402222 -0.5043113231658936 -0.037921153008937836 -1419.947998046875 
0.0 0.0 0.0 1.0

DataSet_2
0.30037927627563477 0.44746842980384827 0.8423445224761963 45.16677474975586 
-0.4243333637714386 -0.7282299995422363 0.5381656289100647 -106.2073974609375 
0.854232668876648 -0.5190886855125427 -0.028869396075606346 -1420.437255859375 
0.0 0.0 0.0 1.0

DataSet_2
0.2987024188041687 0.44272279739379883 0.8454426527023315 44.68278503417969 
-0.4345637261867523 -0.725617527961731 0.5335106253623962 -105.69261169433594 
0.8496653437614441 -0.526759684085846 -0.024352433159947395 -1420.986083984375 
0.0 0.0 0.0 1.0

DataSet_2
0.2938874363899231 0.435168981552124 0.8510335683822632 44.76138687133789 
-0.44951149821281433 -0.7228280305862427 0.5248419046401978 -105.32965087890625 
0.8435458540916443 -0.5367937684059143 -0.01681661792099476 -1420.828369140625 
0.0 0.0 0.0 1.0

DataSet_2
0.2916583716869354 0.4304995834827423 0.8541694283485413 44.667972564697266 
-0.4661588966846466 -0.7157979607582092 0.5199318528175354 -103.3620834350586 
0.8352431654930115 -0.5498211979866028 -0.00808725692331791 -1421.01904296875 
0.0 0.0 0.0 1.0

DataSet_2
0.28847455978393555 0.42356887459754944 0.8587035536766052 44.44966125488281 
-0.48208940029144287 -0.7106069922447205 0.5124720335006714 -102.32009887695312 
0.8272679448127747 -0.5618070363998413 -0.00079397636000067 -1421.1480712890625 
0.0 0.0 0.0 1.0

DataSet_2
0.2842705249786377 0.4164949655532837 0.8635520339012146 44.48594284057617 
-0.5005258321762085 -0.7037519216537476 0.5041894912719727 -100.79788970947266 
0.8177188038825989 -0.5755563378334045 0.008410578593611717 -1421.2596435546875 
0.0 0.0 0.0 1.0

DataSet_2
0.281441867351532 0.41202598810195923 0.8666170239448547 44.389122009277344 
-0.5175467133522034 -0.6953261494636536 0.4986651539802551 -98.58607482910156 
0.8080444931983948 -0.588860034942627 0.017548810690641403 -1421.3504638671875 
0.0 0.0 0.0 1.0

DataSet_2
0.2781870365142822 0.40646687150001526 0.8702853918075562 44.28200912475586 
-0.5298359990119934 -0.6908025741577148 0.49200165271759033 -97.79072570800781 
0.8011777400970459 -0.5979770421981812 0.02318846434354782 -1421.5498046875 
0.0 0.0 0.0 1.0

DataSet_2
0.2754635810852051 0.4012894034385681 0.8735483288764954 44.313209533691406 
-0.5448287725448608 -0.6834981441497803 0.4857899844646454 -96.07977294921875 
0.792011022567749 -0.6097517013549805 0.030355166643857956 -1421.375244140625 
0.0 0.0 0.0 1.0

DataSet_2
0.276475191116333 0.39943134784698486 0.8740801215171814 44.0149040222168 
-0.5591349601745605 -0.6728858947753906 0.4843476414680481 -92.9067153930664 
0.7816198468208313 -0.6226388812065125 0.037299755960702896 -1421.6263427734375 
0.0 0.0 0.0 1.0

DataSet_2
0.2741236388683319 0.3934158980846405 0.8775421380996704 43.52315902709961 
-0.5822650790214539 -0.6583389043807983 0.4770296514034271 -89.24181365966797 
0.7653911709785461 -0.6417272090911865 0.048606082797050476 -1421.9896240234375 
0.0 0.0 0.0 1.0

DataSet_2
0.278606653213501 0.3911779224872589 0.8771306276321411 42.65840530395508 
-0.6070073246955872 -0.6360266804695129 0.47645795345306396 -82.55712127685547 
0.7442582845687866 -0.6651690602302551 0.06024659797549248 -1422.44970703125 
0.0 0.0 0.0 1.0

DataSet_2
0.27724358439445496 0.3820880055427551 0.8815581202507019 42.01116180419922 
-0.6403101682662964 -0.6105966567993164 0.4660198390483856 -76.3669204711914 
0.7163370847702026 -0.6936716437339783 0.07537087798118591 -1422.558349609375 
0.0 0.0 0.0 1.0

DataSet_2
0.27729353308677673 0.37379369139671326 0.8850913047790527 40.87541961669922 
-0.6663251519203186 -0.5888597369194031 0.45744404196739197 -71.16666412353516 
0.692184329032898 -0.7166048884391785 0.08578112721443176 -1423.2333984375 
0.0 0.0 0.0 1.0

DataSet_2
0.27065542340278625 0.3660123348236084 0.8903822302818298 40.97034454345703 
-0.6786996126174927 -0.5833870768547058 0.4461236298084259 -71.04637145996094 
0.6827242374420166 -0.7250478863716125 0.09051557630300522 -1423.2431640625 
0.0 0.0 0.0 1.0

DataSet_2
0.26541101932525635 0.3582477569580078 0.8951063752174377 40.819000244140625 
-0.6914912462234497 -0.5762291550636292 0.43566015362739563 -70.38966369628906 
0.6718606948852539 -0.7345872521400452 0.09478762745857239 -1423.2198486328125 
0.0 0.0 0.0 1.0

DataSet_2
0.2563078999519348 0.3465937674045563 0.9023186564445496 40.689849853515625 
-0.7098152041435242 -0.5661484003067017 0.4190922677516937 -69.85742950439453 
0.6561009883880615 -0.7478961944580078 0.10090923309326172 -1423.31396484375 
0.0 0.0 0.0 1.0

DataSet_2
0.2494097352027893 0.3384588658809662 0.9073259830474854 40.45649337768555 
-0.7233906388282776 -0.5577843189239502 0.406918466091156 -69.17015838623047 
0.6438173651695251 -0.7578405141830444 0.1057211235165596 -1423.44775390625 
0.0 0.0 0.0 1.0

DataSet_2
0.24529854953289032 0.3280150592327118 0.9122690558433533 39.80130386352539 
-0.7449820637702942 -0.5383756756782532 0.39389514923095703 -65.68971252441406 
0.6203469634056091 -0.7762459516525269 0.11230254173278809 -1423.8507080078125 
0.0 0.0 0.0 1.0

DataSet_2
0.23217958211898804 0.3146097660064697 0.9203876256942749 39.957191467285156 
-0.7631431818008423 -0.5277734398841858 0.3729178011417389 -65.88471221923828 
0.6030797362327576 -0.7889714241027832 0.11755406856536865 -1423.76953125 
0.0 0.0 0.0 1.0

DataSet_2
0.21647533774375916 0.2985366880893707 0.9295237064361572 39.83753204345703 
-0.7849976420402527 -0.5128393173217773 0.34752634167671204 -65.69116973876953 
0.5804457068443298 -0.8049047589302063 0.12333349883556366 -1423.8712158203125 
0.0 0.0 0.0 1.0

DataSet_2
0.20947110652923584 0.2913385331630707 0.9334043860435486 39.769920349121094 
-0.7937169671058655 -0.5068525671958923 0.33632415533065796 -65.80157470703125 
0.5710825324058533 -0.8113090395927429 0.12506933510303497 -1424.098388671875 
0.0 0.0 0.0 1.0

DataSet_2
0.19122301042079926 0.27483266592025757 0.9422848224639893 39.962989807128906 
-0.8151721358299255 -0.490274578332901 0.30842384696006775 -65.82086181640625 
0.5467432141304016 -0.8271020650863647 0.1302841156721115 -1423.858642578125 
0.0 0.0 0.0 1.0

DataSet_2
0.1765962690114975 0.26207107305526733 0.9487531185150146 39.85359191894531 
-0.830712616443634 -0.4773336946964264 0.28647711873054504 -65.97027587890625 
0.5279492139816284 -0.8387319445610046 0.13341037929058075 -1424.03466796875 
0.0 0.0 0.0 1.0

DataSet_2
0.1692202091217041 0.25352951884269714 0.9524112939834595 39.565155029296875 
-0.839455246925354 -0.469257652759552 0.27406588196754456 -65.93800354003906 
0.5164100527763367 -0.8458841443061829 0.13341879844665527 -1424.4632568359375 
0.0 0.0 0.0 1.0

DataSet_2
0.14131730794906616 0.234060138463974 0.9618967175483704 39.13747024536133 
-0.8533732295036316 -0.46369436383247375 0.2382051646709442 -70.60697937011719 
0.5017803907394409 -0.8545194268226624 0.13421261310577393 -1425.7164306640625 
0.0 0.0 0.0 1.0

DataSet_2
0.11389144510030746 0.21416254341602325 0.9701356291770935 40.23316955566406 
-0.8773442506790161 -0.43649107217788696 0.19935570657253265 -70.19498443603516 
0.46615007519721985 -0.8738477826118469 0.1381816416978836 -1424.27587890625 
0.0 0.0 0.0 1.0

DataSet_2
0.36661496758461 0.6954507827758789 0.6180142164230347 44.92154312133789 
0.007344931364059448 -0.6664080023765564 0.7455511093139648 -94.17098999023438 
0.930343747138977 -0.26879093050956726 -0.24942317605018616 -1420.785888671875 
0.0 0.0 0.0 1.0

DataSet_2
0.36719465255737305 0.7017345428466797 0.610521674156189 44.470802307128906 
0.019876062870025635 -0.6621430516242981 0.7491138577461243 -93.84982299804688 
0.9299317002296448 -0.2629358172416687 -0.25708311796188354 -1421.346923828125 
0.0 0.0 0.0 1.0

DataSet_2
0.36783504486083984 0.7114135026931763 0.5988223552703857 43.37668991088867 
0.03691965341567993 -0.6546356678009033 0.7550424337387085 -92.94544982910156 
0.9291578531265259 -0.2556227445602417 -0.26706308126449585 -1422.468994140625 
0.0 0.0 0.0 1.0

DataSet_2
0.3666565716266632 0.7198712825775146 0.5893626809120178 43.31315231323242 
0.055877987295389175 -0.649376392364502 0.7584114670753479 -93.0188217163086 
0.9286769032478333 -0.24514414370059967 -0.27832308411598206 -1422.537109375 
0.0 0.0 0.0 1.0

DataSet_2
0.365750789642334 0.7248659133911133 0.583777129650116 43.40474319458008 
0.07058488577604294 -0.6470336318016052 0.7591872215270996 -93.80610656738281 
0.928032398223877 -0.23646746575832367 -0.2878176271915436 -1422.506103515625 
0.0 0.0 0.0 1.0

DataSet_2
0.3638171851634979 0.7385631799697876 0.5675927400588989 43.230140686035156 
0.09706636518239975 -0.6360946297645569 0.7654813528060913 -92.88920593261719 
0.9263990521430969 -0.22340111434459686 -0.30311182141304016 -1422.6776123046875 
0.0 0.0 0.0 1.0

DataSet_2
0.36120688915252686 0.7427839040756226 0.5637389421463013 44.10684585571289 
0.10680144280195236 -0.6335309743881226 0.7663106322288513 -92.93716430664062 
0.9263492822647095 -0.21658854186534882 -0.30816614627838135 -1421.615478515625 
0.0 0.0 0.0 1.0

DataSet_2
0.35910603404045105 0.7514752745628357 0.5534688830375671 44.217830657958984 
0.12758105993270874 -0.6269847750663757 0.7685136198997498 -93.11858367919922 
0.9245355129241943 -0.20536573231220245 -0.3210279941558838 -1421.5716552734375 
0.0 0.0 0.0 1.0

DataSet_2
0.35688844323158264 0.7646173238754272 0.5366479158401489 43.84611129760742 
0.1440465897321701 -0.6126532554626465 0.7771142721176147 -90.13204193115234 
0.9229741096496582 -0.2000407725572586 -0.3287893831729889 -1421.865478515625 
0.0 0.0 0.0 1.0

DataSet_2
0.354958176612854 0.7706799507141113 0.5292041301727295 43.709842681884766 
0.15842221677303314 -0.6074638366699219 0.7783893942832947 -90.16703033447266 
0.92136150598526 -0.19245795905590057 -0.33771711587905884 -1421.859130859375 
0.0 0.0 0.0 1.0

DataSet_2
0.3528735339641571 0.7762443423271179 0.5224223136901855 43.83866882324219 
0.17148800194263458 -0.6025364398956299 0.7794496417045593 -90.23858642578125 
0.9198217988014221 -0.1854579895734787 -0.34573572874069214 -1421.7825927734375 
0.0 0.0 0.0 1.0

DataSet_2
0.35079532861709595 0.7822733521461487 0.5147727727890015 43.76462173461914 
0.18816721439361572 -0.5973761081695557 0.7795735001564026 -90.72444915771484 
0.917352557182312 -0.1766074001789093 -0.35675495862960815 -1421.7781982421875 
0.0 0.0 0.0 1.0

DataSet_2
0.34926047921180725 0.7856043577194214 0.5107278227806091 43.893455505371094 
0.1964256316423416 -0.5943249464035034 0.7798684239387512 -90.826416015625 
0.9162063598632812 -0.1720571368932724 -0.3618870675563812 -1421.7020263671875 
0.0 0.0 0.0 1.0

DataSet_2
0.34757333993911743 0.7895015478134155 0.505845844745636 43.79823303222656 
0.20733055472373962 -0.5908384919166565 0.7796947360038757 -91.14237976074219 
0.9144434332847595 -0.16612380743026733 -0.36904749274253845 -1421.7392578125 
0.0 0.0 0.0 1.0

DataSet_2
0.3439856171607971 0.7974051833152771 0.49580118060112 43.78549575805664 
0.22519192099571228 -0.5826728343963623 0.7808846831321716 -90.96595764160156 
0.9115714430809021 -0.15696263313293457 -0.3800003230571747 -1421.8067626953125 
0.0 0.0 0.0 1.0

DataSet_2
0.34120017290115356 0.8035251498222351 0.48778048157691956 43.79586410522461 
0.23862740397453308 -0.5759636759757996 0.7818713188171387 -90.68730163574219 
0.9091970920562744 -0.1503768265247345 -0.3882620334625244 -1421.8173828125 
0.0 0.0 0.0 1.0

DataSet_2
0.3374491333961487 0.8100054860115051 0.47960323095321655 43.93287658691406 
0.25383052229881287 -0.5689127445220947 0.7822456955909729 -90.60084533691406 
0.9064756631851196 -0.14223018288612366 -0.3975832462310791 -1421.507568359375 
0.0 0.0 0.0 1.0

DataSet_2
0.3341234028339386 0.8163769245147705 0.471052348613739 43.95862579345703 
0.26987913250923157 -0.5617151260375977 0.782075047492981 -90.63710021972656 
0.9030652642250061 -0.1341824233531952 -0.4080052375793457 -1421.437255859375 
0.0 0.0 0.0 1.0

DataSet_2
0.33158209919929504 0.8213112354278564 0.4642210006713867 43.927669525146484 
0.28098011016845703 -0.5557007789611816 0.7824620008468628 -90.38944244384766 
0.9006128311157227 -0.1290135383605957 -0.4150325655937195 -1421.4263916015625 
0.0 0.0 0.0 1.0

DataSet_2
0.3289550840854645 0.8276160955429077 0.4547968804836273 43.67082214355469 
0.29322871565818787 -0.5473125576972961 0.783878743648529 -89.51260375976562 
0.8976666927337646 -0.12450138479471207 -0.4227220416069031 -1421.545166015625 
0.0 0.0 0.0 1.0

DataSet_2
0.32414692640304565 0.8353238701820374 0.44403019547462463 43.63345718383789 
0.31207284331321716 -0.5375183820724487 0.7833802103996277 -89.4229736328125 
0.8930505514144897 -0.11536052078008652 -0.43491679430007935 -1421.4683837890625 
0.0 0.0 0.0 1.0

DataSet_2
0.32229235768318176 0.838908851146698 0.4385882616043091 43.477516174316406 
0.32043224573135376 -0.5326392650604248 0.7833381295204163 -89.20169830322266 
0.8907585740089417 -0.1119261085987091 -0.44047898054122925 -1421.5562744140625 
0.0 0.0 0.0 1.0

DataSet_2
0.317984014749527 0.845154345035553 0.4296513497829437 43.42871856689453 
0.3345250189304352 -0.5240415930747986 0.7832454442977905 -88.76731872558594 
0.8871184587478638 -0.10533040761947632 -0.4493621289730072 -1421.6412353515625 
0.0 0.0 0.0 1.0

DataSet_204
0.31339219212532043 0.8514868021011353 0.42042312026023865 43.3746337890625 
0.34958478808403015 -0.5150817036628723 0.7826118469238281 -88.55931854248047 
0.8829358816146851 -0.09829095005989075 -0.45908939838409424 -1421.6339111328125 
0.0 0.0 0.0 1.0

DataSet_204
0.30581021308898926 0.8615003228187561 0.40533608198165894 43.315738677978516 
0.3709888756275177 -0.4999047815799713 0.7825998067855835 -87.42329406738281 
0.8768394589424133 -0.08895185589790344 -0.4724830090999603 -1421.53466796875 
0.0 0.0 0.0 1.0

DataSet_204
0.30119290947914124 0.8677884340286255 0.39525437355041504 43.20600891113281 
0.38513877987861633 -0.4898967444896698 0.7820928692817688 -86.8127670288086 
0.8723250031471252 -0.0833330750465393 -0.48177239298820496 -1421.5848388671875 
0.0 0.0 0.0 1.0

DataSet_204
0.29363754391670227 0.8766440749168396 0.38114577531814575 42.838497161865234 
0.40325605869293213 -0.47510701417922974 0.7820855975151062 -85.4839859008789 
0.866695761680603 -0.07595035433769226 -0.49302130937576294 -1421.7423095703125 
0.0 0.0 0.0 1.0

DataSet_204
0.2840072810649872 0.8861978054046631 0.36605092883110046 42.774742126464844 
0.4278739392757416 -0.4587891399860382 0.7787402868270874 -85.03843688964844 
0.8580580949783325 -0.06454426050186157 -0.5094804167747498 -1421.6483154296875 
0.0 0.0 0.0 1.0

DataSet_204
0.27887141704559326 0.8907283544540405 0.3589341938495636 42.829071044921875 
0.43798646330833435 -0.4505949020385742 0.777902364730835 -84.55178833007812 
0.854633629322052 -0.05972639098763466 -0.5157850384712219 -1421.6583251953125 
0.0 0.0 0.0 1.0

DataSet_204
0.2753514051437378 0.8940945863723755 0.3532370924949646 42.583683013916016 
0.44785749912261963 -0.44443565607070923 0.7758225798606873 -84.60812377929688 
0.850649893283844 -0.05542394518852234 -0.5228029489517212 -1421.887939453125 
0.0 0.0 0.0 1.0

DataSet_204
0.26426488161087036 0.9030323028564453 0.3386690318584442 42.71327590942383 
0.4727376103401184 -0.42735931277275085 0.7706381678581238 -84.46890258789062 
0.8406445384025574 -0.0435509979724884 -0.5398333668708801 -1421.8138427734375 
0.0 0.0 0.0 1.0

DataSet_204
0.2609463036060333 0.9063260555267334 0.33238542079925537 42.49258804321289 
0.48156148195266724 -0.4206268787384033 0.7688767910003662 -84.16974639892578 
0.8366633057594299 -0.04057157039642334 -0.5462127923965454 -1421.9581298828125 
0.0 0.0 0.0 1.0

DataSet_204
0.25676390528678894 0.909205973148346 0.32774487137794495 42.626609802246094 
0.48908552527427673 -0.41472339630126953 0.7673329710960388 -84.06993103027344 
0.8335871696472168 -0.036728110164403915 -0.5511655211448669 -1421.834228515625 
0.0 0.0 0.0 1.0

DataSet_204
0.25045838952064514 0.913516104221344 0.32056036591529846 42.638450622558594 
0.5016300678253174 -0.40565261244773865 0.7640767097473145 -84.0577392578125 
0.8280324935913086 -0.03056672029197216 -0.5598462224006653 -1421.8602294921875 
0.0 0.0 0.0 1.0

DataSet_204
0.24228070676326752 0.9193780422210693 0.3099098205566406 42.36768341064453 
0.5133013725280762 -0.39252644777297974 0.7631806135177612 -82.68600463867188 
0.8232992887496948 -0.02582678198814392 -0.5670196413993835 -1421.7940673828125 
0.0 0.0 0.0 1.0

DataSet_204
0.23388399183750153 0.9265894293785095 0.2945000231266022 41.715553283691406 
0.5132724642753601 -0.3749234974384308 0.7719998359680176 -77.45173645019531 
0.8257418870925903 -0.029399661347270012 -0.5632814764976501 -1422.0562744140625 
0.0 0.0 0.0 1.0

DataSet_204
0.22386278212070465 0.9325011968612671 0.2834200859069824 41.74939727783203 
0.5313597917556763 -0.36055508255958557 0.7665877938270569 -77.31649780273438 
0.8170325756072998 -0.021012425422668457 -0.5762085318565369 -1422.028076171875 
0.0 0.0 0.0 1.0

DataSet_204
0.21574249863624573 0.936866283416748 0.27520304918289185 41.72160339355469 
0.5453029274940491 -0.34939461946487427 0.7619501352310181 -77.27579498291016 
0.8099998235702515 -0.014316021464765072 -0.5862552523612976 -1422.09326171875 
0.0 0.0 0.0 1.0

DataSet_204
0.20800691843032837 0.9410804510116577 0.26664718985557556 41.65594482421875 
0.5581203103065491 -0.33806830644607544 0.7577674984931946 -76.97517395019531 
0.8032651543617249 -0.008799641393125057 -0.5955566167831421 -1422.0712890625 
0.0 0.0 0.0 1.0

DataSet_204
0.198959082365036 0.9457857608795166 0.2567189335823059 41.525787353515625 
0.5737533569335938 -0.324783056974411 0.7518797516822815 -76.87661743164062 
0.7944950461387634 -0.0022999346256256104 -0.6072662472724915 -1422.285400390625 
0.0 0.0 0.0 1.0

DataSet_204
0.18462809920310974 0.9525186419487 0.2421172559261322 41.343719482421875 
0.5892446637153625 -0.3044472634792328 0.7483999729156494 -74.9727783203125 
0.7865768671035767 0.004490643739700317 -0.6174760460853577 -1422.2623291015625 
0.0 0.0 0.0 1.0

DataSet_204
0.17260760068893433 0.9576270580291748 0.23055805265903473 41.192901611328125 
0.6049725413322449 -0.2877880036830902 0.7424192428588867 -74.19835662841797 
0.7773125767707825 0.011334061622619629 -0.6290124654769897 -1422.273193359375 
0.0 0.0 0.0 1.0

DataSet_204
0.1581185758113861 0.9632068276405334 0.21732710301876068 41.05303192138672 
0.6223315596580505 -0.26809102296829224 0.7354118824005127 -73.26359558105469 
0.7666171789169312 0.018967268988490105 -0.6418241858482361 -1422.38427734375 
0.0 0.0 0.0 1.0

DataSet_204
0.15122199058532715 0.9656904339790344 0.21112538874149323 41.08855056762695 
0.6301736235618591 -0.2587334215641022 0.7320780158042908 -72.82911682128906 
0.7615858912467957 0.02233937196433544 -0.647678792476654 -1422.4122314453125 
0.0 0.0 0.0 1.0

DataSet_204
0.12321121990680695 0.9756592512130737 0.18140564858913422 40.016441345214844 
0.6461877822875977 -0.21761192381381989 0.7314959168434143 -66.18524169921875 
0.7531668543815613 0.027093617245554924 -0.6572713851928711 -1422.5494384765625 
0.0 0.0 0.0 1.0

