-0.09281756 -0.00163766 0.9956818 313.2311 -0.1729026 0.9848322 -0.01449819 363.2508 -0.9805558 -0.1735017 -0.09169288 395.3287 0 0 0 1
-0.1080796 -0.00163766 0.9941409 313.2311 -0.1726599 0.9848322 -0.01714867 363.2508 -0.9790339 -0.1735017 -0.106723 395.3287 0 0 0 1
-0.1293977 -0.002193662 0.9915903 313.0335 -0.1752683 0.9843032 -0.02069412 363.0628 -0.9759802 -0.1764721 -0.1277511 394.273 0 0 0 1
-0.1491447 -0.002193662 0.9888129 313.0335 -0.1748208 0.9843032 -0.02418493 363.0628 -0.9732387 -0.1764721 -0.1471871 394.273 0 0 0 1
-0.158236 -0.002471632 0.9873982 312.9348 -0.1761001 0.9840352 -0.02575778 362.9676 -0.971571 -0.1779567 -0.156145 393.7454 0 0 0 1
-0.17789 -0.00274958 0.9840465 312.836 -0.1770607 0.9837649 -0.02925917 362.8715 -0.96799 -0.1794409 -0.1754888 393.2179 0 0 0 1
-0.1944754 -0.002193662 0.9809049 313.0335 -0.1735231 0.9843032 -0.03220164 363.0628 -0.9654372 -0.1764721 -0.1918034 394.273 0 0 0 1
-0.2106573 -0.004134898 0.9775512 312.3436 -0.1730236 0.9843606 -0.03312201 363.0832 -0.962126 -0.1761168 -0.2080782 394.3993 0 0 0 1
-0.225952 -0.003305407 0.9741328 312.6384 -0.1784259 0.9832174 -0.03804999 362.6769 -0.9576585 -0.182408 -0.2227497 392.1634 0 0 0 1
-0.2375454 -0.004967517 0.9713637 312.0477 -0.1765637 0.9835497 -0.03814853 362.795 -0.955195 -0.1805696 -0.2345148 392.8168 0 0 0 1
-0.2568747 -0.004690003 0.9664333 312.1463 -0.1742635 0.9838223 -0.04154426 362.8919 -0.9506038 -0.1790857 -0.2535363 393.3441 0 0 0 1
-0.2849289 -0.004690003 0.9585372 312.1463 -0.1729788 0.9838223 -0.04660492 362.8919 -0.9428117 -0.1790857 -0.2811307 393.3441 0 0 0 1
-0.3025242 -0.004690003 0.9531302 312.1463 -0.1720917 0.9838223 -0.049781 362.8919 -0.9374772 -0.1790857 -0.2984371 393.3441 0 0 0 1
-0.3171155 -0.004412463 0.9483767 312.245 -0.1698134 0.9840926 -0.05220309 362.988 -0.9330601 -0.1776015 -0.3128203 393.8716 0 0 0 1
-0.3345244 -0.004134898 0.942378 312.3436 -0.1673331 0.9843606 -0.05508063 363.0832 -0.927412 -0.1761168 -0.3299845 394.3993 0 0 0 1
-0.3489404 -0.004134898 0.9371358 312.3436 -0.1664685 0.9843606 -0.0576409 363.0832 -0.9222412 -0.1761168 -0.3441715 394.3993 0 0 0 1
-0.3687099 -0.004135375 0.9295353 312.3434 -0.1552116 0.9862251 -0.05717872 363.7458 -0.9164946 -0.165357 -0.3642728 398.2233 0 0 0 1
-0.3782467 -0.01580201 0.92557 308.1971 -0.1570086 0.9864628 -0.04732208 363.8304 -0.9122926 -0.1632219 -0.3756073 398.9821 0 0 0 1
-0.3952193 -0.01580201 0.9184508 308.1971 -0.156111 0.9864628 -0.05020408 363.8304 -0.9052243 -0.1632219 -0.392336 398.9821 0 0 0 1
-0.4137805 -0.01358188 0.9102753 308.9862 -0.1531194 0.9866826 -0.054881 363.9084 -0.8974074 -0.1620895 -0.4103497 399.3846 0 0 0 1
-0.4276948 -0.01358188 0.9038212 308.9862 -0.1522595 0.9866826 -0.05722327 363.9084 -0.8910074 -0.1620895 -0.424067 399.3846 0 0 0 1
-0.4459296 -0.01163693 0.8949924 309.6774 -0.1505278 0.9866489 -0.06217174 363.8965 -0.8823197 -0.1624455 -0.4417276 399.2581 0 0 0 1
-0.463214 -0.00552557 0.8862292 311.8494 -0.1461213 0.9867712 -0.07022217 363.9399 -0.8741175 -0.1620248 -0.4578936 399.4076 0 0 0 1
-0.4794481 -0.00552557 0.8775529 311.8494 -0.144804 0.9867712 -0.07289989 363.9399 -0.8655411 -0.1620248 -0.4739057 399.4076 0 0 0 1
-0.4971381 -0.003303201 0.8676651 312.6392 -0.1412227 0.9869665 -0.07715772 364.0093 -0.8561015 -0.1608921 -0.4911252 399.8102 0 0 0 1
-0.5117075 -0.003303201 0.8591534 312.6392 -0.1399007 0.9869665 -0.07952958 364.0093 -0.8476929 -0.1608921 -0.5055003 399.8102 0 0 0 1
-0.524841 -0.002193334 0.8511975 313.0337 -0.133017 0.9879224 -0.07947145 364.3491 -0.8407428 -0.1549336 -0.5187939 401.9278 0 0 0 1
-0.5417126 -0.001915818 0.8405616 313.1323 -0.1300043 0.9881557 -0.08153103 364.432 -0.8304495 -0.153443 -0.5355454 402.4575 0 0 0 1
-0.5570928 -0.001915818 0.830448 313.1323 -0.1284816 0.9881557 -0.08391017 364.432 -0.8204512 -0.153443 -0.5507405 402.4575 0 0 0 1
-0.574561 -0.003031314 0.8184562 312.7358 -0.1233565 0.9888908 -0.08293441 364.6932 -0.8091124 -0.1486128 -0.568552 404.1742 0 0 0 1
-0.5858092 -0.002754066 0.8104444 312.8344 -0.1208299 0.9891147 -0.08397759 364.7728 -0.8013911 -0.1471207 -0.5797653 404.7045 0 0 0 1
-0.5996355 -0.0005279732 0.8002731 313.6255 -0.1171411 0.9892867 -0.08711984 364.8339 -0.7916535 -0.145985 -0.5932732 405.1081 0 0 0 1
-0.6130524 0.0005825799 0.790042 314.0202 -0.1102621 0.9901496 -0.08629074 365.1406 -0.7823101 -0.1400125 -0.6069493 407.2307 0 0 0 1
-0.6274862 0.001415629 0.7786264 314.3163 -0.104647 0.9907723 -0.0861352 365.3619 -0.7715634 -0.1355296 -0.6215478 408.824 0 0 0 1
-0.6428798 0.002248774 0.7659637 314.6124 -0.09894215 0.991374 -0.08595353 365.5758 -0.7595499 -0.1310439 -0.6371119 410.4182 0 0 0 1
-0.6568499 0.003637513 0.7540126 315.1059 -0.09079725 0.9923303 -0.08388424 365.9156 -0.7485347 -0.1235616 -0.6514817 413.0774 0 0 0 1
-0.6683281 0.004193051 0.7438548 315.3034 -0.08690377 0.9926964 -0.08367581 366.0457 -0.7387729 -0.1205667 -0.6630825 414.1418 0 0 0 1
-0.6796346 0.005304171 0.7335316 315.6983 -0.0804644 0.9934006 -0.08173548 366.296 -0.7291243 -0.1145734 -0.6747227 416.2718 0 0 0 1
-0.6896396 0.007248662 0.7241165 316.3893 -0.07039453 0.994543 -0.07699861 366.7021 -0.7207232 -0.1040751 -0.685366 420.0029 0 0 0 1
-0.7082014 0.009470738 0.7059469 317.1791 -0.05831813 0.9957082 -0.07186244 367.1161 -0.7035977 -0.09206259 -0.7046096 424.2722 0 0 0 1
-0.7250974 0.01363543 0.6885113 318.6592 -0.03799887 0.9974885 -0.05977254 367.7489 -0.6875972 -0.06950357 -0.7227582 432.2896 0 0 0 1
-0.7497209 0.01948171 0.6614673 320.737 -0.01768395 0.9986198 -0.04945499 368.1509 -0.6615178 -0.04877479 -0.7483417 439.6566 0 0 0 1
-0.7703084 0.02112011 0.6373216 321.3192 -0.002106165 0.9993616 -0.03566336 368.4146 -0.637668 -0.02881409 -0.7697722 446.7507 0 0 0 1
-0.7809523 0.02112011 0.6242335 321.3192 -0.001504118 0.9993616 -0.03569382 368.4146 -0.6245888 -0.02881409 -0.780422 446.7507 0 0 0 1
-0.7922859 0.0213969 0.6097748 321.4176 0.0002920497 0.9993981 -0.03468926 368.4276 -0.61015 -0.02730573 -0.7918152 447.2867 0 0 0 1
-0.8087705 0.02195037 0.5877147 321.6143 0.00347007 0.999464 -0.03255341 368.451 -0.5881142 -0.02428882 -0.8084131 448.3589 0 0 0 1
-0.8203049 0.02222705 0.5714945 321.7126 0.005207485 0.9994934 -0.03139849 368.4614 -0.5719028 -0.02278029 -0.8200051 448.8951 0 0 0 1
-0.8380633 0.02471535 0.545013 322.597 0.01570043 0.9996522 -0.02118996 368.5179 -0.5453471 -0.00920159 -0.8381598 453.7209 0 0 0 1
-0.8536149 0.02443904 0.5203309 322.4988 0.01529025 0.9996439 -0.02186753 368.5149 -0.5206801 -0.01071046 -0.8536847 453.1847 0 0 0 1
-0.8729369 0.02443904 0.4872206 322.4988 0.01611741 0.9996439 -0.02126522 368.5149 -0.4875669 -0.01071046 -0.8730199 453.1847 0 0 0 1
-0.8803077 0.02443904 0.4737732 322.4988 0.01644171 0.9996439 -0.02101549 368.5149 -0.4741181 -0.01071046 -0.8803961 453.1847 0 0 0 1
-0.8977896 0.02640338 0.4396325 323.1969 0.01884138 0.9995901 -0.02155655 368.4958 -0.4400215 -0.01106996 -0.897919 453.0569 0 0 0 1
-0.9108894 0.02443904 0.4119262 322.4988 0.01785208 0.9996439 -0.01983138 368.5149 -0.4122642 -0.01071046 -0.9110014 453.1847 0 0 0 1
-0.9177102 0.02443904 0.3964981 322.4988 0.01818415 0.9996439 -0.01952734 368.5149 -0.3968342 -0.01071046 -0.9178278 453.1847 0 0 0 1
-0.9324215 0.0217132 0.3607196 320.8409 0.01094593 0.9994322 -0.03186589 368.4397 -0.3612067 -0.02576403 -0.9321298 447.9261 0 0 0 1
-0.9494802 0.02167366 0.3130776 321.516 0.01249633 0.9994322 -0.03129041 368.4397 -0.313578 -0.0257973 -0.949212 447.8228 0 0 0 1
-0.1319516 0.008093207 0.9912231 316.6895 -0.1084101 0.9938505 -0.02254621 366.4559 -0.9853101 -0.1104336 -0.1302628 417.7431 0 0 0 1
-0.1228103 0.00837124 0.9923949 316.7883 -0.107091 0.9940137 -0.02163756 366.5139 -0.9866353 -0.1089339 -0.1211786 418.2761 0 0 0 1
-0.1105962 0.008927288 0.9938253 316.9859 -0.1043062 0.9943331 -0.02053938 366.6274 -0.9883768 -0.1059337 -0.1090383 419.3423 0 0 0 1
-0.0905401 0.007248662 0.9958664 316.3893 -0.1029976 0.994543 -0.01660315 366.7021 -0.9905524 -0.1040751 -0.08929943 420.0029 0 0 0 1
-0.0752751 0.006693099 0.9971403 316.1919 -0.1062736 0.9942283 -0.01469625 366.5902 -0.9914835 -0.1070759 -0.07412934 418.9364 0 0 0 1
-0.04616357 0.007248662 0.9989076 316.3893 -0.1036341 0.994543 -0.01200634 366.7021 -0.9935436 -0.1040751 -0.04516045 420.0029 0 0 0 1
-0.02930245 0.007248662 0.9995443 316.3893 -0.1038219 0.994543 -0.01025602 366.7021 -0.9941642 -0.1040751 -0.02838997 420.0029 0 0 0 1
-0.007842232 0.006970881 0.9999449 316.2906 -0.1055206 0.9943869 -0.007759697 366.6465 -0.9943862 -0.1055756 -0.00706264 419.4696 0 0 0 1
0.01371676 0.008915256 0.9998662 316.9817 -0.09518365 0.9954309 -0.007569924 367.0176 -0.9953652 -0.09506708 0.01450267 423.2043 0 0 0 1
0.0290523 0.008915256 0.9995381 316.9817 -0.09528857 0.9954309 -0.006108991 367.0176 -0.9950256 -0.09506708 0.02976908 423.2043 0 0 0 1
0.04284854 0.008915256 0.9990418 316.9817 -0.09536383 0.9954309 -0.004792913 367.0176 -0.9945198 -0.09506708 0.04350296 423.2043 0 0 0 1
0.05967337 0.008359745 0.998183 316.7842 -0.09839579 0.9951444 -0.002452 366.9157 -0.9933566 -0.09807069 0.06020618 422.1369 0 0 0 1
0.06885788 0.008359745 0.9975914 316.7842 -0.0984142 0.9951444 -0.001546285 366.9157 -0.9927604 -0.09807069 0.06934624 422.1369 0 0 0 1
0.08109467 0.008359745 0.9966713 316.7842 -0.09842576 0.9951444 -0.0003384755 366.9157 -0.9918347 -0.09807069 0.08152372 422.1369 0 0 0 1
0.0994264 0.008359745 0.9950098 316.7842 -0.09841532 0.9951444 0.001473278 366.9157 -0.9901661 -0.09807069 0.09976634 422.1369 0 0 0 1
0.1146774 0.008359745 0.9933676 316.7842 -0.09838114 0.9951444 0.002982718 366.9157 -0.9885193 -0.09807069 0.114943 422.1369 0 0 0 1
0.1314221 0.008359745 0.9912912 316.7842 -0.0983168 0.9951444 0.004642277 366.9157 -0.986439 -0.09807069 0.1316059 422.1369 0 0 0 1
0.1479356 0.0103173 0.9889432 317.4799 -0.09886996 0.9950906 0.004408486 366.8966 -0.9840426 -0.09842894 0.1482294 422.0096 0 0 0 1
0.1602664 0.008637504 0.987036 316.8829 -0.09670207 0.9952888 0.006991923 366.9671 -0.9823255 -0.09656899 0.1603466 422.6706 0 0 0 1
0.1754136 0.009193 0.9844519 317.0804 -0.09372354 0.9955707 0.007403211 367.0673 -0.9800234 -0.09356494 0.1754983 423.7382 0 0 0 1
0.1965134 0.009193 0.980458 317.0804 -0.09354295 0.9955707 0.009414131 367.0673 -0.9760288 -0.09356494 0.1965029 423.7382 0 0 0 1
0.205529 0.009193 0.9786078 317.0804 -0.09345234 0.9955707 0.01027468 367.0673 -0.9741789 -0.09356494 0.2054777 423.7382 0 0 0 1
0.222025 0.009470738 0.974995 317.1791 -0.09186251 0.9957082 0.01124691 367.1161 -0.970704 -0.09206259 0.2219421 424.2722 0 0 0 1
0.2384579 0.009748466 0.9711039 317.2778 -0.0902667 0.9958433 0.01216849 367.1642 -0.9669487 -0.09056002 0.2383467 424.8062 0 0 0 1
0.265033 0.0122629 0.9641613 318.1714 -0.08801258 0.9960527 0.01152478 367.2386 -0.9602142 -0.08791278 0.2650661 425.747 0 0 0 1
0.2814497 0.0105816 0.9595176 317.5739 -0.08554406 0.9962345 0.01410563 367.3032 -0.9557554 -0.08605107 0.2812952 426.4086 0 0 0 1
0.3020345 0.01141463 0.9532287 317.8699 -0.08117305 0.9966047 0.01378597 367.4348 -0.9498348 -0.08154032 0.3019355 428.0117 0 0 0 1
0.3311478 0.01169228 0.9435064 317.9686 -0.07938485 0.9967234 0.01551039 367.4769 -0.9402335 -0.08003634 0.330991 428.5463 0 0 0 1
0.3441575 0.01196992 0.9388356 318.0673 -0.07784649 0.9968397 0.01582743 367.5183 -0.9356792 -0.07853219 0.3440017 429.0808 0 0 0 1
0.3527837 0.01196992 0.9356284 318.0673 -0.07769752 0.9968397 0.01654324 367.5183 -0.9324735 -0.07853219 0.3525988 429.0808 0 0 0 1
0.382751 0.01224754 0.9237703 318.166 -0.07584091 0.9969537 0.01820577 367.5588 -0.9207333 -0.07702786 0.3825139 429.6155 0 0 0 1
0.391237 0.01224754 0.9202085 318.166 -0.07567013 0.9969537 0.01890302 367.5588 -0.9171737 -0.07702786 0.3909719 429.6155 0 0 0 1
0.4011111 0.01252515 0.9159438 318.2646 -0.07419601 0.9970654 0.01885754 367.5985 -0.9130196 -0.07552334 0.4008633 430.1502 0 0 0 1
0.4149673 0.0144856 0.909721 318.9613 -0.0750404 0.9970115 0.01835398 367.5794 -0.9067365 -0.07588213 0.4148142 430.0227 0 0 0 1
0.4304521 0.01335789 0.9025146 318.5605 -0.06983381 0.9973862 0.018545 367.7125 -0.8999079 -0.07100876 0.4302598 431.7547 0 0 0 1
0.4375641 0.01640976 0.8990375 319.6452 -0.05613044 0.998382 0.009095791 368.0664 -0.8974336 -0.05444336 0.4377772 437.642 0 0 0 1
0.4595159 0.01668707 0.8880128 319.7437 -0.05467975 0.9984584 0.009532372 368.0936 -0.8864848 -0.05293659 0.45972 438.1775 0 0 0 1
0.4757835 0.01668707 0.8794041 319.7437 -0.05449502 0.9984584 0.01053723 368.0936 -0.8778726 -0.05293659 0.4759594 438.1775 0 0 0 1
0.4918898 0.01668707 0.8704975 319.7437 -0.05429183 0.9984584 0.01153852 368.0936 -0.8689631 -0.05293659 0.4920375 438.1775 0 0 0 1
0.5091696 0.01696435 0.860499 319.8423 -0.05289548 0.9985325 0.0116134 368.1199 -0.8590392 -0.0514297 0.5093197 438.7131 0 0 0 1
0.531513 0.01807322 0.8468573 320.2364 -0.04805852 0.9988053 0.008846953 368.2169 -0.8456857 -0.04540098 0.5317466 440.8557 0 0 0 1
0.5508972 0.01862748 0.8343652 320.4334 -0.04563205 0.9989277 0.007827579 368.2603 -0.8333247 -0.04238598 0.5511565 441.9272 0 0 0 1
0.5737427 0.01890457 0.8188174 320.5319 -0.04432309 0.9989853 0.007992821 368.2808 -0.8178355 -0.04087834 0.5739984 442.463 0 0 0 1
0.5837679 0.01918163 0.811694 320.6303 -0.04315963 0.9990405 0.007431353 368.3005 -0.8107727 -0.0393706 0.5840356 442.9989 0 0 0 1
0.614859 0.02164545 0.78834 321.506 -0.0250445 0.999655 -0.007914294 368.5188 -0.7882393 -0.0148774 0.615189 451.7038 0 0 0 1
