DataSet: 1
-30.322265625 94.833984375 26.103515625 9.4921875 -3.17677909520799 26.806640625 -73.828125
355.093 428.478 -107.005 566.687
-0.8466293 -0.07673136 0.5266224 355.093 0.1786381 0.891162 0.4170356 428.4775 -0.5013056 0.4471494 -0.7407767 -107.0053 0 0 0 1
DataSet: 2
-30.234375 90.439453125 22.939453125 9.4921875 -3.17677909520799 26.806640625 -73.828125
375.463 415.718 -101.528 569.299
-0.8065936 -0.1100931 0.5807636 375.4634 0.1786381 0.891162 0.4170356 415.7176 -0.5634671 0.4401248 -0.6991387 -101.5281 0 0 0 1
DataSet: 3
-30.234375 85.078125 28.037109375 9.4921875 -3.17677909520799 26.806640625 -73.828125
390.620 436.110 -77.999 590.643
-0.7504166 -0.1507351 0.6435478 390.62 0.1786381 0.891162 0.4170356 436.11 -0.6363673 0.4279126 -0.6418158 -77.99876 0 0 0 1
DataSet: 4
-30.234375 80.859375 28.037109375 9.4921875 -3.17677909520799 26.806640625 -73.828125
405.303 436.110 -64.849 598.889
-0.7015693 -0.1818059 0.689019 405.3029 0.1786381 0.891162 0.4170356 436.11 -0.6898471 0.4156644 -0.5927344 -64.84876 0 0 0 1
DataSet: 5
-30.234375 78.134765625 31.552734375 9.4921875 -3.17677909520799 26.806640625 -73.828125
409.064 449.633 -50.051 609.925
-0.6679839 -0.2013592 0.716416 409.0641 0.1786381 0.891162 0.4170356 449.6329 -0.7224167 0.4065523 -0.5593115 -50.05103 0 0 0 1
DataSet: 6
-30.234375 74.00390625 31.640625 9.4921875 -3.17677909520799 26.806640625 -73.828125
421.243 449.965 -35.789 617.409
-0.6142096 -0.2301219 0.7548447 421.2426 0.1786381 0.891162 0.4170356 449.9648 -0.7686579 0.3909913 -0.5062517 -35.78867 0 0 0 1
DataSet: 7
-30.234375 69.609375 31.640625 9.4921875 -3.17677909520799 26.806640625 -73.828125
433.192 449.965 -19.845 624.914
-0.5535063 -0.2594046 0.7914165 433.1917 0.1786381 0.891162 0.4170356 449.9648 -0.8134612 0.372209 -0.4469242 -19.84524 0 0 0 1
DataSet: 8
-30.234375 65.302734375 33.22265625 9.4921875 -3.17677909520799 26.806640625 -73.828125
440.605 455.884 -1.216 634.006
-0.4908572 -0.286623 0.8227433 440.6046 0.1786381 0.891162 0.4170356 455.8841 -0.8527296 0.3516782 -0.3862315 -1.216276 0 0 0 1
DataSet: 9
-30.234375 60.64453125 33.22265625 9.4921875 -3.17677909520799 26.806640625 -73.828125
450.360 455.884 17.171 641.053
-0.4199844 -0.3142365 0.8513921 450.3597 0.1786381 0.891162 0.4170356 455.8841 -0.8897761 0.3272395 -0.3181395 17.17056 0 0 0 1
DataSet: 10
-30.234375 57.392578125 33.22265625 9.4921875 -3.17677909520799 26.806640625 -73.828125
456.269 455.884 30.448 645.708
-0.3688339 -0.3322938 0.8680682 456.2691 0.1786381 0.891162 0.4170356 455.8841 -0.9121677 0.3088869 -0.2693305 30.44769 0 0 0 1
DataSet: 11
-30.234375 53.876953125 33.134765625 9.4921875 -3.17677909520799 26.806640625 -73.828125
461.995 455.558 45.068 650.387
-0.312205 -0.3506096 0.8829501 461.9946 0.1786381 0.891162 0.4170356 455.558 -0.9330683 0.2879291 -0.215593 45.06755 0 0 0 1
DataSet: 12
-30.234375 50.009765625 33.046875 9.4921875 -3.17677909520799 26.806640625 -73.828125
467.229 455.232 61.542 655.230
-0.2485644 -0.3692304 0.8954802 467.229 0.1786381 0.891162 0.4170356 455.2315 -0.9520001 0.2636271 -0.1555525 61.5424 0 0 0 1
DataSet: 13
-30.234375 45.791015625 33.310546875 9.4921875 -3.17677909520799 26.806640625 -73.828125
470.823 456.210 80.122 660.470
-0.1778574 -0.3876235 0.904497 470.8228 0.1786381 0.891162 0.4170356 456.2098 -0.9677061 0.2357505 -0.08925544 80.12157 0 0 0 1
DataSet: 14
-30.146484375 41.923828125 33.134765625 9.4921875 -3.17677909520799 26.806640625 -73.828125
474.039 455.558 96.370 664.480
-0.1136859 -0.4023197 0.9084131 474.0392 0.1786381 0.891162 0.4170356 455.558 -0.9773249 0.2096882 -0.02944291 96.37042 0 0 0 1
DataSet: 15
-30.146484375 38.232421875 33.310546875 9.4921875 -3.17677909520799 26.806640625 -73.828125
475.097 456.210 112.874 668.270
-0.05052726 -0.4149853 0.908424 475.0969 0.1786381 0.891162 0.4170356 456.2098 -0.9826166 0.1833508 0.02910421 112.8738 0 0 0 1
DataSet: 16
-30.234375 34.013671875 33.486328125 9.4921875 -3.17677909520799 26.806640625 -73.828125
474.855 456.860 132.463 672.127
0.02340432 -0.4275821 0.9036735 474.8547 0.1786381 0.891162 0.4170356 456.8604 -0.9836364 0.1516701 0.0972395 132.4633 0 0 0 1
DataSet: 17
-30.146484375 29.8828125 32.16796875 9.4921875 -3.17677909520799 26.806640625 -73.828125
477.261 451.949 150.137 674.224
0.09269695 -0.4372115 0.8945688 477.2614 0.1786381 0.891162 0.4170356 451.9494 -0.9795385 0.1211461 0.1607106 150.137 0 0 0 1
DataSet: 18
-30.146484375 26.015625 32.080078125 9.4921875 -3.17677909520799 26.806640625 -73.828125
475.359 451.619 167.475 676.738
0.1585498 -0.4443866 0.881693 475.3589 0.1786381 0.891162 0.4170356 451.6194 -0.9710563 0.09138303 0.2206779 167.4752 0 0 0 1
DataSet: 19
-30.146484375 22.060546875 32.255859375 9.4921875 -3.17677909520799 26.806640625 -73.828125
471.586 452.279 184.959 679.088
0.2251502 -0.4496313 0.8643721 471.5862 0.1786381 0.891162 0.4170356 452.279 -0.9578078 0.06051413 0.2809666 184.9594 0 0 0 1
DataSet: 20
-30.146484375 17.75390625 33.22265625 9.4921875 -3.17677909520799 26.806640625 -73.828125
464.301 455.884 203.219 681.692
0.2964404 -0.452906 0.8408325 464.3008 0.1786381 0.891162 0.4170356 455.8841 -0.9381959 0.02657851 0.3450826 203.2193 0 0 0 1
DataSet: 21
-30.146484375 13.18359375 29.970703125 9.4921875 -3.17677909520799 26.806640625 -73.828125
464.718 443.606 224.677 680.609
0.3702555 -0.4535838 0.8106619 464.7179 0.1786381 0.891162 0.4170356 443.6065 -0.9115916 -0.009594655 0.410985 224.6769 0 0 0 1
DataSet: 22
-30.05859375 10.01953125 29.8828125 9.4921875 -3.17677909520799 26.806640625 -73.828125
459.531 443.269 237.418 681.193
0.4186412 -0.4524153 0.7874388 459.5313 0.1786381 0.891162 0.4170356 443.2688 -0.8904089 -0.03392174 0.4538957 237.4179 0 0 0 1
DataSet: 23
-30.146484375 6.064453125 29.619140625 9.4921875 -3.17677909520799 26.806640625 -73.828125
451.500 442.254 254.617 681.374
0.4803773 -0.4488978 0.7534775 451.4998 0.1786381 0.891162 0.4170356 442.254 -0.8586769 -0.06573468 0.5082843 254.6168 0 0 0 1
DataSet: 24
-30.146484375 1.845703125 24.345703125 9.4921875 -3.17677909520799 26.806640625 -73.828125
450.861 421.428 276.356 676.202
0.5422439 -0.4428458 0.7140442 450.8607 0.1786381 0.891162 0.4170356 421.4283 -0.8210115 -0.09857953 0.5623363 276.3558 0 0 0 1
DataSet: 25
-30.146484375 -4.39453125 30.322265625 9.4921875 -3.17677909520799 26.806640625 -73.828125
423.301 444.954 293.712 680.760
0.6282729 -0.4295065 0.6486889 423.3005 0.1786381 0.891162 0.4170356 444.9542 -0.7572064 -0.1461316 0.6366192 293.7119 0 0 0 1
DataSet: 26
-30.05859375 -8.4375 31.376953125 9.4921875 -3.17677909520799 26.806640625 -73.828125
409.674 448.968 305.534 680.262
0.6790044 -0.4184043 0.6032336 409.6744 0.1786381 0.891162 0.4170356 448.9682 -0.7120684 -0.1754085 0.6798459 305.5337 0 0 0 1
DataSet: 27
-30.146484375 -11.865234375 28.4765625 9.4921875 -3.17677909520799 26.806640625 -73.828125
402.953 437.826 321.469 676.317
0.7213912 -0.4068607 0.5604098 402.9533 0.1786381 0.891162 0.4170356 437.826 -0.6690913 -0.2007353 0.7155572 321.4688 0 0 0 1
DataSet: 28
-30.146484375 -15.908203125 29.091796875 9.4921875 -3.17677909520799 26.806640625 -73.828125
387.914 440.216 332.965 674.636
0.7667699 -0.3916954 0.5085651 387.9145 0.1786381 0.891162 0.4170356 440.2164 -0.6165649 -0.2289213 0.753288 332.9647 0 0 0 1
DataSet: 29
-30.146484375 -20.126953125 27.685546875 9.4921875 -3.17677909520799 26.806640625 -73.828125
374.242 434.732 347.066 670.451
0.8100497 -0.3737936 0.4517718 374.2425 0.1786381 0.891162 0.4170356 434.7321 -0.5584872 -0.2571159 0.7886593 347.0664 0 0 0 1
DataSet: 30
-30.146484375 -24.2578125 22.67578125 9.4921875 -3.17677909520799 26.806640625 -73.828125
363.527 414.640 365.314 661.462
0.8481757 -0.3543013 0.3937874 363.5273 0.1786381 0.891162 0.4170356 414.64 -0.4986846 -0.2833741 0.8191537 365.3138 0 0 0 1
DataSet: 31
-30.146484375 -28.037109375 18.544921875 9.4921875 -3.17677909520799 26.806640625 -73.828125
350.941 397.503 379.757 652.215
0.8792012 -0.3348527 0.3389379 350.9411 0.1786381 0.891162 0.4170356 397.5032 -0.4416941 -0.306111 0.8433282 379.757 0 0 0 1
DataSet: 32
-30.146484375 -31.904296875 15.205078125 9.4921875 -3.17677909520799 26.806640625 -73.828125
335.647 383.337 391.834 642.760
0.9069889 -0.3134449 0.2812888 335.6472 0.1786381 0.891162 0.4170356 383.3368 -0.3813916 -0.3279978 0.8642673 391.834 0 0 0 1
DataSet: 33
-30.146484375 -35.947265625 12.216796875 9.4921875 -3.17677909520799 26.806640625 -73.828125
317.998 370.468 402.225 632.578
0.9316217 -0.2895396 0.219654 317.9985 0.1786381 0.891162 0.4170356 370.4683 -0.3164956 -0.3492809 0.8819486 402.2253 0 0 0 1
DataSet: 34
-30.146484375 -40.078125 15.556640625 9.4921875 -3.17677909520799 26.806640625 -73.828125
296.756 384.839 405.253 632.768
0.9520001 -0.2636271 0.1555525 296.7556 0.1786381 0.891162 0.4170356 384.8394 -0.2485643 -0.3692304 0.8954802 405.2531 0 0 0 1
DataSet: 35
-30.146484375 -44.384765625 14.150390625 9.4921875 -3.17677909520799 26.806640625 -73.828125
276.111 378.814 411.800 623.952
0.9679778 -0.2351556 0.08786781 276.1111 0.1786381 0.891162 0.4170356 378.8138 -0.1763727 -0.3879847 0.9046328 411.7998 0 0 0 1
DataSet: 36
-30.146484375 -47.98828125 23.291015625 9.4921875 -3.17677909520799 26.806640625 -73.828125
255.463 417.151 402.073 633.197
0.9771494 -0.2103051 0.03083632 255.4633 0.1786381 0.891162 0.4170356 417.1509 -0.1151849 -0.4019976 0.9083669 402.0725 0 0 0 1
DataSet: 37
-30.146484375 -51.6796875 25.3125 9.4921875 -3.17677909520799 26.806640625 -73.828125
237.191 425.318 400.159 630.303
0.982538 -0.1839871 -0.02771071 237.191 0.1786381 0.891162 0.4170356 425.318 -0.05203447 -0.4147035 0.9084676 400.1587 0 0 0 1
DataSet: 38
-30.234375 -56.25 24.78515625 9.4921875 -3.17677909520799 26.806640625 -73.828125
214.860 423.200 402.008 621.991
0.9835183 -0.1497007 -0.1013971 214.8598 0.1786381 0.891162 0.4170356 423.2001 0.02793074 -0.4282756 0.9032164 402.0079 0 0 0 1
DataSet: 39
-30.322265625 -59.765625 23.642578125 9.4921875 -3.17677909520799 26.806640625 -73.828125
197.441 418.581 403.591 614.067
0.9798183 -0.1224869 -0.1579654 197.441 0.1786381 0.891162 0.4170356 418.5806 0.08969137 -0.4368378 0.8950577 403.5915 0 0 0 1
DataSet: 40
-30.322265625 -64.3359375 21.26953125 9.4921875 -3.17677909520799 26.806640625 -73.828125
175.243 408.859 404.983 601.570
0.9695559 -0.08728912 -0.2287835 175.243 0.1786381 0.891162 0.4170356 408.8589 0.1674805 -0.4452088 0.8796245 404.9827 0 0 0 1
DataSet: 41
-30.322265625 -67.8515625 19.599609375 9.4921875 -3.17677909520799 26.806640625 -73.828125
157.988 401.922 404.322 591.589
0.9574613 -0.05982431 -0.2822922 157.988 0.1786381 0.891162 0.4170356 401.9221 0.2266192 -0.4497236 0.8639401 404.3215 0 0 0 1
DataSet: 42
-30.41015625 -71.89453125 18.017578125 9.4921875 -3.17677909520799 26.806640625 -73.828125
137.581 395.283 401.736 580.146
0.9386495 -0.02727321 -0.3437925 137.5805 0.1786381 0.891162 0.4170356 395.2834 0.2950009 -0.4528647 0.8413608 401.7365 0 0 0 1
DataSet: 43
-30.41015625 -75.9375 16.787109375 9.4921875 -3.17677909520799 26.806640625 -73.828125
118.065 390.078 396.878 568.869
0.9155148 0.004723694 -0.4022567 118.0647 0.1786381 0.891162 0.4170356 390.0783 0.3604458 -0.4536606 0.8150281 396.8777 0 0 0 1
DataSet: 44
-30.322265625 -79.8046875 16.787109375 9.4921875 -3.17677909520799 26.806640625 -73.828125
100.796 390.078 389.301 560.247
0.8897656 0.03461572 -0.4551032 100.7963 0.1786381 0.891162 0.4170356 390.0783 0.4200066 -0.4523627 0.7867416 389.3014 0 0 0 1
DataSet: 45
-30.41015625 -84.0234375 15.8203125 9.4921875 -3.17677909520799 26.806640625 -73.828125
80.832 385.965 381.100 548.398
0.8557132 0.06848784 -0.512898 80.83157 0.1786381 0.891162 0.4170356 385.9648 0.485637 -0.448486 0.7503446 381.1005 0 0 0 1
DataSet: 46
-30.41015625 -87.978515625 14.58984375 9.4921875 -3.17677909520799 26.806640625 -73.828125
63.063 380.701 372.224 536.154
0.8201788 0.09925876 -0.563431 63.06253 0.1786381 0.891162 0.4170356 380.701 0.5435027 -0.442694 0.7131808 372.2238 0 0 0 1
DataSet: 47
-30.41015625 -92.900390625 14.150390625 9.4921875 -3.17677909520799 26.806640625 -73.828125
42.467 378.814 358.346 523.178
0.7705234 0.1368747 -0.6225424 42.4675 0.1786381 0.891162 0.4170356 378.8138 0.6118677 -0.4325455 0.6622101 358.3456 0 0 0 1
DataSet: 48
-30.41015625 -90.17578125 14.0625 9.4921875 -3.17677909520799 26.806640625 -73.828125
53.541 378.436 366.562 529.573
0.7987378 0.1161587 -0.5903602 53.54123 0.1786381 0.891162 0.4170356 378.4359 0.5745488 -0.4385629 0.6910544 366.5618 0 0 0 1
DataSet: 49
-30.41015625 -86.30859375 12.919921875 9.4921875 -3.17677909520799 26.806640625 -73.828125
69.438 373.511 378.238 536.093
0.8356689 0.08631583 -0.5424085 69.43781 0.1786381 0.891162 0.4170356 373.5106 0.5193706 -0.4453985 0.7292971 378.2383 0 0 0 1
DataSet: 50
-30.41015625 -82.08984375 12.83203125 9.4921875 -3.17677909520799 26.806640625 -73.828125
88.177 373.131 388.649 545.939
0.871612 0.0533164 -0.4872884 88.17661 0.1786381 0.891162 0.4170356 373.1308 0.4564878 -0.4505415 0.7672231 388.6487 0 0 0 1
DataSet: 51
-30.322265625 -78.046875 12.48046875 9.4921875 -3.17677909520799 26.806640625 -73.828125
107.341 371.610 397.389 554.557
0.9022306 0.02072329 -0.4307559 107.3406 0.1786381 0.891162 0.4170356 371.6101 0.3925156 -0.4532117 0.8003316 397.3887 0 0 0 1
DataSet: 52
-30.322265625 -73.916015625 12.568359375 9.4921875 -3.17677909520799 26.806640625 -73.828125
127.040 371.990 404.669 564.157
0.9281614 -0.0119775 -0.3719852 127.0404 0.1786381 0.891162 0.4170356 371.9904 0.326504 -0.4535271 0.8292818 404.6692 0 0 0 1
DataSet: 53
-30.322265625 -69.873046875 12.48046875 9.4921875 -3.17677909520799 26.806640625 -73.828125
146.745 371.610 410.566 572.881
0.9488716 -0.04392343 -0.3125913 146.7448 0.1786381 0.891162 0.4170356 371.6101 0.2602519 -0.451554 0.8534448 410.5658 0 0 0 1
DataSet: 54
-30.322265625 -65.830078125 12.48046875 9.4921875 -3.17677909520799 26.806640625 -73.828125
166.831 371.610 414.975 581.490
0.9648593 -0.07565074 -0.2516417 166.8309 0.1786381 0.891162 0.4170356 371.6101 0.1927045 -0.4473335 0.87336 414.9753 0 0 0 1
DataSet: 55
-30.322265625 -61.259765625 10.810546875 9.4921875 -3.17677909520799 26.806640625 -73.828125
189.804 364.360 419.734 587.334
0.9771464 -0.1110548 -0.1812501 189.8044 0.1786381 0.891162 0.4170356 364.3597 0.1152094 -0.4398831 0.8906344 419.7344 0 0 0 1
DataSet: 56
-30.234375 -58.095703125 16.435546875 9.4921875 -3.17677909520799 26.806640625 -73.828125
206.413 388.585 414.731 604.654
0.9821085 -0.1358292 -0.1304354 206.413 0.1786381 0.891162 0.4170356 388.5849 0.05959343 -0.4328749 0.899482 414.7305 0 0 0 1
DataSet: 57
-30.234375 -54.140625 19.423828125 9.4921875 -3.17677909520799 26.806640625 -73.828125
225.828 401.188 410.888 617.073
0.9838799 -0.1653629 -0.06808355 225.8284 0.1786381 0.891162 0.4170356 401.1875 -0.008288766 -0.4224753 0.9063365 410.8884 0 0 0 1
DataSet: 58
-30.234375 -50.361328125 18.896484375 9.4921875 -3.17677909520799 26.806640625 -73.828125
244.593 398.979 410.610 622.583
0.981194 -0.1928501 -0.008195811 244.5927 0.1786381 0.891162 0.4170356 398.9792 -0.07312157 -0.410657 0.9088532 410.6095 0 0 0 1
DataSet: 59
-30.234375 -46.23046875 18.45703125 9.4921875 -3.17677909520799 26.806640625 -73.828125
265.038 397.134 408.670 628.468
0.9733777 -0.2219306 0.05729441 265.0384 0.1786381 0.891162 0.4170356 397.1337 -0.1436116 -0.3956982 0.9070825 408.6704 0 0 0 1
DataSet: 60
-30.234375 -42.451171875 18.193359375 9.4921875 -3.17677909520799 26.806640625 -73.828125
283.555 396.024 405.406 633.713
0.961795 -0.2475298 0.1169587 283.5552 0.1786381 0.891162 0.4170356 396.0241 -0.2074579 -0.3802095 0.9013335 405.4057 0 0 0 1
DataSet: 61
-30.146484375 -38.14453125 16.611328125 9.4921875 -3.17677909520799 26.806640625 -73.828125
305.602 389.332 401.290 637.186
0.9430712 -0.2759352 0.1856785 305.6022 0.1786381 0.891162 0.4170356 389.3319 -0.2805444 -0.3601251 0.8897218 401.2898 0 0 0 1
DataSet: 62
-30.146484375 -34.1015625 16.611328125 9.4921875 -3.17677909520799 26.806640625 -73.828125
324.687 389.332 394.548 642.394
0.9209446 -0.300639 0.2479458 324.6873 0.1786381 0.891162 0.4170356 389.3319 -0.3463371 -0.3397742 0.8744165 394.5482 0 0 0 1
DataSet: 63
-30.146484375 -30.41015625 16.171875 9.4921875 -3.17677909520799 26.806640625 -73.828125
341.929 387.463 387.710 646.036
0.8967358 -0.3218908 0.3037287 341.9289 0.1786381 0.891162 0.4170356 387.463 -0.4049114 -0.3197133 0.8566389 387.7101 0 0 0 1
DataSet: 64
-30.146484375 -26.455078125 15.1171875 9.4921875 -3.17677909520799 26.806640625 -73.828125
360.275 382.961 379.709 648.565
0.8666717 -0.3431762 0.3620914 360.2753 0.1786381 0.891162 0.4170356 382.9607 -0.4657988 -0.2967497 0.8336493 379.7088 0 0 0 1
DataSet: 65
-30.146484375 -22.5 21.62109375 9.4921875 -3.17677909520799 26.806640625 -73.828125
371.822 410.310 362.190 661.655
0.8324795 -0.362827 0.4187295 371.8221 0.1786381 0.891162 0.4170356 410.3095 -0.5244676 -0.2723726 0.8066888 362.1895 0 0 0 1
DataSet: 66
-30.05859375 -18.193359375 21.09375 9.4921875 -3.17677909520799 26.806640625 -73.828125
390.115 408.132 350.137 664.348
0.7898453 -0.3826306 0.47931 390.1151 0.1786381 0.891162 0.4170356 408.1323 -0.5867135 -0.2437706 0.7722326 350.1375 0 0 0 1
DataSet: 67
-30.05859375 -14.326171875 20.390625 9.4921875 -3.17677909520799 26.806640625 -73.828125
405.550 405.217 338.918 665.986
0.7484767 -0.3982002 0.5303011 405.5504 0.1786381 0.891162 0.4170356 405.2173 -0.6386479 -0.2174095 0.7381477 338.9181 0 0 0 1
DataSet: 68
-30.146484375 -10.01953125 20.478515625 9.4921875 -3.17677909520799 26.806640625 -73.828125
420.321 405.582 324.932 668.392
0.6994668 -0.4131149 0.5831657 420.321 0.1786381 0.891162 0.4170356 405.5824 -0.6919788 -0.187527 0.6971363 324.9322 0 0 0 1
DataSet: 69
-30.05859375 -5.9765625 20.478515625 9.4921875 -3.17677909520799 26.806640625 -73.828125
434.213 405.582 309.627 670.005
0.6478032 -0.4255501 0.6318687 434.2125 0.1786381 0.891162 0.4170356 405.5824 -0.740567 -0.1572812 0.6533171 309.6267 0 0 0 1
DataSet: 70
-30.05859375 1.93359375 18.984375 9.4921875 -3.17677909520799 26.806640625 -73.828125
459.247 399.348 279.443 669.683
0.5397225 -0.4431461 0.7157661 459.2471 0.1786381 0.891162 0.4170356 399.3478 -0.8226713 -0.09722044 0.560143 279.4434 0 0 0 1
DataSet: 71
-30.146484375 6.767578125 19.072265625 9.4921875 -3.17677909520799 26.806640625 -73.828125
470.709 399.716 259.400 669.797
0.4698038 -0.4496707 0.7596582 470.7088 0.1786381 0.891162 0.4170356 399.7161 -0.8645073 -0.06022106 0.4989997 259.3996 0 0 0 1
DataSet: 72
-30.146484375 11.07421875 23.5546875 9.4921875 -3.17677909520799 26.806640625 -73.828125
473.076 418.224 237.814 674.735
0.4035578 -0.4529233 0.7949853 473.0758 0.1786381 0.891162 0.4170356 418.2235 -0.8973458 -0.02628331 0.4405447 237.8144 0 0 0 1
DataSet: 73
-30.146484375 15.029296875 23.73046875 9.4921875 -3.17677909520799 26.806640625 -73.828125
479.775 418.937 219.990 673.861
0.3407028 -0.4536575 0.8234783 479.7751 0.1786381 0.891162 0.4170356 418.9374 -0.9230439 0.005019361 0.3846619 219.9901 0 0 0 1
DataSet: 74
-30.146484375 18.193359375 21.796875 9.4921875 -3.17677909520799 26.806640625 -73.740234375
487.725 411.034 206.178 670.323
0.2905293 -0.4526889 0.8430098 487.7248 0.1792776 0.891162 0.4167611 411.0335 -0.9399214 0.03005145 0.3400657 206.1782 0 0 0 1
DataSet: 75
-30.146484375 22.060546875 22.060546875 9.4921875 -3.17677909520799 26.806640625 -73.828125
491.984 412.118 187.857 668.715
0.2251502 -0.4496313 0.8643721 491.9844 0.1786381 0.891162 0.4170356 412.1179 -0.9578078 0.06051413 0.2809666 187.8574 0 0 0 1
DataSet: 76
-30.146484375 26.3671875 23.203125 9.4921875 -3.17677909520799 26.806640625 -73.828125
493.798 416.793 167.108 667.442
0.1525885 -0.4438175 0.8830305 493.7984 0.1786381 0.891162 0.4170356 416.793 -0.9720109 0.09410802 0.2152638 167.1076 0 0 0 1
DataSet: 77
-30.146484375 29.8828125 23.90625 9.4921875 -3.17677909520799 26.806640625 -73.828125
494.462 419.650 150.216 665.705
0.09269695 -0.4372115 0.8945688 494.4618 0.1786381 0.891162 0.4170356 419.6503 -0.9795385 0.1211461 0.1607106 150.2161 0 0 0 1
DataSet: 78
-30.146484375 33.837890625 25.576171875 9.4921875 -3.17677909520799 26.806640625 -73.828125
492.278 426.373 131.406 664.379
0.02491317 -0.4278143 0.9035233 492.2781 0.1786381 0.891162 0.4170356 426.3735 -0.9835994 0.151014 0.0986256 131.4063 0 0 0 1
DataSet: 79
-30.146484375 38.583984375 25.83984375 9.4921875 -3.17677909520799 26.806640625 -73.828125
491.160 427.427 108.910 660.146
-0.05655553 -0.4138525 0.9085855 491.1598 0.1786381 0.891162 0.4170356 427.4267 -0.9822881 0.1858937 0.02352967 108.9098 0 0 0 1
DataSet: 80
-30.146484375 42.01171875 27.333984375 9.4921875 -3.17677909520799 26.806640625 -73.828125
486.658 433.350 93.319 658.283
-0.1151849 -0.4019976 0.9083669 486.6578 0.1786381 0.891162 0.4170356 433.3498 -0.9771494 0.2103052 -0.03083636 93.31895 0 0 0 1
DataSet: 81
-30.146484375 46.7578125 27.24609375 9.4921875 -3.17677909520799 26.806640625 -73.828125
483.080 433.004 71.293 652.642
-0.1956396 -0.3832185 0.9027008 483.0802 0.1786381 0.891162 0.4170356 433.0036 -0.9642684 0.2428454 -0.1058891 71.29259 0 0 0 1
DataSet: 82
-30.146484375 50.537109375 27.333984375 9.4921875 -3.17677909520799 26.806640625 -73.828125
478.631 433.350 54.113 647.926
-0.2587723 -0.3663783 0.8937582 478.631 0.1786381 0.891162 0.4170356 433.3498 -0.9492762 0.2675765 -0.1651589 54.1133 0 0 0 1
DataSet: 83
-30.146484375 54.228515625 27.333984375 9.4921875 -3.17677909520799 26.806640625 -73.828125
473.365 433.350 37.591 642.868
-0.3193523 -0.3483909 0.8812706 473.3648 0.1786381 0.891162 0.4170356 433.3498 -0.9306463 0.2906098 -0.2223588 37.59149 0 0 0 1
DataSet: 84
-30.146484375 58.271484375 27.333984375 9.4921875 -3.17677909520799 26.806640625 -73.828125
466.390 433.350 19.927 636.953
-0.3841724 -0.3270346 0.8634002 466.3901 0.1786381 0.891162 0.4170356 433.3498 -0.9058145 0.3144498 -0.283939 19.92698 0 0 0 1
DataSet: 85
-30.146484375 61.962890625 27.333984375 9.4921875 -3.17677909520799 26.806640625 -73.828125
458.948 433.350 4.264 631.224
-0.4416941 -0.306111 0.8433282 458.9483 0.1786381 0.891162 0.4170356 433.3498 -0.8792012 0.3348527 -0.3389379 4.264196 0 0 0 1
DataSet: 86
-30.146484375 66.005859375 27.421875 9.4921875 -3.17677909520799 26.806640625 -73.828125
449.515 433.696 -12.196 624.743
-0.5025826 -0.2817406 0.8173328 449.5146 0.1786381 0.891162 0.4170356 433.6958 -0.8458718 0.3556016 -0.3975529 -12.19599 0 0 0 1
DataSet: 87
-30.146484375 70.751953125 27.59765625 9.4921875 -3.17677909520799 26.806640625 -73.828125
436.889 434.387 -30.502 616.843
-0.570847 -0.251352 0.7816367 436.8895 0.1786381 0.891162 0.4170356 434.387 -0.8013876 0.3776936 -0.4638161 -30.50198 0 0 0 1
DataSet: 88
-30.146484375 74.267578125 27.59765625 9.4921875 -3.17677909520799 26.806640625 -73.828125
426.788 434.387 -43.526 610.520
-0.6189144 -0.2277185 0.7517242 426.7881 0.1786381 0.891162 0.4170356 434.387 -0.7648748 0.3923959 -0.5108738 -43.52611 0 0 0 1
DataSet: 89
-30.234375 78.134765625 31.9921875 9.4921875 -3.17677909520799 26.806640625 -73.828125
408.376 451.289 -49.290 610.625
-0.6679839 -0.2013592 0.716416 408.3763 0.1786381 0.891162 0.4170356 451.2891 -0.7224167 0.4065523 -0.5593115 -49.28991 0 0 0 1
DataSet: 90
-30.234375 81.9140625 31.9921875 9.4921875 -3.17677909520799 26.806640625 -73.828125
396.286 451.289 -61.357 603.713
-0.7141482 -0.174124 0.677992 396.2864 0.1786381 0.891162 0.4170356 451.2891 -0.6768166 0.4189405 -0.6053166 -61.35741 0 0 0 1
DataSet: 91
-30.234375 85.78125 32.783203125 9.4921875 -3.17677909520799 26.806640625 -73.828125
382.057 454.250 -71.304 597.825
-0.7581694 -0.1454726 0.6356233 382.0569 0.1786381 0.891162 0.4170356 454.2503 -0.6271106 0.4297302 -0.6496648 -71.30424 0 0 0 1
DataSet: 92
-30.234375 90.087890625 32.783203125 9.4921875 -3.17677909520799 26.806640625 -73.828125
366.639 454.250 -82.953 589.617
-0.803121 -0.1127916 0.5850425 366.6388 0.1786381 0.891162 0.4170356 454.2503 -0.5684057 0.439441 -0.6955621 -82.95271 0 0 0 1
