0.11626910418272018 0.3635062575340271 -0.924307644367218 6.289549827575684 
-0.87894606590271 -0.3957226574420929 -0.2661904990673065 -218.3985595703125 
-0.4625314176082611 0.8433663249015808 0.27349206805229187 -1286.3734130859375 
0.0 0.0 0.0 1.0
0.13604672253131866 0.373044490814209 -0.9177848696708679 12.016498565673828 
-0.8920211791992188 -0.3569306433200836 -0.27730631828308105 -202.39137268066406 
-0.43103310465812683 0.8564101457595825 0.28420430421829224 -1278.6724853515625 
0.0 0.0 0.0 1.0
0.15215396881103516 0.3840622305870056 -0.9106839895248413 17.380945205688477 
-0.9020732045173645 -0.32255372405052185 -0.28674569725990295 -187.91888427734375 
-0.40387269854545593 0.8651331067085266 0.29737433791160583 -1272.5716552734375 
0.0 0.0 0.0 1.0
0.17491424083709717 0.395361065864563 -0.9017176032066345 24.115467071533203 
-0.9139328598976135 -0.2754707336425781 -0.29806479811668396 -167.92454528808594 
-0.3662400245666504 0.8762450814247131 0.31314975023269653 -1265.03125 
0.0 0.0 0.0 1.0
0.19348014891147614 0.4038615822792053 -0.8941259384155273 28.77890968322754 
-0.9215376973152161 -0.23790575563907623 -0.306869775056839 -151.65870666503906 
-0.3366506099700928 0.8833440542221069 0.32614362239837646 -1259.5567626953125 
0.0 0.0 0.0 1.0
0.20884904265403748 0.4097866415977478 -0.8879510164260864 32.535579681396484 
-0.9271749258041382 -0.20578888058662415 -0.31304559111595154 -137.98094177246094 
-0.3110123574733734 0.8886651992797852 0.33696508407592773 -1255.4786376953125 
0.0 0.0 0.0 1.0
0.23257264494895935 0.4172256588935852 -0.8785400390625 37.68035888671875 
-0.9337319731712341 -0.15696178376674652 -0.3217257857322693 -116.85464477539062 
-0.27212947607040405 0.8951456546783447 0.3530719578266144 -1250.0299072265625 
0.0 0.0 0.0 1.0
0.2514244616031647 0.423710435628891 -0.8702041506767273 41.78278732299805 
-0.9370722770690918 -0.11846122145652771 -0.32842427492141724 -99.86961364746094 
-0.242242231965065 0.8980180621147156 0.3672632575035095 -1246.5367431640625 
0.0 0.0 0.0 1.0
0.2662554085254669 0.4268166720867157 -0.864254355430603 44.0734748840332 
-0.9386916160583496 -0.08890983462333679 -0.33309629559516907 -86.80963134765625 
-0.21901173889636993 0.899957001209259 0.37697649002075195 -1244.0357666015625 
0.0 0.0 0.0 1.0
0.2925088703632355 0.4332851469516754 -0.8524685502052307 48.62567138671875 
-0.940238893032074 -0.032196350395679474 -0.33899012207984924 -62.01609802246094 
-0.17432570457458496 0.9006816148757935 0.39797377586364746 -1240.58447265625 
0.0 0.0 0.0 1.0
0.316436767578125 0.4363292455673218 -0.8423089981079102 51.644561767578125 
-0.9389157891273499 0.017420269548892975 -0.34370583295822144 -40.260765075683594 
-0.13529568910598755 0.89961838722229 0.41518884897232056 -1238.4334716796875 
0.0 0.0 0.0 1.0
0.33727648854255676 0.43998146057128906 -0.8322625160217285 54.391334533691406 
-0.9359031915664673 0.061265718191862106 -0.34688860177993774 -20.826562881469727 
-0.1016353890299797 0.8959144949913025 0.4324435591697693 -1237.4716796875 
0.0 0.0 0.0 1.0
0.35471677780151367 0.4404708743095398 -0.8247190117835999 55.682594299316406 
-0.9320756793022156 0.09719313681125641 -0.3489820659160614 -4.817294597625732 
-0.07355944067239761 0.8924902677536011 0.4450282156467438 -1236.9989013671875 
0.0 0.0 0.0 1.0
0.37645286321640015 0.44099000096321106 -0.8147460222244263 57.54088592529297 
-0.9256033301353455 0.1417597383260727 -0.35094547271728516 15.20118236541748 
-0.03926524892449379 0.8862460255622864 0.4615476727485657 -1237.39501953125 
0.0 0.0 0.0 1.0
0.39738574624061584 0.4398973882198334 -0.8053414225578308 58.52272033691406 
-0.9176324605941772 0.18481913208961487 -0.35184159874916077 34.726356506347656 
-0.0059317052364349365 0.8788242936134338 0.4771086573600769 -1238.3314208984375 
0.0 0.0 0.0 1.0
0.3982810378074646 0.44019457697868347 -0.8047365546226501 58.58514404296875 
-0.9172610640525818 0.18913543224334717 -0.3505137860774994 36.69354248046875 
-0.0020900664385408163 0.8777565360069275 0.47910240292549133 -1238.4576416015625 
0.0 0.0 0.0 1.0
0.4176552891731262 0.43821507692337036 -0.7959469556808472 59.1957893371582 
-0.908194899559021 0.22767558693885803 -0.3512062132358551 54.24143981933594 
0.027313798666000366 0.8695581555366516 0.4930746555328369 -1240.0572509765625 
0.0 0.0 0.0 1.0
0.4380510747432709 0.43463680148124695 -0.7868939638137817 59.49723815917969 
-0.897078812122345 0.2678050696849823 -0.35146841406822205 72.64234924316406 
0.05797306075692177 0.8598670363426208 0.5072157382965088 -1242.4268798828125 
0.0 0.0 0.0 1.0
0.45976051688194275 0.4308242201805115 -0.7765376567840576 59.54264831542969 
-0.883349597454071 0.31165146827697754 -0.35009539127349854 92.9044189453125 
0.09117951989173889 0.8469142913818359 0.5238534808158875 -1245.8814697265625 
0.0 0.0 0.0 1.0
0.4798988997936249 0.42495858669281006 -0.7675331830978394 58.75489044189453 
-0.8687942028045654 0.3518901765346527 -0.3483818769454956 111.57960510253906 
0.1220395565032959 0.8340165019035339 0.5380733013153076 -1249.6337890625 
0.0 0.0 0.0 1.0
0.49842262268066406 0.41905489563941956 -0.7589254975318909 57.80189895629883 
-0.8540118336677551 0.38791900873184204 -0.3466736376285553 128.71270751953125 
0.1491263508796692 0.8209213018417358 0.551225483417511 -1253.7689208984375 
0.0 0.0 0.0 1.0
0.5160666108131409 0.4126826822757721 -0.7505785822868347 56.34138488769531 
-0.8383600115776062 0.42298322916030884 -0.3438570201396942 145.23597717285156 
0.17557832598686218 0.8067082166671753 0.564264178276062 -1258.2388916015625 
0.0 0.0 0.0 1.0
0.5384369492530823 0.40337902307510376 -0.7398452758789062 54.14445877075195 
-0.8160759806632996 0.4684286415576935 -0.33851829171180725 166.69125366210938 
0.21001356840133667 0.786040723323822 0.5814071893692017 -1265.0543212890625 
0.0 0.0 0.0 1.0
0.5626198053359985 0.3907983899116516 -0.7285159826278687 51.018314361572266 
-0.7893151640892029 0.5159791707992554 -0.33278679847717285 189.61585998535156 
0.24584655463695526 0.762261152267456 0.5987632274627686 -1273.4783935546875 
0.0 0.0 0.0 1.0
0.5834072828292847 0.38000139594078064 -0.71779865026474 47.7735481262207 
-0.7637689113616943 0.5572600364685059 -0.3257581889629364 209.5677032470703 
0.2762119472026825 0.7382819652557373 0.6153427958488464 -1281.889404296875 
0.0 0.0 0.0 1.0
0.5984136462211609 0.37145566940307617 -0.7098745107650757 44.90248489379883 
-0.7435672879219055 0.5874263644218445 -0.31943389773368835 224.18336486816406 
0.2983434796333313 0.718993067741394 0.6277261972427368 -1288.6461181640625 
0.0 0.0 0.0 1.0
0.5962799787521362 0.37262824177742004 -0.7110544443130493 45.53440856933594 
-0.7462614178657532 0.5837505459785461 -0.3198894262313843 222.39300537109375 
0.2958785891532898 0.7213761210441589 0.6261568069458008 -1287.92333984375 
0.0 0.0 0.0 1.0
0.5698139071464539 0.38706907629966736 -0.7249066233634949 49.91325378417969 
-0.7794091105461121 0.5341314673423767 -0.32745233178138733 198.45703125 
0.26044875383377075 0.7515857219696045 0.6060407161712646 -1277.20654296875 
0.0 0.0 0.0 1.0
0.5248019099235535 0.4087514281272888 -0.7466627359390259 55.39286804199219 
-0.828303873538971 0.44740206003189087 -0.3372597098350525 157.03228759765625 
0.1962030529975891 0.7954581379890442 0.5733678340911865 -1261.9351806640625 
0.0 0.0 0.0 1.0
0.5058537125587463 0.41529393196105957 -0.7560707926750183 56.866153717041016 
-0.8460357785224915 0.4098898768424988 -0.3409014046192169 139.2882080078125 
0.16833151876926422 0.8121091723442078 0.5586978197097778 -1256.5396728515625 
0.0 0.0 0.0 1.0
0.48679208755493164 0.4213417172431946 -0.7651827335357666 58.159202575683594 
-0.8621153235435486 0.3728148937225342 -0.3431708514690399 121.84902954101562 
0.14067929983139038 0.8267285823822021 0.5447284579277039 -1252.0360107421875 
0.0 0.0 0.0 1.0
0.46492329239845276 0.4278070330619812 -0.775130569934845 58.82878112792969 
-0.8788040280342102 0.3292677402496338 -0.34537842869758606 101.54033660888672 
0.10747018456459045 0.841762363910675 0.5290427803993225 -1247.38427734375 
0.0 0.0 0.0 1.0
0.44115620851516724 0.4341624975204468 -0.7854197025299072 59.476463317871094 
-0.8945602178573608 0.2826806902885437 -0.3461988866329193 80.09858703613281 
0.07171639800071716 0.8553329706192017 0.5130908489227295 -1243.6312255859375 
0.0 0.0 0.0 1.0
0.4187639653682709 0.43781086802482605 -0.7955868244171143 59.22478485107422 
-0.9072926640510559 0.23853899538516998 -0.3462934195995331 59.699153900146484 
0.03816744685173035 0.8668453097343445 0.4971141219139099 -1240.7547607421875 
0.0 0.0 0.0 1.0
0.39438754320144653 0.44037488102912903 -0.8065533638000488 58.50213623046875 
-0.9189441204071045 0.18929100036621094 -0.34599214792251587 37.36599349975586 
0.0003070235252380371 0.8776324987411499 0.4793339669704437 -1238.5699462890625 
0.0 0.0 0.0 1.0
0.3781970143318176 0.44088324904441833 -0.8139956593513489 57.594810485839844 
-0.9253745675086975 0.15585602819919586 -0.34552955627441406 22.19388771057129 
-0.02547210268676281 0.8839291930198669 0.4669264853000641 -1237.565185546875 
0.0 0.0 0.0 1.0
0.3582138419151306 0.44045349955558777 -0.8232153654098511 55.97941589355469 
-0.9319231510162354 0.11524003744125366 -0.34385886788368225 3.8320255279541016 
-0.05658647418022156 0.890348494052887 0.45174941420555115 -1236.9334716796875 
0.0 0.0 0.0 1.0
0.3374183773994446 0.4387810528278351 -0.8328385353088379 54.12757873535156 
-0.9371136426925659 0.07268015295267105 -0.34137314558029175 -15.360410690307617 
-0.08925727009773254 0.8956499099731445 0.4357113242149353 -1237.083251953125 
0.0 0.0 0.0 1.0
0.31108540296554565 0.4364811182022095 -0.8442216515541077 51.1478385925293 
-0.9410786628723145 0.01748555898666382 -0.3377356231212616 -39.58102798461914 
-0.13265350461006165 0.8995435237884521 0.41620251536369324 -1238.259765625 
0.0 0.0 0.0 1.0
0.28573185205459595 0.4312998950481415 -0.8557673692703247 47.670047760009766 
-0.9423680305480957 -0.035746753215789795 -0.33266302943229675 -63.181434631347656 
-0.17406845092773438 0.9015002250671387 0.39622923731803894 -1240.5853271484375 
0.0 0.0 0.0 1.0
0.2591975927352905 0.4264014661312103 -0.8666016459465027 43.31524658203125 
-0.940523624420166 -0.09259290993213654 -0.32686665654182434 -87.93228149414062 
-0.2196175903081894 0.8997824192047119 0.3770408034324646 -1244.16845703125 
0.0 0.0 0.0 1.0
0.2389661818742752 0.42170020937919617 -0.874679446220398 40.02042007446289 
-0.9378198981285095 -0.13332714140415192 -0.3204961121082306 -105.83981323242188 
-0.2517717778682709 0.8968794941902161 0.3636181354522705 -1247.7435302734375 
0.0 0.0 0.0 1.0
0.22144724428653717 0.4156133830547333 -0.8821715712547302 36.14800262451172 
-0.9339573979377747 -0.16982606053352356 -0.31445613503456116 -121.91651153564453 
-0.280507892370224 0.8935461044311523 0.35055768489837646 -1251.3155517578125 
0.0 0.0 0.0 1.0
0.1999722570180893 0.40673887729644775 -0.8913890719413757 30.821292877197266 
-0.9273325204849243 -0.21515195071697235 -0.30620908737182617 -141.58477783203125 
-0.3163312077522278 0.8878474831581116 0.334157794713974 -1256.3912353515625 
0.0 0.0 0.0 1.0
0.16801097989082336 0.3929923474788666 -0.9040626287460327 22.397281646728516 
-0.9135619401931763 -0.2824956774711609 -0.29257604479789734 -170.4758758544922 
-0.3703739047050476 0.8750731945037842 0.3115605115890503 -1265.7652587890625 
0.0 0.0 0.0 1.0
0.13972605764865875 0.37790894508361816 -0.9152384996414185 14.010564804077148 
-0.897140622138977 -0.34286588430404663 -0.27853503823280334 -196.2296905517578 
-0.41906487941741943 0.8600162267684937 0.2911301255226135 -1276.0191650390625 
0.0 0.0 0.0 1.0
0.12866659462451935 0.3708168566226959 -0.9197498559951782 10.612664222717285 
-0.889144778251648 -0.3675854802131653 -0.2725851237773895 -206.56175231933594 
-0.4391658306121826 0.8528633713722229 0.2824138402938843 -1280.7891845703125 
0.0 0.0 0.0 1.0
0.11228326708078384 0.3606707751750946 -0.9259098172187805 4.826125621795654 
-0.8763990998268127 -0.4032072424888611 -0.2633410096168518 -221.3236083984375 
-0.46831294894218445 0.8410353660583496 0.27081814408302307 -1287.8416748046875 
0.0 0.0 0.0 1.0
