DataSet: 1
-1.142578125 34.27734375 1.7578125 3.8671875 1.14483237471187 2.109375 -95.537109375
613.836 362.880 -248.185 755.031
-0.6758782 -0.04141132 0.735849 613.8362 -0.02343738 0.9991229 0.03470031 362.8797 -0.7366405 0.006206815 -0.676256 -248.1851 0 0 0 1
DataSet: 2
-1.142578125 31.9921875 1.669921875 3.8671875 1.25931342353891 2.109375 -95.537109375
623.254 362.475 -234.223 758.086
-0.645941 -0.04276279 0.7621887 623.2538 -0.02542554 0.999081 0.03450602 362.4753 -0.7629638 0.002909794 -0.6464346 -234.2231 0 0 0 1
DataSet: 3
-1.142578125 29.8828125 1.669921875 3.8671875 1.25931342353891 2.109375 -95.537109375
631.811 362.475 -220.468 761.039
-0.6174207 -0.04284092 0.7854657 631.8111 -0.02542554 0.999081 0.03450602 362.4753 -0.7862222 0.001333843 -0.6179425 -220.4679 0 0 0 1
DataSet: 4
-1.142578125 27.0703125 1.7578125 3.8671875 1.14483237471187 2.109375 -95.537109375
642.764 362.880 -201.035 765.012
-0.5781231 -0.04186282 0.8148749 642.7643 -0.02343738 0.9991229 0.03470031 362.8797 -0.8156129 0.0009625204 -0.5785972 -201.0347 0 0 0 1
DataSet: 5
-1.142578125 24.78515625 1.7578125 3.8671875 1.14483237471187 2.109375 -95.537109375
650.673 362.880 -185.368 767.736
-0.5451425 -0.0418679 0.8372973 650.673 -0.02343738 0.9991229 0.03470031 362.8797 -0.8380157 -0.0007074382 -0.5456457 -185.3676 0 0 0 1
DataSet: 6
-1.142578125 22.8515625 1.7578125 3.8671875 1.14483237471187 2.109375 -95.537109375
656.872 362.880 -171.873 769.872
-0.5165564 -0.04182019 0.8552312 656.8725 -0.02343738 0.9991229 0.03470031 362.8797 -0.8559323 -0.002119708 -0.5170835 -171.8733 0 0 0 1
DataSet: 7
-1.142578125 20.0390625 1.7578125 3.8671875 1.25931342353891 2.109375 -95.537109375
664.795 362.865 -152.544 772.588
-0.4739167 -0.04243824 0.8795464 664.7946 -0.02542554 0.999081 0.03450602 362.8648 -0.8802025 -0.006009959 -0.4745603 -152.5439 0 0 0 1
DataSet: 8
-1.142578125 17.75390625 1.7578125 3.8671875 1.14483237471187 2.109375 -95.537109375
671.000 362.880 -135.372 774.757
-0.4384607 -0.04146644 0.8977933 671.0004 -0.02343738 0.9991229 0.03470031 362.8797 -0.8984447 -0.005827196 -0.439048 -135.3723 0 0 0 1
DataSet: 9
-1.142578125 15.99609375 1.669921875 3.8671875 1.14483237471187 2.109375 -95.537109375
675.123 362.490 -122.516 776.016
-0.4106947 -0.04126818 0.9108385 675.1233 -0.02343738 0.9991229 0.03470031 362.4902 -0.9114716 -0.007096429 -0.4113018 -122.5162 0 0 0 1
DataSet: 10
-1.142578125 12.83203125 1.7578125 3.8671875 1.14483237471187 2.109375 -95.537109375
681.512 362.880 -99.073 778.431
-0.3597598 -0.04081358 0.9321519 681.5117 -0.02343738 0.9991229 0.03470031 362.8797 -0.9327505 -0.009363418 -0.3604008 -99.07259 0 0 0 1
DataSet: 11
-1.142578125 10.01953125 1.669921875 3.8671875 1.14483237471187 2.109375 -95.537109375
686.118 362.490 -77.969 779.895
-0.3135585 -0.04030498 0.9487131 686.118 -0.02343738 0.9991229 0.03470031 362.4902 -0.9492796 -0.01135477 -0.3142281 -77.96947 0 0 0 1
DataSet: 12
-1.142578125 7.470703125 1.7578125 3.8671875 1.14483237471187 2.109375 -95.537109375
689.371 362.880 -58.667 781.253
-0.2710331 -0.03976015 0.9617485 689.3715 -0.02343738 0.9991229 0.03470031 362.8797 -0.9622846 -0.01313593 -0.2717273 -58.66717 0 0 0 1
DataSet: 13
-1.142578125 5.44921875 1.7578125 3.8671875 1.14483237471187 2.109375 -95.537109375
691.349 362.880 -43.268 781.995
-0.2369206 -0.03927204 0.970735 691.3486 -0.02343738 0.9991229 0.03470031 362.8797 -0.9712462 -0.01453026 -0.2376332 -43.26833 0 0 0 1
DataSet: 14
-1.142578125 2.8125 1.7578125 3.8671875 1.14483237471187 2.109375 -95.537109375
693.109 362.880 -23.095 782.697
-0.1919893 -0.03856203 0.9806391 693.1089 -0.02343738 0.9991229 0.03470031 362.8797 -0.9811171 -0.01632152 -0.1927247 -23.09541 0 0 0 1
DataSet: 15
-1.142578125 0.3515625 1.7578125 3.8671875 1.25931342353891 2.109375 -95.537109375
693.875 362.865 -4.921 783.044
-0.1496822 -0.03793277 0.9880062 693.875 -0.02542554 0.999081 0.03450602 362.8648 -0.9884072 -0.01995565 -0.1505091 -4.921151 0 0 0 1
DataSet: 16
-1.142578125 0 1.7578125 3.955078125 1.14483237471187 2.109375 -95.537109375
693.942 362.880 -1.700 783.096
-0.1451344 -0.03774258 0.9886918 693.9418 -0.02343738 0.9991229 0.03470031 362.8797 -0.9891343 -0.01813613 -0.1458917 -1.700324 0 0 0 1
DataSet: 17
-1.142578125 -2.197265625 1.7578125 3.955078125 1.14483237471187 2.109375 -95.537109375
693.878 362.880 15.174 783.185
-0.1071042 -0.03701949 0.9935583 693.8776 -0.02343738 0.9991229 0.03470031 362.8797 -0.9939715 -0.01956985 -0.1078779 15.17401 0 0 0 1
DataSet: 18
-1.142578125 -4.5703125 1.7578125 3.955078125 1.14483237471187 2.109375 -95.537109375
693.082 362.880 33.381 783.044
-0.06585632 -0.03617744 0.9971731 693.0818 -0.02343738 0.9991229 0.03470031 362.8797 -0.9975538 -0.02108589 -0.06664646 33.38084 0 0 0 1
DataSet: 19
-1.142578125 -7.20703125 1.7578125 3.955078125 1.25931342353891 2.109375 -95.537109375
691.369 362.865 52.845 782.594
-0.01989968 -0.03501616 0.9991886 691.3686 -0.02542554 0.999081 0.03450602 362.8648 -0.9994786 -0.02471825 -0.0207717 52.84496 0 0 0 1
DataSet: 20
-1.142578125 -9.66796875 1.7578125 3.955078125 1.25931342353891 2.109375 -95.537109375
688.914 362.865 71.583 781.919
0.02303454 -0.03392251 0.999159 688.9136 -0.02542554 0.999081 0.03450602 362.8648 -0.9994113 -0.02619898 0.02215088 71.58291 0 0 0 1
DataSet: 21
-1.142578125 -11.953125 1.7578125 3.955078125 1.25931342353891 2.109375 -95.537109375
685.915 362.865 88.873 781.057
0.06286568 -0.0328509 0.9974812 685.9155 -0.02542554 0.999081 0.03450602 362.8648 -0.9976981 -0.02753074 0.06197266 88.87331 0 0 0 1
DataSet: 22
-1.142578125 -14.150390625 1.7578125 3.955078125 1.14483237471187 2.109375 -95.537109375
682.245 362.880 106.069 779.994
0.1010809 -0.03216367 0.9943582 682.2451 -0.02343738 0.9991229 0.03470031 362.8797 -0.9946021 -0.02681268 0.1002384 106.0689 0 0 0 1
DataSet: 23
-1.142578125 -17.05078125 1.7578125 3.955078125 1.25931342353891 2.109375 -95.537109375
676.760 362.865 126.924 778.322
0.1512661 -0.03027476 0.9880294 676.7602 -0.02542554 0.999081 0.03450602 362.8648 -0.988166 -0.03034077 0.1503573 126.9235 0 0 0 1
DataSet: 24
-1.142578125 -20.302734375 1.7578125 3.955078125 1.14483237471187 2.109375 -95.537109375
668.953 362.880 151.389 775.950
0.2070927 -0.02910484 0.9778883 668.9535 -0.02343738 0.9991229 0.03470031 362.8797 -0.9780406 -0.03010532 0.2062289 151.3887 0 0 0 1
DataSet: 25
-1.142578125 -23.115234375 1.7578125 3.8671875 1.25931342353891 2.109375 -95.537109375
661.466 362.865 171.091 773.615
0.256299 -0.0268487 0.9662246 661.4658 -0.02542554 0.999081 0.03450602 362.8648 -0.9662631 -0.03341064 0.2553808 171.0909 0 0 0 1
DataSet: 26
-1.142578125 -25.224609375 1.7578125 3.8671875 1.14483237471187 2.109375 -95.537109375
654.807 362.880 186.633 771.548
0.2917095 -0.0263647 0.9561436 654.8072 -0.02343738 0.9991229 0.03470031 362.8797 -0.9562198 -0.0325319 0.2908357 186.6334 0 0 0 1
DataSet: 27
-1.142578125 -24.9609375 1.7578125 3.8671875 1.25931342353891 2.109375 -95.537109375
655.907 362.865 184.130 771.874
0.2872874 -0.02575868 0.957498 655.907 -0.02542554 0.999081 0.03450602 362.8648 -0.9575069 -0.03425805 0.2863685 184.13 0 0 0 1
DataSet: 28
-1.142578125 -21.533203125 1.7578125 3.8671875 1.14483237471187 2.109375 -95.537109375
665.665 362.880 160.448 774.942
0.2295403 -0.02840449 0.9728846 665.6654 -0.02343738 0.9991229 0.03470031 362.8797 -0.9730169 -0.03076698 0.2286732 160.4484 0 0 0 1
DataSet: 29
-1.142578125 -15.732421875 1.7578125 3.8671875 1.14483237471187 2.109375 -95.537109375
679.262 362.880 118.041 779.110
0.1300222 -0.03136865 0.9910148 679.2617 -0.02343738 0.9991229 0.03470031 362.8797 -0.9912341 -0.0277386 0.129173 118.0406 0 0 0 1
DataSet: 30
-1.142578125 -13.359375 1.7578125 3.8671875 1.14483237471187 2.109375 -95.537109375
683.575 362.880 100.333 780.399
0.08886801 -0.03249028 0.9955134 683.5748 -0.02343738 0.9991229 0.03470031 362.8797 -0.9957677 -0.02641597 0.08802858 100.3334 0 0 0 1
DataSet: 31
-1.142578125 -10.986328125 1.7578125 3.8671875 1.14483237471187 2.109375 -95.537109375
687.151 362.880 82.463 781.446
0.0475614 -0.03355619 0.9983045 687.1511 -0.02343738 0.9991229 0.03470031 362.8797 -0.9985933 -0.02504803 0.04673322 82.46282 0 0 0 1
DataSet: 32
-1.142578125 -8.349609375 1.7578125 3.8671875 1.14483237471187 2.109375 -95.537109375
690.253 362.880 62.452 782.324
0.001572575 -0.03467295 0.9993975 690.253 -0.02343738 0.9991229 0.03470031 362.8797 -0.9997241 -0.02347782 0.0007585531 62.45223 0 0 0 1
DataSet: 33
-1.142578125 -5.537109375 1.7578125 3.8671875 1.14483237471187 2.109375 -95.537109375
692.543 362.880 40.975 782.928
-0.04748346 -0.03578319 0.9982309 692.5433 -0.02343738 0.9991229 0.03470031 362.8797 -0.998597 -0.02174822 -0.04828047 40.97471 0 0 0 1
DataSet: 34
-1.142578125 -2.900390625 1.7578125 3.8671875 1.14483237471187 2.109375 -95.537109375
693.731 362.880 20.760 783.183
-0.09337182 -0.03674579 0.994953 693.7309 -0.02343738 0.9991229 0.03470031 362.8797 -0.9953554 -0.02007906 -0.09415115 20.75998 0 0 0 1
DataSet: 35
-1.142578125 0 1.7578125 3.8671875 1.14483237471187 2.109375 -95.537109375
693.962 362.880 -1.513 783.114
-0.143617 -0.03771472 0.9889144 693.9617 -0.02343738 0.9991229 0.03470031 362.8797 -0.9893558 -0.01819401 -0.1443749 -1.512956 0 0 0 1
DataSet: 36
-1.142578125 1.93359375 1.7578125 3.955078125 1.14483237471187 2.109375 -95.537109375
693.463 362.880 -16.542 782.845
-0.1784264 -0.03833303 0.9832063 693.463 -0.02343738 0.9991229 0.03470031 362.8797 -0.9836741 -0.01685233 -0.1791683 -16.54233 0 0 0 1
DataSet: 37
-1.142578125 4.306640625 1.7578125 3.955078125 1.14483237471187 2.109375 -95.537109375
692.191 362.880 -34.722 782.315
-0.219003 -0.03899794 0.9749445 692.1914 -0.02343738 0.9991229 0.03470031 362.8797 -0.9754426 -0.01525067 -0.2197249 -34.72213 0 0 0 1
DataSet: 38
-1.142578125 6.767578125 1.7578125 3.955078125 1.25931342353891 2.109375 -95.537109375
689.961 362.865 -54.202 781.444
-0.2606767 -0.03994904 0.9645993 689.9608 -0.02542554 0.999081 0.03450602 362.8648 -0.9650913 -0.01553054 -0.2614529 -54.20237 0 0 0 1
DataSet: 39
-1.142578125 9.84375 1.7578125 3.955078125 1.14483237471187 2.109375 -95.537109375
686.307 362.880 -76.823 780.129
-0.312102 -0.04028751 0.949194 686.3074 -0.02343738 0.9991229 0.03470031 362.8797 -0.9497595 -0.01141658 -0.3127725 -76.82264 0 0 0 1
DataSet: 40
-1.142578125 12.919921875 1.7578125 3.955078125 1.25931342353891 2.109375 -95.537109375
681.098 362.865 -100.589 778.257
-0.3626065 -0.0413834 0.9310231 681.0977 -0.02542554 0.999081 0.03450602 362.8648 -0.9315954 -0.01115965 -0.3633254 -100.5894 0 0 0 1
DataSet: 41
-1.142578125 16.171875 1.7578125 3.955078125 1.25931342353891 2.109375 -95.537109375
674.416 362.865 -124.650 775.916
-0.414869 -0.04194981 0.9089136 674.4164 -0.02542554 0.999081 0.03450602 362.8648 -0.9095258 -0.008794135 -0.4155544 -124.65 0 0 0 1
DataSet: 42
-1.142578125 18.544921875 1.7578125 3.955078125 1.25931342353891 2.109375 -95.537109375
668.685 362.865 -141.948 773.925
-0.4521728 -0.04227796 0.8909278 668.6849 -0.02542554 0.999081 0.03450602 362.8648 -0.8915679 -0.007049636 -0.4528322 -141.9485 0 0 0 1
DataSet: 43
-1.142578125 20.654296875 1.7578125 3.955078125 1.14483237471187 2.109375 -95.537109375
663.275 362.880 -156.463 772.073
-0.4847019 -0.04171384 0.8736842 663.2753 -0.02343738 0.9991229 0.03470031 362.8797 -0.8743653 -0.003657557 -0.4852545 -156.4633 0 0 0 1
DataSet: 44
-1.142578125 23.37890625 1.7578125 3.955078125 1.25931342353891 2.109375 -95.537109375
654.821 362.865 -176.375 769.136
-0.5256959 -0.04272164 0.8495992 654.8211 -0.02542554 0.999081 0.03450602 362.8648 -0.8502926 -0.003461843 -0.5262989 -176.3749 0 0 0 1
DataSet: 45
-1.142578125 27.421875 1.669921875 3.955078125 1.25931342353891 2.109375 -95.537109375
641.042 362.475 -204.192 764.210
-0.5843372 -0.04285941 0.8103784 641.0416 -0.02542554 0.999081 0.03450602 362.4753 -0.8111126 -0.0004411569 -0.5848899 -204.1918 0 0 0 1
DataSet: 46
-1.142578125 31.11328125 1.7578125 3.955078125 1.25931342353891 2.109375 -95.537109375
626.756 362.865 -228.674 759.464
-0.6353464 -0.04279889 0.7710404 626.7559 -0.02542554 0.999081 0.03450602 362.8648 -0.7718086 0.00231916 -0.6358507 -228.6738 0 0 0 1
DataSet: 47
-1.142578125 32.607421875 1.7578125 3.955078125 1.14483237471187 2.109375 -95.537109375
620.946 362.880 -237.737 757.479
-0.6552833 -0.04156689 0.7542387 620.9457 -0.02343738 0.9991229 0.03470031 362.8797 -0.7550195 0.005061159 -0.6556828 -237.737 0 0 0 1
DataSet: 48
-1.142578125 34.892578125 1.7578125 3.955078125 1.25931342353891 2.109375 -95.537109375
610.539 362.865 -252.738 753.860
-0.6848372 -0.04255295 0.7274526 610.5387 -0.02542554 0.999081 0.03450602 362.8648 -0.7282524 0.005135135 -0.6852898 -252.7385 0 0 0 1
