DataSet_161
0.2583927810192108 0.6509379744529724 0.7138017416000366 -133.56817626953125 
-0.9587931632995605 0.08246909826993942 0.27187231183052063 -21.219959259033203 
0.1181054562330246 -0.7546380162239075 0.6454243063926697 -1392.0665283203125 
0.0 0.0 0.0 1.0

DataSet_161
0.274357408285141 0.649903416633606 0.7087690234184265 -133.652587890625 
-0.9447095990180969 0.044511400163173676 0.32487305998802185 -21.29254913330078 
0.17958779633045197 -0.7587122321128845 0.6261820197105408 -1392.0865478515625 
0.0 0.0 0.0 1.0

DataSet_162
0.3182395398616791 0.6610736846923828 0.6794888973236084 -135.87765502929688 
-0.9408986568450928 0.1326233446598053 0.3116420805454254 219.9363250732422 
0.11590230464935303 -0.7385069727897644 0.6642093658447266 -1392.253662109375 
0.0 0.0 0.0 1.0

DataSet_163
0.31868892908096313 0.6601327657699585 0.6801927089691162 -137.65379333496094 
-0.9359475374221802 0.10575015097856522 0.3358857035636902 179.9322967529297 
0.14979861676692963 -0.743667721748352 0.6515510082244873 -1394.8604736328125 
0.0 0.0 0.0 1.0

DataSet_164
0.3003920018672943 0.65601646900177 0.6923922300338745 -139.1502227783203 
-0.9428488612174988 0.09446404874324799 0.3195505142211914 139.92970275878906 
0.14422425627708435 -0.748811662197113 0.6469006538391113 -1397.650146484375 
0.0 0.0 0.0 1.0

DataSet_165
0.33547136187553406 0.6566812992095947 0.6754469275474548 -142.30218505859375 
-0.92051762342453 0.07608184218406677 0.38322150707244873 100.11312103271484 
0.20026516914367676 -0.7503206729888916 0.6300100684165955 -1398.57080078125 
0.0 0.0 0.0 1.0

DataSet_166
0.30144092440605164 0.6478639841079712 0.6995753049850464 -143.2493896484375 
-0.9397297501564026 0.0776887834072113 0.3329751789569855 60.008056640625 
0.16137349605560303 -0.7577840685844421 0.6322356462478638 -1402.0089111328125 
0.0 0.0 0.0 1.0

DataSet_167
0.3708941638469696 0.6505122780799866 0.6627755165100098 -144.7186279296875 
-0.8921834826469421 0.0514976792037487 0.4487278163433075 20.219341278076172 
0.2577715516090393 -0.7577478289604187 0.5994764566421509 -1404.836669921875 
0.0 0.0 0.0 1.0

DataSet_168
0.3078175485134125 0.658410906791687 0.686835765838623 -146.58668518066406 
-0.9282267689704895 0.049309372901916504 0.3687324523925781 -19.76019859313965 
0.2089100331068039 -0.7510416507720947 0.6263329386711121 -1407.145263671875 
0.0 0.0 0.0 1.0

