DataSet_1
0.3459912836551666 0.6473297476768494 0.6791569590568542 -25.281661987304688 
-0.9311403632164001 0.1480412483215332 0.3332586884498596 209.477783203125 
0.11518498510122299 -0.7476950883865356 0.6539759039878845 -1303.0152587890625 
0.0 0.0 0.0 1.0

DataSet_2
0.28434979915618896 0.6358704566955566 0.7175054550170898 -26.719703674316406 
-0.9541698098182678 0.11486589908599854 0.27634379267692566 169.36500549316406 
0.09330195188522339 -0.7632002830505371 0.6393904089927673 -1305.8555908203125 
0.0 0.0 0.0 1.0

DataSet_3
0.3036879897117615 0.6398239731788635 0.7059736847877502 -28.628570556640625 
-0.9416046738624573 0.08843621611595154 0.32489943504333496 129.3856201171875 
0.14544476568698883 -0.7634162306785583 0.6293182969093323 -1308.2181396484375 
0.0 0.0 0.0 1.0

DataSet_4
0.2887612283229828 0.6380623579025269 0.7137881517410278 -30.53437042236328 
-0.9497249722480774 0.0966823399066925 0.29778361320495605 89.52299499511719 
0.12099376320838928 -0.7638907432556152 0.6339017748832703 -1310.5650634765625 
0.0 0.0 0.0 1.0

DataSet_5
0.29750701785087585 0.6541668176651001 0.6953814625740051 -32.418312072753906 
-0.9485048651695251 0.11955109238624573 0.2933361232280731 49.825016021728516 
0.10875710844993591 -0.7468422651290894 0.6560476422309875 -1312.8287353515625 
0.0 0.0 0.0 1.0

DataSet_6
0.3193915784358978 0.6509466171264648 0.6886636018753052 -34.20011901855469 
-0.9379221200942993 0.11343365907669067 0.32777276635169983 9.987236022949219 
0.1352449208498001 -0.7506006360054016 0.6467669606208801 -1315.2412109375 
0.0 0.0 0.0 1.0

DataSet_7
0.31322649121284485 0.6550756096839905 0.6875792145729065 -36.15614318847656 
-0.9403178095817566 0.11252627521753311 0.32115456461906433 -30.023174285888672 
0.13300979137420654 -0.7471370697021484 0.6512254476547241 -1317.5076904296875 
0.0 0.0 0.0 1.0

DataSet_8
0.30542510747909546 0.6440200805664062 0.7013940215110779 -37.925960540771484 
-0.9468739032745361 0.12749627232551575 0.29525327682495117 210.94715881347656 
0.10072391480207443 -0.7543094754219055 0.6487463712692261 -1318.61181640625 
0.0 0.0 0.0 1.0

DataSet_9
0.29274022579193115 0.667499840259552 0.6846510767936707 -41.00146484375 
-0.9505655765533447 0.1255928874015808 0.2839921712875366 171.15553283691406 
0.1035773754119873 -0.7339416742324829 0.6712684631347656 -1319.89453125 
0.0 0.0 0.0 1.0

DataSet_10
0.2853507995605469 0.6526134014129639 0.7019050121307373 -41.55603790283203 
-0.9520416855812073 0.10863780230283737 0.28603214025497437 131.05673217773438 
0.11041498184204102 -0.7498623728752136 0.652315080165863 -1323.281494140625 
0.0 0.0 0.0 1.0

DataSet_11
0.32288461923599243 0.6548103094100952 0.6833512783050537 -43.418033599853516 
-0.9306315183639526 0.0882546454668045 0.35515639185905457 91.09593200683594 
0.17225110530853271 -0.7506228089332581 0.637883186340332 -1325.5784912109375 
0.0 0.0 0.0 1.0

DataSet_12
0.30353808403015137 0.6510916352272034 0.6956610083580017 -45.334476470947266 
-0.9439631104469299 0.10617606341838837 0.31250622868537903 51.306339263916016 
0.12960770726203918 -0.7515358924865723 0.6468350887298584 -1328.0218505859375 
0.0 0.0 0.0 1.0

DataSet_13
0.32389044761657715 0.6498453617095947 0.687601625919342 -47.18152618408203 
-0.934799313545227 0.10784575343132019 0.3384074568748474 11.448389053344727 
0.14575757086277008 -0.7523764371871948 0.6424052119255066 -1330.359619140625 
0.0 0.0 0.0 1.0

DataSet_14
0.3347298204898834 0.651701807975769 0.6806179285049438 -49.07909393310547 
-0.9211243987083435 0.07398116588592529 0.3821735680103302 -28.57160758972168 
0.19871026277542114 -0.754858672618866 0.625062108039856 -1332.65771484375 
0.0 0.0 0.0 1.0

DataSet_15
0.3636055886745453 0.6539362668991089 0.6634442806243896 -51.58467102050781 
-0.9170330166816711 0.126012921333313 0.37837979197502136 212.552001953125 
0.16383370757102966 -0.7459813356399536 0.645500123500824 -1332.8570556640625 
0.0 0.0 0.0 1.0

DataSet_16
0.2794261872768402 0.6424268484115601 0.7135885953903198 -52.72637176513672 
-0.9524864554405212 0.09164734184741974 0.2904655635356903 172.34400939941406 
0.12120439857244492 -0.7608471512794495 0.6375116109848022 -1336.166015625 
0.0 0.0 0.0 1.0

DataSet_17
0.2953222692012787 0.6558366417884827 0.694739580154419 -54.527366638183594 
-0.9495171308517456 0.12092091143131256 0.2894742488861084 132.6223602294922 
0.10583925247192383 -0.7451553344726562 0.6584387421607971 -1338.460693359375 
0.0 0.0 0.0 1.0

DataSet_18
0.31916919350624084 0.6384439468383789 0.7003716230392456 -56.494285583496094 
-0.9367123246192932 0.10032687336206436 0.33541712164878845 92.61466217041016 
0.14387890696525574 -0.7631015181541443 0.630059540271759 -1340.84228515625 
0.0 0.0 0.0 1.0

DataSet_19
0.28653043508529663 0.6480573415756226 0.7056358456611633 -58.22735595703125 
-0.9510847926139832 0.10361798107624054 0.291034460067749 52.72998046875 
0.11549047380685806 -0.7545097470283508 0.6460471749305725 -1343.1436767578125 
0.0 0.0 0.0 1.0

DataSet_20
0.2902749478816986 0.6421242952346802 0.7095186710357666 -60.186614990234375 
-0.9513832926750183 0.11383821070194244 0.28620031476020813 12.928094863891602 
0.10300585627555847 -0.7581010460853577 0.6439507603645325 -1345.6817626953125 
0.0 0.0 0.0 1.0

DataSet_21
0.3240828216075897 0.6440133452415466 0.6929770708084106 -61.928070068359375 
-0.9283473491668701 0.0755370631814003 0.3639580011367798 -27.043624877929688 
0.18204835057258606 -0.7612758874893188 0.6223483085632324 -1348.09033203125 
0.0 0.0 0.0 1.0

DataSet_22
0.30914679169654846 0.6384429335594177 0.7048537731170654 -63.66366958618164 
-0.9426553249359131 0.10766370594501495 0.315926194190979 213.85821533203125 
0.12581366300582886 -0.7621017694473267 0.6351155638694763 -1348.9407958984375 
0.0 0.0 0.0 1.0

DataSet_23
0.31858476996421814 0.6407387256622314 0.6985396146774292 -65.63285827636719 
-0.9437392354011536 0.1454811692237854 0.29697033762931824 174.04637145996094 
0.08865603804588318 -0.7538495063781738 0.651038408279419 -1351.3150634765625 
0.0 0.0 0.0 1.0

DataSet_24
0.2903404235839844 0.6604190468788147 0.692494809627533 -67.75120544433594 
-0.9495560526847839 0.10920915752649307 0.2939670979976654 134.0286407470703 
0.11851470917463303 -0.7429131865501404 0.6588127613067627 -1353.2509765625 
0.0 0.0 0.0 1.0

DataSet_25
0.34470516443252563 0.6454719305038452 0.681574821472168 -69.34011840820312 
-0.9221550822257996 0.09708037227392197 0.37444007396698 94.10797119140625 
0.1755230575799942 -0.7575891017913818 0.6286893486976624 -1355.968994140625 
0.0 0.0 0.0 1.0

DataSet_26
0.34525802731513977 0.6159652471542358 0.7080845236778259 -71.29298400878906 
-0.9266637563705444 0.10425502806901932 0.3611442446708679 54.37347412109375 
0.14863088726997375 -0.7808442711830139 0.6067875623703003 -1358.5228271484375 
0.0 0.0 0.0 1.0

DataSet_27
0.3743852972984314 0.6339719295501709 0.6766943335533142 -73.00987243652344 
-0.9156915545463562 0.13778845965862274 0.37752261757850647 14.606715202331543 
0.14609810709953308 -0.7609822154045105 0.632108747959137 -1360.8193359375 
0.0 0.0 0.0 1.0

DataSet_28
0.3720742464065552 0.6394944190979004 0.6727612018585205 -74.89067077636719 
-0.9124932289123535 0.11921998858451843 0.39133456349372864 -25.41792869567871 
0.17004968225955963 -0.7594955563545227 0.6278930306434631 -1363.273193359375 
0.0 0.0 0.0 1.0

DataSet_29
0.30710554122924805 0.651722252368927 0.6935014724731445 -76.52365112304688 
-0.9427580237388611 0.10881584137678146 0.31522437930107117 215.42613220214844 
0.12997475266456604 -0.7506112456321716 0.6478343605995178 -1364.1082763671875 
0.0 0.0 0.0 1.0

DataSet_30
0.3642207980155945 0.6409880518913269 0.6756312847137451 -78.59307098388672 
-0.9226921796798706 0.14988107979297638 0.355211079120636 175.67327880859375 
0.12642166018486023 -0.7527749538421631 0.6460244059562683 -1366.4635009765625 
0.0 0.0 0.0 1.0

DataSet_31
0.3231166899204254 0.6551586389541626 0.6829075813293457 -81.71591186523438 
-0.9433658719062805 0.16563552618026733 0.28744691610336304 135.692138671875 
0.0752095878124237 -0.7371106147766113 0.6715738773345947 -1367.36865234375 
0.0 0.0 0.0 1.0

DataSet_32
0.3604336678981781 0.6477993726730347 0.6711508631706238 -82.53575897216797 
-0.91933673620224 0.12496793270111084 0.37309908866882324 95.80078125 
0.15782102942466736 -0.751491129398346 0.6405884623527527 -1370.950927734375 
0.0 0.0 0.0 1.0

DataSet_33
0.28903234004974365 0.659752368927002 0.6936765313148499 -84.02824401855469 
-0.9493417739868164 0.10418134927749634 0.29647335410118103 55.71518325805664 
0.12333080172538757 -0.7442265152931213 0.6564422845840454 -1373.4674072265625 
0.0 0.0 0.0 1.0

DataSet_34
0.31393614411354065 0.6673504114151001 0.6753425598144531 -86.68231964111328 
-0.9389606714248657 0.11281406879425049 0.32500123977661133 15.813104629516602 
0.1407015472650528 -0.7361497282981873 0.6620321869850159 -1374.8759765625 
0.0 0.0 0.0 1.0

DataSet_35
0.3728310465812683 0.665965735912323 0.6461320519447327 -88.59391784667969 
-0.8932361006736755 0.069040447473526 0.4442552328109741 -24.04014778137207 
0.2512495219707489 -0.7427806258201599 0.6206050515174866 -1377.363525390625 
0.0 0.0 0.0 1.0

DataSet_36
0.3441494107246399 0.6424513459205627 0.684702455997467 -89.63959503173828 
-0.9277349710464478 0.12047797441482544 0.3532603085041046 216.8931884765625 
0.1444610059261322 -0.7567967772483826 0.63748699426651 -1379.3392333984375 
0.0 0.0 0.0 1.0

DataSet_37
0.3246023952960968 0.6535338759422302 0.683759331703186 -91.46581268310547 
-0.9342609643936157 0.10871578007936478 0.33961349725723267 177.02793884277344 
0.1476134955883026 -0.7490489482879639 0.6458605527877808 -1381.6085205078125 
0.0 0.0 0.0 1.0

DataSet_38
0.3068007826805115 0.6486091017723083 0.6965482831001282 -93.38646697998047 
-0.9438322186470032 0.11298912763595581 0.31050631403923035 137.03298950195312 
0.12269484996795654 -0.7526882886886597 0.6468433141708374 -1383.9425048828125 
0.0 0.0 0.0 1.0

DataSet_39
0.3217252194881439 0.6626090407371521 0.6763446927070618 -95.99021911621094 
-0.937241792678833 0.12145129591226578 0.32684457302093506 97.32669830322266 
0.1344272494316101 -0.7390526533126831 0.6600988507270813 -1385.4716796875 
0.0 0.0 0.0 1.0

DataSet_40
0.35432109236717224 0.6534155607223511 0.6689579486846924 -97.00454711914062 
-0.914428174495697 0.09243200719356537 0.3940527141094208 57.36601638793945 
0.19564701616764069 -0.7513351440429688 0.6302521228790283 -1388.6370849609375 
0.0 0.0 0.0 1.0

DataSet_41
0.4401686191558838 0.6459916830062866 0.6236556172370911 -99.02610778808594 
-0.8476983308792114 0.06994277238845825 0.5258474349975586 17.47803497314453 
0.29607290029525757 -0.7601333260536194 0.5783926844596863 -1390.9844970703125 
0.0 0.0 0.0 1.0

DataSet_42
0.4331948161125183 0.6525092720985413 0.6217506527900696 -101.31451416015625 
-0.8552412986755371 0.07988818734884262 0.5120353698730469 -22.379322052001953 
0.28443729877471924 -0.7535578608512878 0.5926600694656372 -1392.90966796875 
0.0 0.0 0.0 1.0

DataSet_43
0.2873135805130005 0.660449206829071 0.6937273740768433 -102.54366302490234 
-0.9527655839920044 0.12263226509094238 0.2778470516204834 218.26866149902344 
0.09843052923679352 -0.7407888174057007 0.6644873023033142 -1394.4532470703125 
0.0 0.0 0.0 1.0

DataSet_44
0.34490808844566345 0.6670249104499817 0.6603909730911255 -105.63851928710938 
-0.924914538860321 0.12165641039609909 0.36018460988998413 178.60525512695312 
0.15991127490997314 -0.73503577709198 0.6589012145996094 -1395.3619384765625 
0.0 0.0 0.0 1.0

DataSet_45
0.29412221908569336 0.6741788983345032 0.6774768829345703 -107.31800842285156 
-0.947868824005127 0.11481045186519623 0.2972595989704132 138.5598602294922 
0.12262469530105591 -0.7295898795127869 0.6728014349937439 -1397.8333740234375 
0.0 0.0 0.0 1.0

DataSet_46
0.2932545244693756 0.658552348613739 0.6930443644523621 -108.08950805664062 
-0.9491708278656006 0.11384668201208115 0.29345110058784485 98.6480712890625 
0.11435213685035706 -0.7438734173774719 0.658464789390564 -1401.6458740234375 
0.0 0.0 0.0 1.0

DataSet_47
0.41125187277793884 0.6607222557067871 0.6279474496841431 -111.05883026123047 
-0.8717215061187744 0.08373907208442688 0.4827933609485626 58.961029052734375 
0.2664085924625397 -0.7459449768066406 0.6104036569595337 -1402.637451171875 
0.0 0.0 0.0 1.0

DataSet_48
0.4412146806716919 0.6566575169563293 0.6116620898246765 -112.55233764648438 
-0.8387617468833923 0.059412017464637756 0.5412476062774658 19.04043960571289 
0.31907424330711365 -0.751845121383667 0.5769926309585571 -1405.5380859375 
0.0 0.0 0.0 1.0

DataSet_49
0.46984758973121643 0.6554924249649048 0.5912468433380127 -114.54768371582031 
-0.7934236526489258 0.019997810944914818 0.6083411574363708 -20.900718688964844 
0.3869393765926361 -0.7549368739128113 0.5294792056083679 -1408.34619140625 
0.0 0.0 0.0 1.0

DataSet_50
0.39934438467025757 0.6408878564834595 0.6555812358856201 -115.74833679199219 
-0.8885471224784851 0.09440264105796814 0.44896772503852844 219.96343994140625 
0.22584939002990723 -0.7618076205253601 0.6071583032608032 -1409.6737060546875 
0.0 0.0 0.0 1.0

DataSet_51
0.40363192558288574 0.6511853337287903 0.6426810622215271 -117.98809814453125 
-0.8799600005149841 0.08397580683231354 0.46756651997566223 179.92710876464844 
0.2505027949810028 -0.754258394241333 0.60691237449646 -1411.670654296875 
0.0 0.0 0.0 1.0

DataSet_52
0.3659704625606537 0.6575806140899658 0.6585236191749573 -119.50169372558594 
-0.9043833017349243 0.08444416522979736 0.4182822108268738 140.12667846679688 
0.2194458246231079 -0.7486366629600525 0.6256089806556702 -1413.9892578125 
0.0 0.0 0.0 1.0

DataSet_53
0.3530042767524719 0.6591654419898987 0.6639946103096008 -121.1533203125 
-0.9069281220436096 0.0666641816496849 0.41597747802734375 100.04888153076172 
0.22993333637714386 -0.7490372061729431 0.6213484406471252 -1416.623046875 
0.0 0.0 0.0 1.0

DataSet_54
0.35632070899009705 0.6578535437583923 0.6635241508483887 -123.13116455078125 
-0.9110194444656372 0.08685927838087082 0.4031118154525757 60.21970748901367 
0.20755527913570404 -0.7481204867362976 0.6302670836448669 -1418.931396484375 
0.0 0.0 0.0 1.0

DataSet_55
0.3232489824295044 0.6635454297065735 0.6746981143951416 -125.13433837890625 
-0.9326578974723816 0.10270048677921295 0.3458350598812103 20.307205200195312 
0.16018547117710114 -0.7410533428192139 0.6520587205886841 -1421.037353515625 
0.0 0.0 0.0 1.0

DataSet_56
0.37777289748191833 0.6416406035423279 0.6675215363502502 -126.49736022949219 
-0.8945813179016113 0.06702101230621338 0.4418511986732483 -19.47889518737793 
0.2387716919183731 -0.7640717029571533 0.5993183851242065 -1424.1903076171875 
0.0 0.0 0.0 1.0

DataSet_57
0.41301998496055603 0.6434512138366699 0.6445037126541138 -36.03650665283203 
-0.886170506477356 0.12073126435279846 0.44735419750213623 209.43092346191406 
0.21003882586956024 -0.7559064626693726 0.6200718879699707 -1293.9556884765625 
0.0 0.0 0.0 1.0

DataSet_58
0.37824365496635437 0.6364401578903198 0.6722169518470764 -36.96925354003906 
-0.9035326242446899 0.09583605825901031 0.41766512393951416 169.4413604736328 
0.20139624178409576 -0.7653491497039795 0.6112938523292542 -1297.3282470703125 
0.0 0.0 0.0 1.0

DataSet_59
0.3247760534286499 0.6353741884231567 0.7005856037139893 -38.8171272277832 
-0.9206801652908325 0.04283354803919792 0.3879604637622833 129.26902770996094 
0.2164914906024933 -0.7710155248641968 0.5988876819610596 -1299.7392578125 
0.0 0.0 0.0 1.0

DataSet_60
0.3750670254230499 0.6357437372207642 0.6746514439582825 -40.731353759765625 
-0.8890393972396851 0.04056340828537941 0.4560301899909973 89.5044174194336 
0.2625522017478943 -0.7708336114883423 0.5804152488708496 -1301.9925537109375 
0.0 0.0 0.0 1.0

DataSet_61
0.3940584361553192 0.6594566106796265 0.6401835680007935 -43.252159118652344 
-0.8825434446334839 0.07704481482505798 0.46387627720832825 49.67783737182617 
0.25658348202705383 -0.7477841377258301 0.6123592257499695 -1303.2255859375 
0.0 0.0 0.0 1.0

DataSet_62
0.403594434261322 0.6563869118690491 0.6373913288116455 -44.693336486816406 
-0.8683299422264099 0.05527995154261589 0.49289676547050476 9.89603042602539 
0.28829604387283325 -0.7523963451385498 0.5922711491584778 -1306.1707763671875 
0.0 0.0 0.0 1.0

DataSet_63
0.41549476981163025 0.6575073599815369 0.6285285353660583 -46.586666107177734 
-0.8549197316169739 0.04632943496108055 0.5166873335838318 -30.06934356689453 
0.31060633063316345 -0.752022385597229 0.5813656449317932 -1308.500244140625 
0.0 0.0 0.0 1.0

DataSet_64
0.39727818965911865 0.6407368779182434 0.6569827198982239 -48.429901123046875 
-0.895254373550415 0.11323514580726624 0.43092626333236694 210.90243530273438 
0.2017168253660202 -0.7593642473220825 0.6186083555221558 -1309.82470703125 
0.0 0.0 0.0 1.0

DataSet_65
0.343963623046875 0.6378428936004639 0.6890904307365417 -49.75273895263672 
-0.9237295389175415 0.09811568260192871 0.3702663779258728 170.9052276611328 
0.16856113076210022 -0.7638912796974182 0.6229424476623535 -1312.4747314453125 
0.0 0.0 0.0 1.0

DataSet_66
0.31427642703056335 0.6480705142021179 0.69371098279953 -51.63079071044922 
-0.9298073053359985 0.06269379705190659 0.36266759037971497 130.82400512695312 
0.1915428191423416 -0.7589954137802124 0.6222838759422302 -1314.8037109375 
0.0 0.0 0.0 1.0

DataSet_67
0.3729740083217621 0.6625581979751587 0.6495437622070312 -54.405635833740234 
-0.8856742978096008 0.04558510705828667 0.46206387877464294 91.08855438232422 
0.27653470635414124 -0.747622013092041 0.6038128137588501 -1316.156494140625 
0.0 0.0 0.0 1.0

DataSet_68
0.38693416118621826 0.6528840661048889 0.6511716246604919 -55.779457092285156 
-0.8891348242759705 0.07701333612203598 0.45111900568008423 51.167999267578125 
0.244379460811615 -0.7535327076911926 0.6103009581565857 -1319.07568359375 
0.0 0.0 0.0 1.0

DataSet_69
0.38331592082977295 0.6519563794136047 0.6542337536811829 -57.24744415283203 
-0.8796579241752625 0.04176817461848259 0.47376930713653564 11.22357177734375 
0.2815507650375366 -0.7571052312850952 0.5895090103149414 -1321.87646484375 
0.0 0.0 0.0 1.0

DataSet_70
0.34767040610313416 0.6565898656845093 0.6693392992019653 -59.19974136352539 
-0.9046242237091064 0.047192420810461044 0.4235893785953522 -28.75953483581543 
0.2465367317199707 -0.7527700066566467 0.6103744506835938 -1324.0806884765625 
0.0 0.0 0.0 1.0

DataSet_71
0.36680054664611816 0.6472405791282654 0.6682342290878296 -61.14984130859375 
-0.9087513089179993 0.0955798551440239 0.40624573826789856 212.34320068359375 
0.19906897842884064 -0.7562698721885681 0.6232394576072693 -1325.20263671875 
0.0 0.0 0.0 1.0

DataSet_72
0.3904574513435364 0.6572338342666626 0.6446601748466492 -63.630733489990234 
-0.8814811110496521 0.06488970667123795 0.46773970127105713 172.2909698486328 
0.2655825614929199 -0.7508881688117981 0.604675829410553 -1326.7347412109375 
0.0 0.0 0.0 1.0

DataSet_73
0.3740698993206024 0.649800181388855 0.6616883277893066 -64.73843383789062 
-0.8970695734024048 0.07254710793495178 0.4358934462070465 132.38917541503906 
0.23524010181427002 -0.7566350698471069 0.6100536584854126 -1329.9227294921875 
0.0 0.0 0.0 1.0

DataSet_74
0.3454052805900574 0.6552940607070923 0.6717774271965027 -66.4205322265625 
-0.9131453633308411 0.0695599615573883 0.40165531635284424 92.42815399169922 
0.2164735347032547 -0.7521643042564392 0.6224050521850586 -1332.2423095703125 
0.0 0.0 0.0 1.0

DataSet_75
0.3940454125404358 0.6438091397285461 0.6559252738952637 -68.45355224609375 
-0.8954795598983765 0.10820615291595459 0.4317496418952942 52.75790023803711 
0.20698928833007812 -0.7574965953826904 0.6191561222076416 -1334.5045166015625 
0.0 0.0 0.0 1.0

DataSet_76
0.3829939365386963 0.6503360867500305 0.6560324430465698 -70.36174011230469 
-0.8970861434936523 0.09244858473539352 0.43207603693008423 12.892842292785645 
0.2203453779220581 -0.7540001273155212 0.6188147664070129 -1336.808349609375 
0.0 0.0 0.0 1.0

DataSet_77
0.4302750825881958 0.6525498628616333 0.623732328414917 -72.04093933105469 
-0.8461872935295105 0.050934240221977234 0.5304458141326904 -27.0474853515625 
0.3143730163574219 -0.7560319900512695 0.5740951895713806 -1339.2259521484375 
0.0 0.0 0.0 1.0

DataSet_78
0.3577021062374115 0.641993522644043 0.678154468536377 -73.77102661132812 
-0.9264344573020935 0.15271469950675964 0.3440892994403839 214.02835083007812 
0.11733892560005188 -0.7513471245765686 0.6493912935256958 -1340.3626708984375 
0.0 0.0 0.0 1.0

DataSet_79
0.33683711290359497 0.6491051316261292 0.6820581555366516 -75.79537963867188 
-0.9329827427864075 0.13252593576908112 0.3346341848373413 173.97576904296875 
0.12682238221168518 -0.7490656971931458 0.6502435207366943 -1342.4080810546875 
0.0 0.0 0.0 1.0

DataSet_80
0.31205105781555176 0.6447082161903381 0.6978362202644348 -77.56195831298828 
-0.944442093372345 0.1307055801153183 0.3015710413455963 134.08468627929688 
0.10321428626775742 -0.7531715035438538 0.649676501750946 -1345.213134765625 
0.0 0.0 0.0 1.0

DataSet_81
0.3425658941268921 0.6274926066398621 0.6992149949073792 -79.52545166015625 
-0.9306383728981018 0.1247001439332962 0.3440380096435547 94.13971710205078 
0.12868906557559967 -0.7685720324516296 0.626686692237854 -1347.588134765625 
0.0 0.0 0.0 1.0

DataSet_82
0.33372122049331665 0.6633250713348389 0.6697984337806702 -81.95436096191406 
-0.9257588386535645 0.09662523865699768 0.3655598759651184 54.17657470703125 
0.1777655929327011 -0.7420669794082642 0.6463249921798706 -1348.9683837890625 
0.0 0.0 0.0 1.0

DataSet_83
0.3631092607975006 0.6577142477035522 0.6599724888801575 -83.35755920410156 
-0.9043565988540649 0.07830139249563217 0.4195331633090973 14.36221981048584 
0.22425614297389984 -0.7491868734359741 0.6232401132583618 -1351.8031005859375 
0.0 0.0 0.0 1.0

DataSet_84
0.3325074017047882 0.6593475937843323 0.6743141412734985 -85.17848205566406 
-0.9168729186058044 0.0585523396730423 0.3948615491390228 -25.69696044921875 
0.22086834907531738 -0.7495547533035278 0.6240071058273315 -1354.43603515625 
0.0 0.0 0.0 1.0

DataSet_85
0.37641215324401855 0.6413795948028564 0.6685402393341064 -86.85382080078125 
-0.9093129634857178 0.11760648339986801 0.3991473317146301 215.49493408203125 
0.1773802936077118 -0.7581562399864197 0.6274833679199219 -1355.6470947265625 
0.0 0.0 0.0 1.0

DataSet_86
0.3496493697166443 0.6431010365486145 0.6812976002693176 -88.54287719726562 
-0.9228432774543762 0.11100200563669205 0.368834525346756 175.5060272216797 
0.16157245635986328 -0.7576935887336731 0.6322932243347168 -1357.9847412109375 
0.0 0.0 0.0 1.0

DataSet_87
0.38885733485221863 0.6331183314323425 0.6692915558815002 -90.64433288574219 
-0.8945801258087158 0.08579035848379135 0.4385959804058075 135.5115203857422 
0.22026441991329193 -0.7692861557006836 0.5997352600097656 -1360.3201904296875 
0.0 0.0 0.0 1.0

DataSet_88
0.3118637502193451 0.6397416591644287 0.702475368976593 -92.38705444335938 
-0.9365079402923584 0.08224151283502579 0.3408653736114502 95.5291976928711 
0.16029316186904907 -0.7641773223876953 0.6247712969779968 -1362.81396484375 
0.0 0.0 0.0 1.0

DataSet_89
0.3850151300430298 0.6429027318954468 0.662147581577301 -94.12606048583984 
-0.8886746168136597 0.06465436518192291 0.4539572596549988 55.619781494140625 
0.2490396350622177 -0.7632141709327698 0.5962242484092712 -1365.0592041015625 
0.0 0.0 0.0 1.0

DataSet_90
0.37549516558647156 0.6423525214195251 0.6681216955184937 -95.97657775878906 
-0.8951663970947266 0.06455524265766144 0.4410325586795807 15.863504409790039 
0.24016760289669037 -0.7636857032775879 0.5992525815963745 -1367.4820556640625 
0.0 0.0 0.0 1.0

DataSet_91
0.3397536277770996 0.647908091545105 0.6817496418952942 -97.84526062011719 
-0.9106870293617249 0.045524753630161285 0.4105808436870575 -24.160459518432617 
0.23498214781284332 -0.7603569030761719 0.6055086851119995 -1370.0006103515625 
0.0 0.0 0.0 1.0

DataSet_92
0.35190483927726746 0.654720664024353 0.6689572930335999 -100.28206634521484 
-0.9268768429756165 0.14400392770767212 0.3466441333293915 216.88134765625 
0.13062258064746857 -0.7420268058776855 0.65752112865448 -1369.9573974609375 
0.0 0.0 0.0 1.0

DataSet_93
0.36352717876434326 0.6351036429405212 0.6815360188484192 -101.47518157958984 
-0.9186041355133057 0.12268280982971191 0.37565329670906067 177.0025177001953 
0.15496602654457092 -0.7626219987869263 0.6280073523521423 -1373.150146484375 
0.0 0.0 0.0 1.0

DataSet_94
0.36711353063583374 0.6179887652397156 0.6952104568481445 -103.45076751708984 
-0.9184971451759338 0.12277550995349884 0.3758845329284668 137.098876953125 
0.14693760871887207 -0.7765411138534546 0.6126934289932251 -1375.621826171875 
0.0 0.0 0.0 1.0

DataSet_95
0.373056560754776 0.6238152980804443 0.6867920160293579 -105.2979736328125 
-0.9090344309806824 0.09759265184402466 0.40513211488723755 97.14364624023438 
0.18570175766944885 -0.7754548192024231 0.6034771800041199 -1377.990234375 
0.0 0.0 0.0 1.0

DataSet_96
0.3685283660888672 0.6379899382591248 0.67613285779953 -107.08817291259766 
-0.9082464575767517 0.09205063432455063 0.4081849455833435 57.227134704589844 
0.1981794536113739 -0.7645230293273926 0.6133754253387451 -1380.301513671875 
0.0 0.0 0.0 1.0

DataSet_97
0.33156558871269226 0.6532073020935059 0.6807235479354858 -108.89932250976562 
-0.923298716545105 0.07639946043491364 0.3764074444770813 17.26268768310547 
0.19386519491672516 -0.7533149123191833 0.6284368634223938 -1382.709716796875 
0.0 0.0 0.0 1.0

DataSet_98
0.35821348428726196 0.6574669480323792 0.6628878712654114 -110.87294006347656 
-0.90468430519104 0.06897832453250885 0.4204620122909546 -22.664295196533203 
0.23071499168872833 -0.7503194212913513 0.6195089817047119 -1385.0596923828125 
0.0 0.0 0.0 1.0

DataSet_99
0.3413617014884949 0.6345095038414001 0.6934478282928467 -112.67289733886719 
-0.931187093257904 0.1278914213180542 0.34137144684791565 218.46743774414062 
0.12791740894317627 -0.7622607946395874 0.6345042586326599 -1386.0274658203125 
0.0 0.0 0.0 1.0

DataSet_100
0.3796079754829407 0.645821750164032 0.6624288558959961 -114.76657104492188 
-0.8946268558502197 0.07385341823101044 0.4406681954860687 178.46713256835938 
0.23567044734954834 -0.7599078416824341 0.6058048605918884 -1388.4158935546875 
0.0 0.0 0.0 1.0

DataSet_101
0.35330498218536377 0.6478167772293091 0.6749141216278076 -116.3747787475586 
-0.9123216271400452 0.0789656788110733 0.4017881155014038 138.39891052246094 
0.20699001848697662 -0.7576924562454224 0.6189161539077759 -1390.796142578125 
0.0 0.0 0.0 1.0

DataSet_102
0.38842472434043884 0.6466553211212158 0.6564778685569763 -118.1884765625 
-0.8887668251991272 0.07476270943880081 0.4522213041782379 98.64794921875 
0.24335123598575592 -0.7591096758842468 0.6037654280662537 -1393.1080322265625 
0.0 0.0 0.0 1.0

DataSet_103
0.41683319211006165 0.6393906474113464 0.6460880041122437 -120.15234375 
-0.8632426261901855 0.05581880733370781 0.5016935467720032 58.676918029785156 
0.2847142815589905 -0.7668532133102417 0.5752164125442505 -1395.522216796875 
0.0 0.0 0.0 1.0

DataSet_104
0.4062148928642273 0.6392932534217834 0.6529116630554199 -121.80856323242188 
-0.8766006231307983 0.07089626044034958 0.47596749663352966 18.894851684570312 
0.2579938471317291 -0.7656878232955933 0.589203953742981 -1397.9854736328125 
0.0 0.0 0.0 1.0

DataSet_105
0.36571991443634033 0.6539930701255798 0.662225067615509 -123.579345703125 
-0.8977379202842712 0.060123592615127563 0.43640783429145813 -21.115734100341797 
0.24559232592582703 -0.7541075944900513 0.609102725982666 -1400.369384765625 
0.0 0.0 0.0 1.0

DataSet_106
0.3396228849887848 0.6547678709030151 0.6752297878265381 -125.43326568603516 
-0.9268550872802734 0.11086858808994293 0.35867494344711304 219.87176513671875 
0.15998701751232147 -0.7476544380187988 0.6445285081863403 -1401.1976318359375 
0.0 0.0 0.0 1.0

DataSet_107
0.31395915150642395 0.6672061681747437 0.6754742860794067 -128.08505249023438 
-0.9373053908348083 0.10444614291191101 0.3324899971485138 180.06544494628906 
0.1512887179851532 -0.7375139594078064 0.6581677794456482 -1402.72998046875 
0.0 0.0 0.0 1.0

DataSet_108
0.3232768177986145 0.6504145264625549 0.687352180480957 -129.12979125976562 
-0.9338197112083435 0.10166538506746292 0.34299391508102417 139.97471618652344 
0.15320834517478943 -0.7527449727058411 0.6402360200881958 -1406.008056640625 
0.0 0.0 0.0 1.0

DataSet_109
0.3677617609500885 0.6544950008392334 0.6605964303016663 -131.49143981933594 
-0.9086161851882935 0.10172222554683685 0.4050545394420624 100.21822357177734 
0.19790884852409363 -0.7491921782493591 0.6320942640304565 -1407.837646484375 
0.0 0.0 0.0 1.0

DataSet_110
0.3544941842556 0.6457989811897278 0.6762230396270752 -133.0540771484375 
-0.9192652106285095 0.10834212601184845 0.3784357011318207 60.298274993896484 
0.17112994194030762 -0.7557815313339233 0.6320671439170837 -1410.80078125 
0.0 0.0 0.0 1.0

DataSet_111
0.39039623737335205 0.6434797048568726 0.6584259271621704 -134.70120239257812 
-0.8937287926673889 0.09321164339780807 0.4388171136379242 20.46463394165039 
0.22099697589874268 -0.759766697883606 0.6114857792854309 -1413.1962890625 
0.0 0.0 0.0 1.0

DataSet_112
0.3415057063102722 0.6544821858406067 0.6745567917823792 -136.54071044921875 
-0.914749264717102 0.06659290939569473 0.3984960913658142 -19.639713287353516 
0.2158879041671753 -0.753139078617096 0.6214290261268616 -1415.65869140625 
0.0 0.0 0.0 1.0

DataSet_113
0.4018515646457672 0.6598144769668579 0.6349489688873291 -46.724754333496094 
-0.8861852884292603 0.10558006167411804 0.45114126801490784 209.3841552734375 
0.23063158988952637 -0.7439742684364319 0.6271454095840454 -1284.6640625 
0.0 0.0 0.0 1.0

DataSet_114
0.4131341278553009 0.6394972801208496 0.6483544111251831 -47.052032470703125 
-0.8714908957481384 0.07105080783367157 0.4852374792098999 169.30953979492188 
0.26424193382263184 -0.7655031085014343 0.5866695642471313 -1288.958251953125 
0.0 0.0 0.0 1.0

DataSet_115
0.42504972219467163 0.6570269465446472 0.6226141452789307 -50.06084060668945 
-0.8546503186225891 0.06472629308700562 0.515153706073761 129.41253662109375 
0.2981703579425812 -0.7510833144187927 0.5890401601791382 -1289.8843994140625 
0.0 0.0 0.0 1.0

DataSet_116
0.4326491951942444 0.6424893736839294 0.6324729323387146 -50.92880630493164 
-0.8371750116348267 0.02594750188291073 0.5463191866874695 89.5373764038086 
0.3345932066440582 -0.7658551335334778 0.549102246761322 -1293.66845703125 
0.0 0.0 0.0 1.0

DataSet_117
0.45388665795326233 0.6321805715560913 0.627960741519928 -52.70283889770508 
-0.8261629343032837 0.03454252704977989 0.5623714923858643 49.66519546508789 
0.33382898569107056 -0.774050772190094 0.5379624962806702 -1296.0394287109375 
0.0 0.0 0.0 1.0

DataSet_118
0.4773268699645996 0.6326237916946411 0.60987389087677 -54.47540283203125 
-0.8264228105545044 0.08731663972139359 0.5562383532524109 10.061219215393066 
0.2986374795436859 -0.7695212364196777 0.5644933581352234 -1298.1083984375 
0.0 0.0 0.0 1.0

DataSet_119
0.48167702555656433 0.6373955607414246 0.6014267206192017 -56.163795471191406 
-0.8108575344085693 0.06383902579545975 0.58175128698349 -29.97637939453125 
0.3324112296104431 -0.7678876519203186 0.5475868582725525 -1300.684814453125 
0.0 0.0 0.0 1.0

DataSet_120
0.43339815735816956 0.6298512816429138 0.6445567011833191 -58.29924011230469 
-0.8616468906402588 0.08003776520490646 0.501157283782959 210.7614288330078 
0.264065682888031 -0.7725809216499329 0.5773976445198059 -1301.785400390625 
0.0 0.0 0.0 1.0

DataSet_121
0.3898426592350006 0.6097044348716736 0.690132737159729 -59.94476318359375 
-0.8957661986351013 0.07723879814147949 0.43776369094848633 170.83462524414062 
0.2136014699935913 -0.788856565952301 0.5762636065483093 -1304.1800537109375 
0.0 0.0 0.0 1.0

DataSet_122
0.4045151472091675 0.6357825398445129 0.657379686832428 -61.8167724609375 
-0.8804804086685181 0.07642877101898193 0.4678812325000763 130.93560791015625 
0.2472279965877533 -0.7680749893188477 0.5907106995582581 -1306.4532470703125 
0.0 0.0 0.0 1.0

DataSet_123
0.45193183422088623 0.6437986493110657 0.6174794435501099 -63.91122817993164 
-0.8291655778884888 0.04787462204694748 0.5569491982460022 91.08556365966797 
0.3290015459060669 -0.7636958360671997 0.5554517507553101 -1308.656982421875 
0.0 0.0 0.0 1.0

DataSet_124
0.42614489793777466 0.63749760389328 0.6418702006340027 -65.56944274902344 
-0.8537043333053589 0.048633091151714325 0.5184822082519531 51.21155548095703 
0.29931503534317017 -0.7689158916473389 0.5649591684341431 -1311.1658935546875 
0.0 0.0 0.0 1.0

DataSet_125
0.4549436569213867 0.6442372798919678 0.6148045659065247 -67.4449691772461 
-0.8201019167900085 0.034025877714157104 0.5712049603462219 11.264738082885742 
0.3470722436904907 -0.7640684843063354 0.5438200235366821 -1313.508544921875 
0.0 0.0 0.0 1.0

DataSet_126
0.535721480846405 0.6458598971366882 0.543937087059021 -70.03663635253906 
-0.7298701405525208 0.030260303989052773 0.6829156875610352 -28.625591278076172 
0.42460817098617554 -0.7628560066223145 0.48760491609573364 -1315.246337890625 
0.0 0.0 0.0 1.0

DataSet_127
0.33834585547447205 0.6333239078521729 0.6960049271583557 -70.99900817871094 
-0.920124888420105 0.06765139102935791 0.38573750853538513 212.1413116455078 
0.1972111016511917 -0.7709241509437561 0.6056267023086548 -1317.011474609375 
0.0 0.0 0.0 1.0

DataSet_128
0.41694748401641846 0.6303179860115051 0.6548694968223572 -73.038330078125 
-0.8684704899787903 0.06370170414447784 0.4916311502456665 172.31597900390625 
0.2681676149368286 -0.7737191915512085 0.573972761631012 -1319.330810546875 
0.0 0.0 0.0 1.0

DataSet_129
0.3865383267402649 0.6331007480621338 0.6706501245498657 -74.67108917236328 
-0.8915026783943176 0.07022158056497574 0.4475397765636444 132.3432159423828 
0.23624366521835327 -0.7708776593208313 0.5915543437004089 -1321.6143798828125 
0.0 0.0 0.0 1.0

DataSet_130
0.5118304491043091 0.6185538172721863 0.5961717367172241 -77.1014175415039 
-0.7755587100982666 0.0342070497572422 0.6303479671478271 92.47190856933594 
0.3695108890533447 -0.7849974036216736 0.4972330331802368 -1324.0521240234375 
0.0 0.0 0.0 1.0

DataSet_131
0.3161394000053406 0.6721231341362 0.6695568561553955 -79.26424407958984 
-0.9265122413635254 0.06694640219211578 0.37026098370552063 52.47712707519531 
0.20403656363487244 -0.7374067306518555 0.6438946723937988 -1324.98583984375 
0.0 0.0 0.0 1.0

DataSet_132
0.3205636441707611 0.6691393852233887 0.6704411506652832 -80.91316986083984 
-0.9207147359848022 0.05382758751511574 0.38650599122047424 12.728811264038086 
0.22253815829753876 -0.7411848306655884 0.6333417296409607 -1327.52978515625 
0.0 0.0 0.0 1.0

DataSet_133
0.40806856751441956 0.66640305519104 0.62400883436203 -82.92958068847656 
-0.8517228960990906 0.031794339418411255 0.5230270028114319 -27.20815658569336 
0.328706830739975 -0.7449134588241577 0.5805649757385254 -1329.7408447265625 
0.0 0.0 0.0 1.0

DataSet_134
0.4382217228412628 0.6340062022209167 0.6371796131134033 -84.20944213867188 
-0.8580459356307983 0.08386080712080002 0.506679892539978 213.85853576660156 
0.26780378818511963 -0.7687675356864929 0.5807560682296753 -1332.110107421875 
0.0 0.0 0.0 1.0

DataSet_135
0.3685150444507599 0.6365218162536621 0.6775224804878235 -85.53314208984375 
-0.9163851737976074 0.1261824071407318 0.37988975644111633 174.0438232421875 
0.15631669759750366 -0.7608665823936462 0.6297992467880249 -1334.3746337890625 
0.0 0.0 0.0 1.0

DataSet_136
0.3897169232368469 0.6438689231872559 0.658447802066803 -87.71793365478516 
-0.8990086317062378 0.11089638620615005 0.4236571788787842 134.13168334960938 
0.19976021349430084 -0.7570566534996033 0.6220619678497314 -1336.452392578125 
0.0 0.0 0.0 1.0

DataSet_137
0.4911157190799713 0.6207509636878967 0.6111248731613159 -90.38225555419922 
-0.8021944761276245 0.0488324910402298 0.5950624942779541 94.18238067626953 
0.33954286575317383 -0.7824855446815491 0.5219454169273376 -1338.6417236328125 
0.0 0.0 0.0 1.0

DataSet_138
0.39562126994132996 0.6419326066970825 0.6568153500556946 -91.21529388427734 
-0.8852046132087708 0.07594795525074005 0.45896047353744507 54.22492218017578 
0.2447378784418106 -0.7629904747009277 0.5982882976531982 -1341.5166015625 
0.0 0.0 0.0 1.0

DataSet_139
0.40341559052467346 0.6405478119850159 0.6534174680709839 -92.97064208984375 
-0.8816556930541992 0.08104254305362701 0.4648820459842682 14.357545852661133 
0.2448246031999588 -0.7636298537254333 0.5974364876747131 -1343.889892578125 
0.0 0.0 0.0 1.0

DataSet_140
0.4831530451774597 0.63509202003479 0.6026784181594849 -95.25926208496094 
-0.7912792563438416 0.022105790674686432 0.6110551953315735 -25.530902862548828 
0.37475356459617615 -0.7721201181411743 0.5132156014442444 -1346.413818359375 
0.0 0.0 0.0 1.0

DataSet_141
0.30487629771232605 0.6718400120735168 0.6750418543815613 -97.5994873046875 
-0.9339628219604492 0.07214555144309998 0.3500121533870697 215.29550170898438 
0.18645088374614716 -0.737174391746521 0.6494690179824829 -1346.0908203125 
0.0 0.0 0.0 1.0

DataSet_142
0.3884575664997101 0.639153242111206 0.6637648344039917 -98.52642059326172 
-0.8976720571517944 0.09984677284955978 0.4292033314704895 175.50296020507812 
0.20805193483829498 -0.7625704407691956 0.6125362515449524 -1349.5570068359375 
0.0 0.0 0.0 1.0

DataSet_143
0.396156370639801 0.6366537809371948 0.6616132259368896 -100.5130844116211 
-0.890849232673645 0.09200199693441391 0.44488564133644104 135.52259826660156 
0.22236837446689606 -0.7656419277191162 0.6036097407341003 -1351.9542236328125 
0.0 0.0 0.0 1.0

DataSet_144
0.401254266500473 0.6469413638114929 0.6484302878379822 -102.70835876464844 
-0.8898975253105164 0.10764621198177338 0.4432772696018219 95.68072509765625 
0.21697330474853516 -0.7549034357070923 0.6189050674438477 -1353.6815185546875 
0.0 0.0 0.0 1.0

DataSet_145
0.42626509070396423 0.6429004669189453 0.6363780498504639 -104.32655334472656 
-0.867042064666748 0.08976969867944717 0.4900810122489929 55.79157257080078 
0.25794586539268494 -0.7606709599494934 0.5956875085830688 -1356.4072265625 
0.0 0.0 0.0 1.0

DataSet_146
0.42841339111328125 0.647598922252655 0.6301409006118774 -106.07806396484375 
-0.8580647706985474 0.0730259045958519 0.5083227753639221 15.999488830566406 
0.2831726670265198 -0.7584739923477173 0.5869671702384949 -1358.77294921875 
0.0 0.0 0.0 1.0

DataSet_147
0.4181075394153595 0.653494656085968 0.630976140499115 -108.38140869140625 
-0.8667435050010681 0.07906671613454819 0.4924470782279968 -24.012144088745117 
0.2719223201274872 -0.7527902722358704 0.5994706153869629 -1360.785400390625 
0.0 0.0 0.0 1.0

DataSet_148
0.35269075632095337 0.6277260184288025 0.6939519643783569 -109.57473754882812 
-0.925502598285675 0.12460916489362717 0.3576556146144867 216.87635803222656 
0.13803696632385254 -0.7683961391448975 0.6249105334281921 -1362.47998046875 
0.0 0.0 0.0 1.0

DataSet_149
0.32224342226982117 0.6716038584709167 0.6671637296676636 -112.84086608886719 
-0.9368303418159485 0.12496096640825272 0.3267011046409607 176.9608154296875 
0.13604433834552765 -0.7302964925765991 0.6694467663764954 -1363.021484375 
0.0 0.0 0.0 1.0

DataSet_150
0.2992216944694519 0.6520816683769226 0.6966030597686768 -113.29129791259766 
-0.9445053935050964 0.09869556874036789 0.31331896781921387 136.8546905517578 
0.1355578899383545 -0.7516971826553345 0.6454265117645264 -1367.182373046875 
0.0 0.0 0.0 1.0

DataSet_151
0.3037780523300171 0.6506326198577881 0.6959856152534485 -115.54702758789062 
-0.9387474656105042 0.07965370267629623 0.3352735638618469 97.05488586425781 
0.16270209848880768 -0.7552035450935364 0.634976863861084 -1369.00390625 
0.0 0.0 0.0 1.0

DataSet_152
0.3626216948032379 0.6357417106628418 0.6814234852790833 -117.07723999023438 
-0.9103526473045349 0.08518746495246887 0.40497052669525146 57.12226104736328 
0.1994078904390335 -0.7671868205070496 0.6096400022506714 -1371.933349609375 
0.0 0.0 0.0 1.0

DataSet_153
0.37464582920074463 0.6668707728385925 0.6441458463668823 -120.13504028320312 
