DataSet: 1
-17.841796875 5.185546875 5.009765625 1.58203125 -4.1203581338952 0.3515625 -93.076171875 -3.1640625
681.191 309.124 162.675 765.534
0.11229 -0.07160779 0.991092 681.191 0.07958614 0.9948439 0.06286182 309.1241 -0.9904832 0.07181843 0.11741 162.6747 0 0 0 1
DataSet: 2
-15.46875 5.185546875 5.09765625 1.58203125 -2.06074628564627 2.373046875 -94.04296875 -1.58203125
678.663 309.546 121.239 755.712
0.05383689 -0.09866484 0.9936634 678.6629 0.03794252 0.99459 0.09670111 309.5461 -0.9978286 0.03249601 0.05728922 121.2388 0 0 0 1
DataSet: 3
3.515625 -15.380859375 4.921875 1.58203125 -0.686885785712259 1.93359375 -95.80078125 -0.52734375
679.671 309.261 76.614 750.642
0.101415 -0.08834156 0.9909141 679.6706 0.0104682 0.9960892 0.08773155 309.2607 -0.9947891 0.001475799 0.1019431 76.61361 0 0 0 1
DataSet: 4
9.66796875 -19.248046875 5.185546875 1.58203125 -1.14491534623334 2.548828125 -95.361328125 -0.87890625
675.577 310.059 40.381 744.427
0.07836936 -0.1002123 0.9918749 675.5775 0.01849631 0.9949098 0.09905747 310.0591 -0.9967528 0.01058296 0.07982399 40.38128 0 0 0 1
DataSet: 5
18.984375 -27.509765625 5.2734375 1.58203125 -1.94589741149717 0.52734375 -94.74609375 -1.494140625
676.014 311.033 0.707 744.135
0.07276844 -0.06759694 0.9950555 676.0143 0.03727583 0.9971878 0.06501582 311.0332 -0.996652 0.03236042 0.07508353 0.7070341 0 0 0 1
DataSet: 6
22.412109375 -27.509765625 5.44921875 1.58203125 -1.94592133184524 0.791015625 -89.384765625 -1.494140625
673.226 311.700 -40.581 742.992
0.1049967 -0.07006733 0.9920011 673.2262 0.04323686 0.9968932 0.06583653 311.7001 -0.9935322 0.0359784 0.1077 -40.58061 0 0 0 1
DataSet: 7
25.6640625 -27.59765625 5.537109375 1.58203125 -1.83144436161305 0.615234375 -86.66015625 -1.40625
670.428 312.158 -79.911 743.843
0.09532208 -0.06475613 0.993338 670.4282 0.04401514 0.9971801 0.06078285 312.1581 -0.9944729 0.03792796 0.09790353 -79.91057 0 0 0 1
DataSet: 8
-30.234375 27.685546875 5.09765625 1.58203125 -3.20523091082191 1.845703125 -87.978515625 -2.4609375
658.579 309.377 162.524 745.556
0.0699741 -0.08694567 0.9937525 658.5786 0.06856564 0.9942576 0.08216188 309.3766 -0.9951896 0.06238807 0.07553377 162.5244 0 0 0 1
DataSet: 9
-34.62890625 40.25390625 5.009765625 1.58203125 -3.09044142131177 0.615234375 -81.298828125 -2.373046875
653.417 309.457 127.222 734.100
0.06151452 -0.05732062 0.9964589 653.4166 0.07239266 0.9959764 0.05282383 309.4567 -0.9954774 0.06888688 0.0654166 127.2223 0 0 0 1
DataSet: 10
-31.9921875 40.60546875 5.537109375 1.58203125 -2.1750798207308 1.93359375 -77.958984375 -1.669921875
651.097 311.554 87.750 727.113
0.06301273 -0.07850304 0.9949204 651.0975 0.06374631 0.9951825 0.07448638 311.5541 -0.9959748 0.05872892 0.06771344 87.7496 0 0 0 1
DataSet: 11
-31.728515625 44.912109375 5.712890625 1.58203125 -1.94607021701153 1.669921875 -69.08203125 -1.494140625
647.630 312.460 50.874 720.863
0.1381139 -0.07009063 0.9879331 647.6296 0.06885142 0.995759 0.06102036 312.4604 -0.9880202 0.05959284 0.142354 50.8739 0 0 0 1
DataSet: 12
-29.53125 45.52734375 5.888671875 1.58203125 -2.40418071761994 2.373046875 -67.8515625 -1.845703125
645.526 312.774 14.099 717.447
0.09427798 -0.07530943 0.9926934 645.5256 0.08266008 0.9942838 0.0675797 312.7741 -0.9921083 0.07568484 0.09996415 14.09922 0 0 0 1
DataSet: 13
-27.421875 46.142578125 5.9765625 1.494140625 -2.74768856661444 2.548828125 -62.841796875 -2.109375
643.659 312.938 -22.535 716.055
0.119231 -0.07113228 0.9903152 643.6585 0.09524104 0.9936501 0.05990509 312.9383 -0.988288 0.08717611 0.1252486 -22.53473 0 0 0 1
DataSet: 14
-25.400390625 46.318359375 6.15234375 1.58203125 -1.4882544641882 2.021484375 -56.865234375 -1.142578125
641.054 314.288 -60.014 716.470
0.1730013 -0.06742901 0.9826108 641.0541 0.07643005 0.9955645 0.05486143 314.2884 -0.9819517 0.06560989 0.1773876 -60.01447 0 0 0 1
DataSet: 15
11.6015625 -36.9140625 4.39453125 1.58203125 -1.94601437549192 -1.40625 -105.99609375 -1.494140625
652.219 307.636 155.381 737.681
0.1625988 -0.0435576 0.9857304 652.2192 0.03315728 0.9987021 0.03866141 307.6363 -0.986135 0.02639784 0.163832 155.3808 0 0 0 1
DataSet: 16
13.88671875 -37.001953125 4.658203125 1.58203125 -0.228944512874599 1.23046875 -108.896484375 -0.17578125
648.686 308.468 117.291 727.807
0.07735011 -0.07222912 0.9943842 648.6858 -0.01377235 0.9971998 0.07350494 308.4679 -0.9969088 -0.01938062 0.07613874 117.2907 0 0 0 1
DataSet: 17
22.1484375 -43.681640625 5.09765625 1.58203125 -1.37357911419743 -0.17578125 -107.314453125 -1.0546875
646.546 310.615 78.949 721.620
0.07443354 -0.05775094 0.9955524 646.5456 0.01571206 0.9982657 0.05673361 310.615 -0.9971022 0.01141929 0.07521184 78.94917 0 0 0 1
DataSet: 18
25.6640625 -43.76953125 4.921875 1.58203125 -1.14470502695136 1.142578125 -101.513671875 -0.87890625
643.862 309.507 35.309 715.262
0.1138102 -0.07746042 0.9904782 643.8619 0.01265292 0.9969881 0.07651565 309.5066 -0.9934219 0.003824176 0.1144475 35.30941 0 0 0 1
DataSet: 19
30.5859375 -46.40625 5.09765625 1.58203125 -1.03021137451116 0.791015625 -101.6015625 -0.791015625
640.563 310.405 -4.376 711.823
0.06717952 -0.0707543 0.995229 640.5634 0.01171096 0.9974696 0.07012309 310.4049 -0.9976722 0.006944256 0.06783812 -4.375789 0 0 0 1
DataSet: 20
33.662109375 -46.142578125 5.2734375 1.58203125 -1.60257430869225 1.142578125 -98.525390625 -1.23046875
637.050 310.932 -43.119 710.191
0.05444697 -0.0782561 0.9954454 637.05 0.02500535 0.9967183 0.07698848 310.9321 -0.9982035 0.02069967 0.05622512 -43.1189 0 0 0 1
DataSet: 21
36.38671875 -46.494140625 5.537109375 1.58203125 -0.11447319198037 1.318359375 -90.615234375 -0.087890625
633.569 312.219 -80.254 710.867
0.1478174 -0.07594963 0.9860941 633.5693 0.007834409 0.9971057 0.07562335 312.2191 -0.9889836 -0.003452984 0.1479846 -80.25368 0 0 0 1
DataSet: 22
-43.505859375 48.427734375 5.2734375 1.58203125 -2.51885979627324 2.8125 -80.419921875 -1.93359375
615.855 309.905 168.990 709.843
0.1023295 -0.09791935 0.9899194 615.8553 0.06934908 0.9934244 0.09109733 309.9049 -0.9923303 0.05932805 0.1084472 168.9904 0 0 0 1
DataSet: 23
-43.41796875 54.580078125 5.537109375 1.494140625 -4.69394304711529 2.98828125 -75.41015625 -3.603515625
613.747 310.007 134.225 700.576
0.08454766 -0.0874311 0.9925762 613.7471 0.1162529 0.9902055 0.07731985 310.0072 -0.9896145 0.1088526 0.09388368 134.2254 0 0 0 1
DataSet: 24
-44.296875 60.205078125 5.625 1.494140625 -2.86170628433204 1.40625 -71.279296875 -2.197265625
610.731 311.904 95.061 692.324
0.08202289 -0.06042896 0.9947968 610.7313 0.08100027 0.9952622 0.0537786 311.9036 -0.9933334 0.07616773 0.08652905 95.06103 0 0 0 1
DataSet: 25
-41.748046875 60.556640625 5.888671875 1.494140625 -2.86221017116742 2.63671875 -62.75390625 -2.197265625
608.224 312.474 58.883 686.326
0.1653209 -0.07583737 0.9833197 608.2242 0.09785421 0.9933807 0.06016153 312.474 -0.9813733 0.08627602 0.1716476 58.88258 0 0 0 1
DataSet: 26
33.046875 -50.712890625 5.185546875 1.58203125 -1.94626601906988 2.373046875 -98.61328125 -1.494140625
621.166 309.976 -2.069 694.216
0.1436662 -0.1021194 0.9843432 621.1659 0.02800077 0.9946829 0.09910537 309.9756 -0.98923 0.01332428 0.1457617 -2.068714 0 0 0 1
DataSet: 27
39.55078125 -53.701171875 5.537109375 1.58203125 -3.43377522199939 0.615234375 -94.39453125 -2.63671875
618.070 311.652 -40.076 693.357
0.1555699 -0.07771773 0.9847629 618.0698 0.06490912 0.99555 0.0683149 311.6523 -0.98569 0.05329235 0.1599222 -40.07643 0 0 0 1
DataSet: 28
43.154296875 -53.701171875 5.625 1.58203125 -2.63265259547837 0.703125 -90 -2.021484375
614.994 312.286 -78.776 694.223
0.1761207 -0.07355075 0.9816169 614.9942 0.0553395 0.9963674 0.06472702 312.2858 -0.9828118 0.04292242 0.1795512 -78.77604 0 0 0 1
DataSet: 29
19.51171875 -51.416015625 4.658203125 1.58203125 -0.572331046998384 -0.263671875 -115.83984375 -0.439453125
615.029 308.865 158.281 706.195
0.1080282 -0.04977135 0.9929011 615.0289 -0.00546272 0.9987012 0.05065644 308.8654 -0.9941328 -0.01089626 0.107616 158.2811 0 0 0 1
DataSet: 30
27.158203125 -55.810546875 5.009765625 1.58203125 -3.09056552573759 -1.23046875 -110.126953125 -2.373046875
612.922 309.941 116.919 696.711
0.1444996 -0.05763723 0.9878248 612.9218 0.04899977 0.9974942 0.0510337 309.9408 -0.9882909 0.04102883 0.1469617 116.9191 0 0 0 1
DataSet: 31
33.57421875 -60.556640625 4.658203125 1.58203125 -2.74752626971001 -2.197265625 -112.587890625 -2.109375
611.172 308.619 73.864 688.646
0.06024688 -0.0380221 0.9974591 611.1724 0.04752981 0.9982501 0.03518144 308.6195 -0.9970512 0.04528947 0.06194864 73.86423 0 0 0 1
DataSet: 32
36.650390625 -61.435546875 5.185546875 1.58203125 -1.83146037140308 -0.791015625 -104.58984375 -1.40625
606.463 311.010 37.904 682.613
0.157832 -0.05172847 0.9861102 606.4628 0.02933482 0.9984318 0.04767964 311.0099 -0.9870301 0.02140198 0.159102 37.9043 0 0 0 1
DataSet: 33
41.044921875 -63.10546875 5.2734375 1.58203125 -0.114466436671058 -0.263671875 -106.787109375 -0.087890625
603.611 311.567 -1.446 679.280
0.08048034 -0.04782549 0.9956082 603.6107 -0.005579263 0.998811 0.04843034 311.5665 -0.9967406 -0.00945245 0.08011782 -1.445546 0 0 0 1
DataSet: 34
47.021484375 -64.599609375 5.2734375 1.58203125 -0.6868266530514 -1.142578125 -101.77734375 -0.52734375
600.603 311.657 -39.974 677.829
0.1039777 -0.03697181 0.9938922 600.6026 0.01221229 0.9992809 0.03589466 311.6572 -0.9945046 0.008405452 0.1043545 -39.97395 0 0 0 1
DataSet: 35
50.888671875 -64.775390625 5.361328125 1.58203125 0.457876561008944 -0.87890625 -90.87890625 0.3515625
596.707 312.073 -79.478 678.060
0.2369512 -0.03571465 0.9708648 596.7068 -0.001908446 0.999305 0.03722664 312.0728 -0.9715196 -0.01067374 0.2367184 -79.47781 0 0 0 1
DataSet: 36
-52.646484375 65.302734375 5.625 1.58203125 -3.43463132707691 2.724609375 -74.00390625 -2.63671875
573.606 311.112 174.193 675.395
0.134491 -0.08900271 0.9869097 573.6064 0.09473015 0.9925514 0.07660216 311.1125 -0.9863764 0.0831878 0.1419204 174.1927 0 0 0 1
DataSet: 37
-52.91015625 70.3125 5.712890625 1.58203125 -2.97631244651981 1.845703125 -70.13671875 -2.28515625
571.546 312.063 135.718 665.182
0.1187264 -0.06872296 0.9905459 571.5461 0.08658054 0.9945186 0.05862107 312.063 -0.989145 0.07880213 0.1240257 135.7185 0 0 0 1
DataSet: 38
-50.80078125 72.333984375 5.9765625 1.58203125 -2.97668601108237 2.63671875 -67.587890625 -2.28515625
569.215 312.834 98.410 656.929
0.08712132 -0.07567646 0.9933192 569.2153 0.09433341 0.9932566 0.06739797 312.8336 -0.9917213 0.08783138 0.09367264 98.41007 0 0 0 1
DataSet: 39
42.01171875 -69.2578125 5.09765625 1.58203125 -0.572374833859717 -1.494140625 -110.390625 -0.439453125
588.472 310.962 37.971 666.663
0.1087575 -0.03139586 0.9935724 588.4722 0.006848589 0.999501 0.03083355 310.9624 -0.9940447 0.003451189 0.1089182 37.97134 0 0 0 1
DataSet: 40
45.966796875 -69.43359375 5.361328125 1.58203125 -0.114466655548258 -0.3515625 -102.83203125 -0.087890625
584.429 311.961 -0.398 662.478
0.1834126 -0.04605977 0.9819564 584.4291 -0.001885231 0.9988834 0.04720588 311.961 -0.9830342 -0.01050937 0.1831209 -0.3982335 0 0 0 1
DataSet: 41
50.625 -69.43359375 5.537109375 1.58203125 -0.686795130567015 -0.087890625 -90.3515625 -0.52734375
580.183 312.582 -38.532 660.155
0.326119 -0.0545417 0.943754 580.1829 0.01896811 0.9985108 0.05115169 312.5815 -0.9451384 0.001219695 0.3266679 -38.53211 0 0 0 1
DataSet: 42
55.546875 -69.521484375 5.625 1.58203125 -1.03019871004771 -0.52734375 -87.1875 -0.791015625
577.096 313.001 -78.229 661.158
0.3097512 -0.04857305 0.9495761 577.0962 0.02767096 0.9987318 0.04206122 313.0012 -0.9504149 0.01324717 0.3107024 -78.22941 0 0 0 1
DataSet: 43
28.30078125 -65.91796875 4.833984375 1.58203125 -0.114470658404029 -1.0546875 -124.1015625 -0.087890625
578.933 309.819 155.406 674.761
0.05628727 -0.03242792 0.9978878 578.9329 -0.01200656 0.9993781 0.0331536 309.8185 -0.9983424 -0.01384733 0.05586292 155.4058 0 0 0 1
DataSet: 44
35.15625 -71.455078125 4.658203125 1.58203125 -0.228974555238514 -2.28515625 -116.806640625 -0.17578125
575.459 309.148 117.204 663.673
0.144425 -0.01659922 0.9893765 575.4588 0.003882793 0.9998611 0.01620834 309.1479 -0.9895082 0.001500656 0.1444694 117.2038 0 0 0 1
DataSet: 45
40.60546875 -74.1796875 4.833984375 1.58203125 0.801347486948671 -1.7578125 -118.125 0.615234375
572.621 309.911 78.412 655.811
0.08082179 -0.01442574 0.9966242 572.6212 -0.01686443 0.9997323 0.01583836 309.911 -0.9965859 -0.01808758 0.08055688 78.41211 0 0 0 1
DataSet: 46
45.17578125 -74.1796875 5.361328125 1.494140625 -0.228934505037172 -0.52734375 -114.697265625 -0.17578125
568.289 312.003 39.902 649.531
0.07247471 -0.04319652 0.9964344 568.2894 -0.008335635 0.9990005 0.04391405 312.0032 -0.9973354 -0.01148857 0.0720422 39.90223 0 0 0 1
DataSet: 47
52.03125 -76.640625 5.185546875 1.58203125 -0.343422257857382 -1.40625 -98.96484375 -0.263671875
564.948 311.346 1.536 645.062
0.2812239 -0.03087451 0.9591454 564.9477 0.008375653 0.9995232 0.02971849 311.3464 -0.9596056 -0.000324081 0.2813484 1.536006 0 0 0 1
DataSet: 48
56.25 -76.640625 5.537109375 1.58203125 -0.114468156501426 -0.703125 -91.142578125 -0.087890625
560.608 312.776 -37.257 643.038
0.3496261 -0.04066541 0.9360064 560.6078 0.007840346 0.9991496 0.0404801 312.7762 -0.9368565 -0.006814287 0.3496476 -37.25678 0 0 0 1
DataSet: 49
60.1171875 -76.640625 5.712890625 1.58203125 1.37358099018928 -0.263671875 -83.14453125 1.0546875
557.489 313.451 -77.552 644.251
0.4249687 -0.03991558 0.9043276 557.4888 -0.01211563 0.998687 0.04977393 313.4505 -0.9051269 -0.03210886 0.4239272 -77.55219 0 0 0 1
DataSet: 50
-62.666015625 78.134765625 5.80078125 1.58203125 -3.09101581005738 2.373046875 -65.830078125 -2.373046875
533.349 312.150 174.135 642.045
0.2292859 -0.08027665 0.9700431 533.3494 0.09635603 0.99357 0.05944828 312.1501 -0.968578 0.07983884 0.2355468 174.1352 0 0 0 1
DataSet: 51
-62.40234375 82.705078125 5.9765625 1.58203125 -3.31968778419899 1.845703125 -59.58984375 -2.548828125
530.712 313.039 139.381 631.724
0.2561701 -0.06352586 0.964542 530.7115 0.1012177 0.9941155 0.03859146 313.039 -0.9613178 0.08774279 0.2610926 139.3812 0 0 0 1
DataSet: 52
-60.556640625 85.60546875 6.15234375 1.494140625 -2.74735728356359 1.7578125 -58.0078125 -2.109375
528.338 314.045 100.726 622.825
0.2092216 -0.0587579 0.9761013 528.338 0.09267782 0.9948914 0.04002405 314.045 -0.9734666 0.08208905 0.2135983 100.7257 0 0 0 1
DataSet: 53
-58.18359375 87.36328125 6.416015625 1.58203125 -1.94607021701153 1.669921875 -54.140625 -1.494140625
525.533 315.462 62.219 616.094
0.2031459 -0.05722984 0.9774745 525.5331 0.0822565 0.995759 0.04120522 315.4617 -0.9756873 0.07203297 0.2069919 62.21949 0 0 0 1
DataSet: 54
-54.31640625 87.5390625 6.591796875 1.58203125 -2.86207631303344 2.373046875 -50.009765625 -2.197265625
526.950 315.606 30.543 614.993
0.2032782 -0.05467698 0.9775932 526.95 0.1057765 0.9938225 0.03358979 315.6057 -0.9733906 0.09657831 0.2078059 30.54257 0 0 0 1
DataSet: 55
-50.80078125 88.154296875 6.767578125 1.58203125 -3.32005085563854 2.548828125 -49.306640625 -2.548828125
526.002 316.107 -7.487 613.725
0.1374255 -0.04488119 0.9894947 526.0023 0.114431 0.9930035 0.02914764 316.1068 -0.98388 0.1092232 0.1415998 -7.487397 0 0 0 1
DataSet: 56
-46.7578125 85.869140625 6.943359375 1.58203125 -1.60310036508197 3.251953125 -40.166015625 -1.23046875
524.169 317.007 -46.706 614.352
0.2406385 -0.06748755 0.9682657 524.1689 0.1066596 0.993377 0.04273019 317.0068 -0.9647367 0.09299229 0.2462429 -46.70555 0 0 0 1
DataSet: 57
-21.4453125 9.580078125 1.7578125 1.58203125 -3.66262298380669 0.3515625 -84.0234375 -2.8125
678.228 295.164 172.650 759.554
0.2571231 -0.0695475 0.9638728 678.2278 0.08003242 0.9955132 0.050481 295.1641 -0.9630589 0.06416125 0.2615355 172.6499 0 0 0 1
DataSet: 58
-5.80078125 -9.31640625 2.021484375 1.58203125 -2.06049842321733 1.494140625 -90 -1.58203125
678.631 296.525 128.032 751.571
0.2246525 -0.08659673 0.9705834 678.6307 0.04466597 0.9959116 0.07851809 296.5246 -0.9734147 0.02571277 0.227602 128.0323 0 0 0 1
DataSet: 59
2.021484375 -16.171875 1.93359375 1.58203125 0.915893672680187 2.28515625 -92.28515625 0.703125
677.111 296.195 88.222 744.308
0.1960156 -0.08754674 0.9766849 677.1108 -0.01318176 0.9956815 0.09189503 296.1953 -0.9805122 -0.03088728 0.194015 88.22177 0 0 0 1
DataSet: 60
10.986328125 -23.5546875 2.021484375 1.58203125 0.343435774037505 1.7578125 -86.923828125 0.263671875
675.548 296.784 50.081 739.564
0.2728748 -0.0812638 0.9586112 675.5484 0.00508931 0.996534 0.0830299 296.7836 -0.9620361 -0.0177781 0.2723426 50.08114 0 0 0 1
DataSet: 61
20.91796875 -31.9921875 1.93359375 1.58203125 -1.37358099018928 -0.263671875 -85.693359375 -1.0546875
673.731 296.831 9.983 736.289
0.2715891 -0.05335255 0.9609333 673.7308 0.03539602 0.9983404 0.04542546 296.8308 -0.9617622 0.02167616 0.2730268 9.982701 0 0 0 1
DataSet: 62
24.08203125 -32.34375 2.197265625 1.58203125 -0.572329639962354 0 -80.68359375 -0.439453125
671.856 298.039 -29.588 735.590
0.3072519 -0.05454637 0.9500636 671.8561 0.02544609 0.9984698 0.04909624 298.0385 -0.951288 0.0090905 0.3081697 -29.5877 0 0 0 1
DataSet: 63
27.158203125 -32.16796875 2.373046875 1.58203125 -0.343398238516253 0 -75.76171875 -0.263671875
669.159 298.821 -70.232 736.206
0.3318377 -0.05352222 0.9418169 669.1589 0.02543811 0.9985338 0.04778256 298.8207 -0.9429935 0.00810199 0.3327127 -70.2318 0 0 0 1
DataSet: 64
-31.728515625 29.70703125 2.021484375 1.58203125 -3.77730726761517 1.40625 -78.486328125 -2.900390625
656.091 295.891 175.172 740.738
0.2349072 -0.07983248 0.9687339 656.0912 0.09033244 0.9941015 0.06001839 295.8913 -0.9678113 0.07340935 0.2407331 175.1717 0 0 0 1
DataSet: 65
-31.201171875 32.431640625 2.28515625 1.58203125 -2.2897738307336 2.548828125 -78.3984375 -1.7578125
653.597 297.108 137.411 730.989
0.1761636 -0.09571112 0.9796968 653.5974 0.0674143 0.9940981 0.08499599 297.1081 -0.9820498 0.05107238 0.1815761 137.4114 0 0 0 1
DataSet: 66
-32.16796875 38.408203125 2.4609375 1.58203125 -0.22896535175922 2.021484375 -74.267578125 -0.17578125
651.211 298.510 96.709 722.867
0.1687759 -0.08618053 0.9818797 651.2113 0.03416814 0.9960831 0.081554 298.5097 -0.9850621 0.01978464 0.1710595 96.70879 0 0 0 1
DataSet: 67
-33.75 46.318359375 2.4609375 1.58203125 -1.03019561445995 0.439453125 -61.962890625 -0.791015625
649.057 298.952 60.869 717.184
0.2764578 -0.05364184 0.9595278 649.0571 0.05087559 0.9978579 0.04112645 298.9517 -0.9596785 0.03744682 0.2785947 60.86883 0 0 0 1
DataSet: 68
-30.673828125 46.40625 2.724609375 1.58203125 -2.6328662400462 1.669921875 -58.88671875 -2.021484375
647.736 299.233 26.378 714.001
0.2616767 -0.06341454 0.96307 647.7361 0.08950765 0.9951334 0.04120558 299.2325 -0.9609962 0.07541959 0.2660793 26.37776 0 0 0 1
DataSet: 69
-29.00390625 46.7578125 2.98828125 1.58203125 -0.801323176086842 1.494140625 -54.404296875 -0.615234375
645.066 300.891 -13.066 711.910
0.2899629 -0.0676458 0.9546442 645.0656 0.06312189 0.9966787 0.05145176 300.891 -0.954954 0.04533985 0.2932697 -13.06567 0 0 0 1
DataSet: 70
-26.71875 46.845703125 3.076171875 1.58203125 -0.915773505275876 1.23046875 -54.31640625 -0.703125
644.551 301.358 -49.732 713.258
0.2362611 -0.05988542 0.9698425 644.5514 0.06222641 0.9969828 0.04640244 301.3581 -0.9696951 0.04938672 0.2392747 -49.73212 0 0 0 1
DataSet: 71
-39.990234375 41.572265625 2.197265625 1.58203125 -2.63281443599427 1.494140625 -76.904296875 -2.021484375
635.204 297.068 174.527 722.630
0.2054973 -0.07742482 0.9755902 635.2043 0.07168126 0.9953789 0.06389643 297.068 -0.976029 0.05680099 0.2100975 174.5274 0 0 0 1
DataSet: 72
-41.66015625 48.427734375 2.109375 1.58203125 -1.83144436161305 0.615234375 -67.763671875 -1.40625
633.086 297.207 139.558 713.167
0.2798091 -0.05877257 0.958255 633.0861 0.06132805 0.9971801 0.04325225 297.2071 -0.9580948 0.04666553 0.2826245 139.5584 0 0 0 1
DataSet: 73
-39.55078125 50.44921875 2.63671875 1.58203125 -1.83160049993453 1.669921875 -65.478515625 -1.40625
630.725 299.112 100.445 705.245
0.2467041 -0.07325248 0.9663184 630.7245 0.07061731 0.995847 0.0574621 299.1117 -0.9665145 0.05406266 0.2508525 100.4447 0 0 0 1
DataSet: 74
-38.14453125 53.173828125 2.724609375 1.58203125 -1.25923941067181 1.669921875 -63.6328125 -0.966796875
628.352 299.620 61.293 698.824
0.2076026 -0.07177728 0.9755763 628.3517 0.0629197 0.996219 0.05990673 299.6196 -0.9761876 0.04894617 0.2113339 61.29302 0 0 0 1
DataSet: 75
-33.92578125 53.7890625 2.98828125 1.58203125 -3.89278084292769 3.076171875 -57.568359375 -2.98828125
627.498 299.196 27.068 695.705
0.2305457 -0.07468887 0.9701908 627.4985 0.1231675 0.9912702 0.04704345 299.196 -0.9652349 0.1086503 0.2377323 27.06766 0 0 0 1
DataSet: 76
-31.904296875 54.931640625 3.076171875 1.58203125 -3.09116037256398 2.63671875 -53.525390625 -2.373046875
625.695 300.140 -10.685 694.041
0.2415479 -0.06682415 0.9680853 625.6954 0.1095291 0.9931284 0.04122409 300.1396 -0.9641877 0.09607591 0.2472073 -10.68517 0 0 0 1
DataSet: 77
-30.05859375 55.1953125 3.251953125 1.58203125 -2.17513452739699 2.109375 -43.681640625 -1.669921875
623.834 301.434 -46.643 694.411
0.3570154 -0.06075212 0.9321208 623.8336 0.09683333 0.9949135 0.02775618 301.4335 -0.9290658 0.08035098 0.3610823 -46.64252 0 0 0 1
DataSet: 78
16.787109375 -45.791015625 1.7578125 1.58203125 -3.31939753212934 -0.966796875 -111.181640625 -2.548828125
627.014 295.680 165.509 712.718
0.1377144 -0.06415762 0.9883919 627.0139 0.05030397 0.9970651 0.05771167 295.68 -0.9891937 0.04177231 0.1405376 165.5094 0 0 0 1
DataSet: 79
22.939453125 -50.537109375 1.494140625 1.58203125 -1.7169985018296 -0.791015625 -110.21484375 -1.318359375
626.720 294.997 121.577 703.265
0.1293041 -0.05209823 0.9902354 626.7195 0.02252177 0.9985155 0.04959299 294.9974 -0.9913492 0.01588928 0.1302855 121.577 0 0 0 1
DataSet: 80
27.158203125 -52.119140625 2.021484375 1.58203125 -1.83142785256931 0.3515625 -109.16015625 -1.40625
622.949 297.013 82.989 695.104
0.1001902 -0.07022162 0.9924872 622.9493 0.01891046 0.9974605 0.06866451 297.0128 -0.9947886 0.01188887 0.1012637 82.98859 0 0 0 1
DataSet: 81
30.849609375 -52.55859375 2.109375 1.58203125 -2.51830957969753 1.318359375 -103.359375 -1.93359375
619.992 296.881 43.126 688.758
0.1367349 -0.08961357 0.986546 619.9917 0.03435195 0.9957297 0.08568662 296.8809 -0.9900119 0.02217343 0.1392294 43.12589 0 0 0 1
DataSet: 82
37.177734375 -58.7109375 2.021484375 1.58203125 -0.228934505037172 -0.52734375 -100.8984375 -0.17578125
617.677 297.465 4.892 685.590
0.1663647 -0.04440832 0.9850638 617.6767 0.002379037 0.9990005 0.04463482 297.4654 -0.9860615 -0.005082154 0.1663041 4.891539 0 0 0 1
DataSet: 83
40.95703125 -58.53515625 2.28515625 1.58203125 0 0.087890625 -94.04296875 0
614.409 298.481 -34.527 683.946
0.2233429 -0.05365542 0.9732621 614.4089 0.002685774 0.9985139 0.05443121 298.4814 -0.9747362 -0.009542863 0.2231551 -34.52721 0 0 0 1
DataSet: 84
44.208984375 -58.447265625 2.4609375 1.58203125 1.14465999459139 0.439453125 -92.28515625 0.87890625
611.707 299.163 -71.921 684.731
0.2030277 -0.05513563 0.9776195 611.7073 -0.01609797 0.9980906 0.05963331 299.1627 -0.9790407 -0.0278449 0.2017524 -71.92087 0 0 0 1
DataSet: 85
-48.603515625 58.18359375 2.4609375 1.58203125 -3.89243473088067 2.63671875 -72.421875 -2.98828125
593.850 297.190 179.389 687.866
0.1979292 -0.08956154 0.9761162 593.8496 0.1046952 0.9920523 0.06979445 297.1899 -0.9746091 0.08838031 0.2057327 179.3891 0 0 0 1
DataSet: 86
-47.98828125 61.69921875 2.63671875 1.58203125 -3.09137688433771 2.98828125 -69.873046875 -2.373046875
591.356 298.111 140.468 676.981
0.1672479 -0.09138361 0.9816706 591.3563 0.09559409 0.9925067 0.07610592 298.1114 -0.9812695 0.08111335 0.1747304 140.4678 0 0 0 1
DataSet: 87
-46.58203125 63.896484375 2.724609375 1.58203125 -2.51925698359779 3.515625 -61.435546875 -1.93359375
588.984 298.365 102.609 668.171
0.2408194 -0.09683292 0.9657274 588.9838 0.1010373 0.9921056 0.0742826 298.3646 -0.9652966 0.07968576 0.248702 102.609 0 0 0 1
DataSet: 88
-45.17578125 65.390625 3.076171875 1.494140625 -1.25972295117144 3.69140625 -63.6328125 -0.966796875
586.625 300.134 65.002 662.144
0.1446033 -0.1019992 0.9842185 586.6245 0.07850397 0.99272 0.09134626 300.1341 -0.9863706 0.0640561 0.1515579 65.002 0 0 0 1
DataSet: 89
-43.76953125 67.939453125 3.251953125 1.58203125 -1.60306832791359 3.1640625 -52.3828125 -1.23046875
585.142 301.078 27.454 658.629
0.2583674 -0.08565207 0.9622422 585.1417 0.09427177 0.9935431 0.06312576 301.0782 -0.961436 0.07440264 0.2647737 27.45408 0 0 0 1
DataSet: 90
-41.044921875 68.37890625 3.33984375 1.58203125 -1.48859652421956 3.251953125 -49.5703125 -1.142578125
583.647 301.427 -10.981 656.979
0.2404736 -0.08274474 0.9671224 583.6465 0.09662888 0.9934513 0.06097075 301.4269 -0.965834 0.07879011 0.2468943 -10.98099 0 0 0 1
DataSet: 91
-38.3203125 68.73046875 3.603515625 1.58203125 -0.457962182466336 2.4609375 -47.900390625 -0.3515625
581.951 303.160 -47.588 657.904
0.2169548 -0.07572769 0.9732399 581.9514 0.07510959 0.9953259 0.06070276 303.1602 -0.9732878 0.0599299 0.2216287 -47.58783 0 0 0 1
DataSet: 92
-53.701171875 66.97265625 2.4609375 1.58203125 -5.03702725434852 2.724609375 -73.037109375 -3.8671875
570.844 296.580 182.388 668.647
0.1446725 -0.08407561 0.9859012 570.8443 0.1237455 0.9900983 0.06627493 296.5801 -0.9817112 0.1124127 0.153644 182.3877 0 0 0 1
DataSet: 93
-51.328125 67.8515625 2.8125 1.58203125 -3.77904392752389 3.8671875 -67.5 -2.900390625
570.692 298.078 143.550 659.656
0.1773129 -0.1010326 0.9789549 570.6921 0.1164226 0.9898853 0.08107364 298.0778 -0.977244 0.09959706 0.1872819 143.5505 0 0 0 1
DataSet: 94
-48.69140625 68.5546875 2.98828125 1.58203125 -3.43723153325043 5.361328125 -63.80859375 -2.63671875
569.055 297.976 105.348 650.931
0.1703518 -0.120507 0.9779869 569.0549 0.1268999 0.9869122 0.09950254 297.9756 -0.9771779 0.107156 0.1834146 105.3481 0 0 0 1
DataSet: 95
-47.548828125 71.015625 3.1640625 1.58203125 -2.40576700076021 4.921875 -57.744140625 -1.845703125
566.468 299.395 66.455 644.158
0.2038551 -0.1119133 0.9725834 566.468 0.116786 0.9891307 0.08933885 299.3954 -0.9720104 0.09537196 0.2147092 66.45538 0 0 0 1
DataSet: 96
-46.23046875 73.828125 3.33984375 1.58203125 -2.51967741538729 4.130859375 -53.26171875 -1.93359375
564.831 300.631 28.378 640.483
0.2031466 -0.09058553 0.9749491 564.8311 0.1169403 0.9908292 0.06769456 300.6313 -0.9721401 0.100259 0.2118767 28.37754 0 0 0 1
DataSet: 97
-44.82421875 75.849609375 3.515625 1.58203125 -1.94645770142595 2.900390625 -51.240234375 -1.494140625
563.202 302.276 -10.252 639.275
0.1706166 -0.06981865 0.9828608 563.2017 0.0976113 0.9937775 0.05364961 302.2765 -0.9804907 0.0867848 0.1763701 -10.25223 0 0 0 1
DataSet: 98
-42.1875 76.2890625 3.69140625 1.58203125 -2.17536357007124 2.724609375 -44.384765625 -1.669921875
561.058 303.045 -46.947 639.395
0.2207994 -0.05879565 0.9735454 561.0584 0.1041165 0.9938984 0.03641129 303.0445 -0.9697461 0.09332253 0.2255738 -46.947 0 0 0 1
DataSet: 99
-56.6015625 70.3125 2.724609375 1.58203125 -4.00812948102631 3.955078125 -73.30078125 -3.076171875
551.830 297.565 182.289 652.909
0.1325228 -0.1072615 0.9853591 551.8298 0.1121386 0.9893671 0.09261602 297.565 -0.984816 0.09822303 0.1431419 182.2893 0 0 0 1
DataSet: 100
-57.216796875 74.8828125 2.900390625 1.58203125 -2.17543975766547 2.900390625 -62.578125 -1.669921875
548.584 299.579 145.244 641.707
0.2511663 -0.09019224 0.9637328 548.5836 0.08894708 0.9935873 0.06980498 299.5792 -0.9638485 0.06818856 0.257578 145.2443 0 0 0 1
DataSet: 101
-55.37109375 77.607421875 3.076171875 1.58203125 -2.06102595092351 3.076171875 -60.8203125 -1.58203125
547.197 300.277 106.893 633.259
0.2028516 -0.08798175 0.9752489 547.1971 0.09066988 0.9933642 0.0707567 300.2767 -0.9750026 0.07407259 0.2094828 106.8932 0 0 0 1
DataSet: 102
-53.0859375 79.892578125 3.33984375 1.58203125 -2.4046511407008 3.33984375 -53.0859375 -1.845703125
545.082 301.143 68.854 626.532
0.2527025 -0.08331928 0.9639499 545.0821 0.1072223 0.9925603 0.05768356 301.1434 -0.9615845 0.08878019 0.2597561 68.85364 0 0 0 1
DataSet: 103
-50.09765625 80.5078125 3.427734375 1.58203125 -1.83226214387506 3.603515625 -45.791015625 -1.40625
543.604 301.508 29.941 622.341
0.3067377 -0.08568375 0.9479294 543.6038 0.1092446 0.9925271 0.05436482 301.5085 -0.9455039 0.08688041 0.313806 29.94138 0 0 0 1
DataSet: 104
-46.93359375 80.771484375 3.69140625 1.58203125 -2.17610721655122 4.130859375 -43.41796875 -1.669921875
541.951 302.225 -8.947 620.589
0.2715977 -0.08325966 0.9588026 541.9514 0.1224112 0.9911479 0.05139332 302.2245 -0.9545943 0.1034098 0.2793854 -8.946809 0 0 0 1
DataSet: 105
-44.912109375 81.73828125 3.8671875 1.58203125 -1.83199878469219 2.98828125 -41.748046875 -1.40625
540.796 303.755 -47.041 622.045
0.2359976 -0.06337442 0.9696849 540.7963 0.1048494 0.9937063 0.03942656 303.7547 -0.9660806 0.09236635 0.2411571 -47.04063 0 0 0 1
DataSet: 106
31.46484375 -72.59765625 1.93359375 1.58203125 -0.114466186529365 -0.087890625 -121.46484375 -0.087890625
552.162 297.026 157.744 646.522
0.1551883 -0.04448894 0.9868826 552.1617 -0.01926794 0.9986591 0.04804973 297.0263 -0.987697 -0.02647196 0.154123 157.7435 0 0 0 1
DataSet: 107
37.79296875 -77.607421875 1.845703125 1.58203125 1.14466749910162 -0.615234375 -121.025390625 0.87890625
550.250 296.756 118.562 636.314
0.1293323 -0.0242589 0.9913045 550.2498 -0.03331458 0.9990301 0.0287944 296.7556 -0.9910415 -0.03674894 0.1283986 118.5618 0 0 0 1
DataSet: 108
42.71484375 -78.134765625 2.373046875 1.58203125 0 0.87890625 -116.455078125 0
545.288 298.678 81.034 626.988
0.1442892 -0.05951672 0.9877441 545.2882 -0.02440866 0.9976718 0.06368053 298.6776 -0.9892344 -0.03329792 0.1425005 81.03382 0 0 0 1
DataSet: 109
50.361328125 -81.298828125 2.373046875 1.58203125 -0.228932316241287 -0.087890625 -109.072265625 -0.17578125
541.932 298.914 43.176 620.406
0.212398 -0.04920242 0.9759437 541.9319 -0.006494442 0.9986385 0.05175999 298.9139 -0.9771616 -0.01733193 0.2117893 43.17647 0 0 0 1
DataSet: 110
55.107421875 -81.38671875 2.724609375 1.58203125 -0.915740479069598 0.703125 -106.69921875 -0.703125
537.857 300.147 6.871 615.976
0.1854955 -0.06834233 0.9802657 537.8573 0.003863853 0.9976215 0.06882119 300.1472 -0.9826375 -0.008978421 0.1853184 6.870872 0 0 0 1
DataSet: 111
60.029296875 -81.5625 2.900390625 1.58203125 -1.03022910663772 1.0546875 -98.876953125 -0.791015625
534.066 300.762 -31.769 613.754
0.2492459 -0.07525297 0.965512 534.066 0.01432283 0.9971538 0.07402174 300.7621 -0.9683343 -0.004620754 0.2496144 -31.76895 0 0 0 1
DataSet: 112
64.072265625 -82.177734375 2.98828125 1.58203125 1.14472254297063 1.318359375 -98.173828125 0.87890625
531.740 301.183 -72.838 615.438
0.2090737 -0.06615537 0.9756596 531.7403 -0.02430686 0.9970493 0.07281443 301.1828 -0.9775978 -0.03893881 0.2068487 -72.83767 0 0 0 1
DataSet: 113
-6.6796875 -12.65625 -1.669921875 1.58203125 -2.28924816401239 -0.087890625 -92.021484375 -1.7578125
676.348 280.888 164.826 750.674
0.2595807 -0.06315088 0.9636544 676.3477 0.04711509 0.9974995 0.05267739 280.8884 -0.9645714 0.03172863 0.261907 164.8259 0 0 0 1
DataSet: 114
-3.251953125 -12.919921875 -1.0546875 1.58203125 -1.4882544641882 2.021484375 -87.1875 -1.142578125
673.763 283.054 125.985 741.585
0.2969618 -0.09345343 0.9503053 673.7631 0.03827686 0.9955645 0.08594307 283.0536 -0.9541219 0.01085289 0.2992218 125.9849 0 0 0 1
DataSet: 115
10.810546875 -27.0703125 -1.40625 1.58203125 -0.801263407019134 0.3515625 -87.01171875 -0.615234375
673.367 282.242 85.724 735.141
0.332501 -0.06234248 0.9410401 673.3672 0.02440958 0.9980474 0.05749441 282.2423 -0.942787 0.003853444 0.3333735 85.72383 0 0 0 1
DataSet: 116
13.447265625 -26.982421875 -0.966796875 1.58203125 0.686885785712259 1.93359375 -82.177734375 0.52734375
670.622 283.697 45.547 729.583
0.368017 -0.08248948 0.9261528 670.6216 0.006479854 0.9962603 0.0861589 283.6974 -0.9297965 -0.02570661 0.3671753 45.54732 0 0 0 1
DataSet: 117
17.138671875 -27.0703125 -0.791015625 1.58203125 -0.343477191099767 2.548828125 -77.607421875 -0.263671875
667.864 284.112 8.891 725.839
0.3848015 -0.09766702 0.9178175 667.8644 0.0334046 0.995208 0.0918972 284.1124 -0.9223947 -0.00470286 0.3862201 8.891065 0 0 0 1
DataSet: 118
21.884765625 -27.158203125 -0.615234375 1.58203125 -3.09101581005738 2.373046875 -73.828125 -2.373046875
665.538 284.278 -31.267 724.385
0.3696314 -0.09962395 0.9238223 665.5383 0.08714715 0.99357 0.07227693 284.2784 -0.9250827 0.05379266 0.3759367 -31.26657 0 0 0 1
DataSet: 119
24.2578125 -27.158203125 -0.3515625 1.58203125 -2.06080941207533 2.548828125 -69.169921875 -1.58203125
662.934 285.661 -64.438 724.732
0.4059479 -0.0992866 0.9084869 662.9343 0.07618131 0.9942976 0.07462385 285.6613 -0.9107155 0.03891634 0.4111968 -64.43818 0 0 0 1
DataSet: 120
-0.52734375 -21.26953125 -1.40625 1.58203125 -1.94613564599317 1.93359375 -92.4609375 -1.494140625
657.356 281.469 164.323 733.719
0.3140724 -0.0956609 0.9445674 657.3558 0.03878856 0.995373 0.08790889 281.4694 -0.9486063 0.009028652 0.3163297 164.323 0 0 0 1
DataSet: 121
3.251953125 -21.357421875 -1.23046875 1.58203125 -1.71799873932147 4.130859375 -93.603515625 -1.318359375
654.834 281.164 124.884 723.503
0.2453713 -0.1300291 0.9606692 654.834 0.03038385 0.9915085 0.1264427 281.164 -0.9689529 -0.001836592 0.2472385 124.8836 0 0 0 1
DataSet: 122
15.029296875 -33.662109375 -1.142578125 1.58203125 -1.03035075740718 2.109375 -92.900390625 -0.791015625
654.252 282.741 84.127 717.681
0.2756868 -0.09273309 0.956764 654.2522 0.02102412 0.9956793 0.09044691 282.7412 -0.9610175 -0.004819895 0.2764453 84.12697 0 0 0 1
DataSet: 123
21.884765625 -39.287109375 -1.0546875 1.58203125 -0.22894826662334 1.40625 -85.517578125 -0.17578125
652.303 283.491 43.168 712.552
0.3752552 -0.07671414 0.9237416 652.3035 0.01676492 0.996968 0.0759849 283.4915 -0.9267699 -0.01302728 0.3754035 43.168 0 0 0 1
DataSet: 124
25.13671875 -39.287109375 -0.87890625 1.58203125 -0.114487306046006 2.28515625 -84.90234375 -0.087890625
649.533 283.900 3.210 708.874
0.3303609 -0.09163756 0.9393957 649.5329 0.01681725 0.9956892 0.09121478 283.9 -0.9437048 -0.01433575 0.3304779 3.209604 0 0 0 1
DataSet: 125
29.619140625 -41.30859375 -0.703125 1.58203125 0.343439623092664 1.845703125 -78.92578125 0.263671875
646.975 284.865 -37.995 707.932
0.3819796 -0.0831572 0.9204219 646.9751 0.01688614 0.9964053 0.08301423 284.8647 -0.9240165 -0.01616738 0.3820108 -37.9951 0 0 0 1
DataSet: 126
33.22265625 -41.396484375 -0.703125 1.58203125 -1.37366205060199 1.318359375 -66.708984375 -1.0546875
643.562 284.825 -73.820 707.634
0.5096074 -0.07901619 0.8567711 643.5617 0.05913907 0.996636 0.05673939 284.8251 -0.8583722 0.02175383 0.512566 -73.81975 0 0 0 1
DataSet: 127
-37.529296875 36.650390625 -0.966796875 1.58203125 -0.572619230113946 3.779296875 -79.98046875 -0.439453125
629.882 282.671 173.389 711.841
0.194615 -0.1186334 0.9736792 629.8815 0.03747709 0.9928336 0.1134765 282.6708 -0.9801635 0.01440644 0.1976663 173.3885 0 0 0 1
DataSet: 128
-38.14453125 43.330078125 -0.615234375 1.58203125 -1.60338846689834 3.955078125 -67.412109375 -1.23046875
627.032 283.852 136.803 701.752
0.304596 -0.1179858 0.9451458 627.0317 0.0799422 0.9919637 0.09806696 283.8516 -0.9491209 0.04568623 0.3115803 136.8032 0 0 0 1
DataSet: 129
-37.6171875 47.548828125 -0.439453125 1.58203125 -1.48890118758224 4.04296875 -65.7421875 -1.142578125
624.947 284.581 100.050 693.941
0.2549541 -0.1157575 0.9599993 624.9465 0.08145421 0.9918507 0.09796577 284.5807 -0.9635163 0.05321921 0.2623053 100.0499 0 0 0 1
DataSet: 130
-35.33203125 49.482421875 -0.263671875 1.58203125 -1.71828151750525 4.658203125 -49.04296875 -1.318359375
622.458 284.810 64.050 687.512
0.4573494 -0.1210401 0.8810112 622.4578 0.1163472 0.9903226 0.07566012 284.8102 -0.8816433 0.06790013 0.4670061 64.04952 0 0 0 1
DataSet: 131
-37.6171875 57.3046875 -0.3515625 1.58203125 -1.37369921476925 1.58203125 -60.8203125 -1.0546875
621.535 286.234 26.215 684.780
0.1779103 -0.06553327 0.9818622 621.5353 0.06688396 0.9962779 0.05437627 286.2338 -0.9817711 0.05599673 0.1816313 26.21452 0 0 0 1
DataSet: 132
-34.365234375 57.392578125 -0.087890625 1.58203125 -1.03030118353813 1.7578125 -56.25 -0.791015625
620.127 287.361 -10.265 683.549
0.1998674 -0.0674371 0.9774995 620.1272 0.06746292 0.9962083 0.0549338 287.3607 -0.9774977 0.0549655 0.2036591 -10.26545 0 0 0 1
DataSet: 133
-31.2890625 57.568359375 0 1.58203125 -1.60267547830254 1.7578125 -43.76953125 -1.23046875
618.613 287.589 -47.365 683.837
0.3461011 -0.05907916 0.9363353 618.6132 0.08503167 0.9958832 0.03140583 287.5893 -0.9343359 0.06874856 0.3496999 -47.36459 0 0 0 1
DataSet: 134
15.29296875 -44.912109375 -1.40625 1.58203125 -1.25917334183939 1.142578125 -100.810546875 -0.966796875
622.151 281.953 160.264 701.609
0.3236472 -0.07767227 0.9429844 622.1514 0.01565159 0.996928 0.07674366 281.9531 -0.9460484 -0.01007867 0.3238686 160.2644 0 0 0 1
DataSet: 135
21.884765625 -48.779296875 -1.142578125 1.58203125 -2.28935322807431 1.142578125 -106.435546875 -1.7578125
620.767 282.868 119.625 692.587
0.183249 -0.08673269 0.979233 620.7673 0.02646187 0.9961747 0.0832813 282.8679 -0.9827103 0.01065112 0.1848431 119.6253 0 0 0 1
DataSet: 136
28.125 -53.525390625 -1.142578125 1.58203125 -1.60253577994366 0.791015625 -101.865234375 -1.23046875
617.853 283.147 78.932 684.212
0.2306291 -0.07539479 0.9701164 617.8534 0.02173541 0.997144 0.07232808 283.1472 -0.9727989 0.004404915 0.2316092 78.9322 0 0 0 1
DataSet: 137
30.5859375 -53.173828125 -1.142578125 1.58203125 -0.915965075640695 2.724609375 -87.275390625 -0.703125
613.854 282.456 39.952 676.901
0.4193128 -0.101431 0.9021577 613.8542 0.02820153 0.9947146 0.09872954 282.4557 -0.9074036 -0.01595633 0.4199571 39.95221 0 0 0 1
DataSet: 138
35.5078125 -56.42578125 -0.703125 1.58203125 -0.457924615050624 1.93359375 -94.130859375 -0.3515625
611.541 284.813 3.054 674.619
0.270835 -0.08620729 0.9587579 611.5411 0.008782766 0.9961618 0.08708949 284.8129 -0.9625857 -0.01516633 0.2705526 3.05378 0 0 0 1
DataSet: 139
39.638671875 -56.42578125 -0.52734375 1.58203125 -1.03035075740718 2.109375 -89.912109375 -0.791015625
608.517 285.409 -35.486 673.060
0.2763205 -0.09285825 0.9565691 608.5168 0.02571069 0.9956793 0.0892279 285.4086 -0.9607216 -6.144562E-05 0.277514 -35.48565 0 0 0 1
DataSet: 140
42.890625 -56.42578125 -0.439453125 1.58203125 0.457969322775663 2.548828125 -76.9921875 0.3515625
605.078 285.693 -74.234 673.239
0.43842 -0.09412469 0.893828 605.0785 0.02051516 0.99529 0.09474654 285.6931 -0.8985361 -0.02320175 0.438286 -74.23392 0 0 0 1
DataSet: 141
20.56640625 -55.37109375 -1.669921875 1.58203125 2.17484029806201 0.791015625 -116.103515625 1.669921875
605.055 281.001 157.422 685.445
0.1519702 -0.03571277 0.9877397 605.0547 -0.0587073 0.9972565 0.04508936 281.001 -0.98664 -0.06483977 0.1494567 157.4218 0 0 0 1
DataSet: 142
26.19140625 -56.689453125 -1.142578125 1.58203125 -1.14472254297063 1.318359375 -106.69921875 -0.87890625
601.445 283.075 118.308 675.178
0.2368627 -0.07912681 0.9683155 601.4452 0.004806725 0.9967611 0.08027548 283.0752 -0.9715313 -0.01435984 0.2364758 118.3083 0 0 0 1
DataSet: 143
31.201171875 -59.58984375 -0.966796875 1.58203125 -0.915814800059268 1.669921875 -103.095703125 -0.703125
598.323 283.736 78.379 666.814
0.2545998 -0.08314228 0.9634658 598.3234 0.004369877 0.996386 0.08482838 283.7365 -0.9670367 -0.01738706 0.254043 78.37939 0 0 0 1
DataSet: 144
36.9140625 -63.017578125 -0.966796875 1.58203125 -1.48806535181594 0.703125 -100.458984375 -1.142578125
595.518 283.961 41.751 661.074
0.2510796 -0.07309628 0.9652026 595.5182 0.02168737 0.9973192 0.06988695 283.9606 -0.9677235 0.00338552 0.2519917 41.75082 0 0 0 1
DataSet: 145
41.396484375 -63.720703125 -0.703125 1.58203125 -1.25918263126562 1.23046875 -94.21875 -0.966796875
592.629 284.963 2.960 657.588
0.3000839 -0.07973959 0.9505742 592.6288 0.02424541 0.9968157 0.07596464 284.9631 -0.9536046 0.0002512882 0.3010617 2.960172 0 0 0 1
DataSet: 146
