DataSet: 1
58.18359375 284.501953125 359.82421875 1.58203125 0.801498507990528 2.900390625 -104.4140625 0.615234375
545.723 257.797 -71.176 607.732
0.08114172 -0.09502566 0.9921623 545.7228 -0.03282214 0.9946501 0.09794821 257.7971 -0.996162 -0.04051257 0.07758868 -71.17552 0 0 0 1
DataSet: 2
57.568359375 -75.76171875 -0.087890625 1.58203125 2.51920248166908 3.427734375 -101.953125 1.93359375
548.099 286.693 -73.569 622.911
0.1359555 -0.09261873 0.9863761 548.0992 -0.06109205 0.992942 0.1016558 286.6932 -0.9888296 -0.0740804 0.1293376 -73.56927 0 0 0 1
DataSet: 3
32.607421875 -74.091796875 -1.23046875 1.58203125 -0.114466936966215 -0.439453125 -124.62890625 -0.087890625
549.265 283.332 155.333 637.258
0.1042267 -0.03973174 0.9937596 549.2653 -0.01840805 0.9989535 0.04187005 283.3317 -0.9943832 -0.02265715 0.1033863 155.3333 0 0 0 1
DataSet: 4
37.529296875 -77.080078125 -1.0546875 1.58203125 0.801265376917926 0.439453125 -120.673828125 0.615234375
546.726 283.905 116.135 626.896
0.1318104 -0.04275139 0.9903526 546.7256 -0.03709785 0.998157 0.04802581 283.9048 -0.9905805 -0.04307026 0.1299815 116.1345 0 0 0 1
DataSet: 5
42.978515625 -79.013671875 -0.703125 1.58203125 1.03026063582846 1.40625 -118.388671875 0.791015625
542.557 285.118 78.388 617.904
0.1218996 -0.0561723 0.9909517 542.5571 -0.0468506 0.9969587 0.06227603 285.1184 -0.9914361 -0.0540181 0.1188971 78.38844 0 0 0 1
DataSet: 6
49.21875 -81.2109375 -0.87890625 1.58203125 1.25921463194384 1.494140625 -111.357421875 0.966796875
538.895 284.301 41.315 610.690
0.1893564 -0.05807699 0.9801894 538.8949 -0.04334199 0.9967819 0.06743306 284.3014 -0.9809514 -0.05525224 0.1862298 41.3149 0 0 0 1
DataSet: 7
53.7890625 -81.2109375 -0.52734375 1.58203125 0.915920725945122 2.4609375 -110.302734375 0.703125
535.255 285.445 3.871 606.623
0.1409174 -0.07948554 0.9868254 535.2548 -0.04201906 0.9953935 0.08617593 285.4446 -0.9891292 -0.05360916 0.1369284 3.870764 0 0 0 1
DataSet: 8
59.326171875 -82.44140625 -0.17578125 1.58203125 1.37381225319464 2.197265625 -99.140625 1.0546875
531.554 287.049 -34.051 605.067
0.2697117 -0.07497699 0.9600177 531.5536 -0.03216792 0.9957061 0.08680164 287.049 -0.9624037 -0.05429319 0.2661418 -34.05054 0 0 0 1
DataSet: 9
63.720703125 -82.79296875 0 1.58203125 2.28967050638841 2.28515625 -100.634765625 1.7578125
528.479 287.675 -73.383 606.162
0.1818833 -0.07368088 0.9805558 528.4789 -0.05125947 0.9951225 0.08428358 287.6753 -0.9819832 -0.06559254 0.1772193 -73.38348 0 0 0 1
