DataSet_1
0.20672963559627533 0.9146550893783569 0.34737423062324524 -121.12371063232422 
-0.9671141505241394 0.13726551830768585 0.21412226557731628 -77.12749481201172 
0.1481655091047287 -0.38021597266197205 0.9129527807235718 -1382.428955078125 
0.0 0.0 0.0 1.0

DataSet_2
0.1845005601644516 0.9169936180114746 0.35366976261138916 -131.21694946289062 
-0.9817328453063965 0.1549309641122818 0.11044073104858398 -71.27644348144531 
0.04647904634475708 -0.36758556962013245 0.9288275241851807 -1424.2178955078125 
0.0 0.0 0.0 1.0

DataSet_3
0.17335191369056702 0.9177067279815674 0.35744020342826843 -141.6322021484375 
-0.9848592877388 0.1619429588317871 0.061859630048274994 -62.49018859863281 
-0.0011159329442307353 -0.3627518117427826 0.9318851232528687 -1466.035888671875 
0.0 0.0 0.0 1.0

DataSet_4
0.2441045343875885 0.914203941822052 0.3234875798225403 -149.26748657226562 
-0.911973774433136 0.1029931828379631 0.3971099853515625 -66.26972961425781 
0.32972249388694763 -0.39194852113723755 0.8588710427284241 -1500.822998046875 
0.0 0.0 0.0 1.0

DataSet_5
0.24937832355499268 0.9142590761184692 0.3192816376686096 -159.4541015625 
-0.89994877576828 0.0970333069562912 0.42506086826324463 -54.8065071105957 
0.3576348125934601 -0.39333808422088623 0.846984326839447 -1543.144775390625 
0.0 0.0 0.0 1.0

DataSet_6
0.26126229763031006 0.9140252470970154 0.3103221356868744 -164.54083251953125 
-0.8710326552391052 0.08469436317682266 0.483868807554245 -39.51340103149414 
0.41598573327064514 -0.3967173993587494 0.8182733058929443 -1561.7598876953125 
0.0 0.0 0.0 1.0

DataSet_7
0.30102458596229553 0.9144183397293091 0.27059778571128845 -121.88790893554688 
-0.7350708246231079 0.04173101857304573 0.6767047047615051 -97.61790466308594 
0.6074989438056946 -0.4026132822036743 0.6847244501113892 -1393.05322265625 
0.0 0.0 0.0 1.0

DataSet_8
0.2779819667339325 0.9133592844009399 0.2974907159805298 -134.2126007080078 
-0.8277804255485535 0.07065004110336304 0.5565860271453857 -68.72539520263672 
0.4873453378677368 -0.40097787976264954 0.7757005095481873 -1434.6468505859375 
0.0 0.0 0.0 1.0

DataSet_9
0.27288347482681274 0.9137762784957886 0.3009111285209656 -142.60458374023438 
-0.8404977917671204 0.07426153123378754 0.5367016792297363 -50.45703887939453 
0.46807917952537537 -0.3993721604347229 0.7882916927337646 -1466.3868408203125 
0.0 0.0 0.0 1.0

DataSet_10
0.29477235674858093 0.9145782589912415 0.27686792612075806 -151.1181182861328 
-0.754131019115448 0.04471251741051674 0.6552000641822815 -36.442054748535156 
0.5868523120880127 -0.4019295275211334 0.7028918862342834 -1500.410400390625 
0.0 0.0 0.0 1.0

DataSet_11
0.30979424715042114 0.9148774147033691 0.2588954567909241 -160.42935180664062 
-0.6764169931411743 0.020706674084067345 0.7362277507781982 -6.684455871582031 
0.6681972742080688 -0.4032004177570343 0.625253438949585 -1534.2890625 
0.0 0.0 0.0 1.0

DataSet_12
0.33389654755592346 0.918993353843689 0.2096768319606781 -169.34344482421875 
-0.46993544697761536 -0.030534837394952774 0.8821724653244019 16.31698226928711 
0.8171131014823914 -0.3930889368057251 0.4216720461845398 -1567.31884765625 
0.0 0.0 0.0 1.0

DataSet_13
0.2886005640029907 0.9164345860481262 0.2772316336631775 -172.96038818359375 
-0.7652720808982849 0.04678342118859291 0.642004668712616 34.11480712890625 
0.5753854513168335 -0.39744052290916443 0.7148234844207764 -1581.9461669921875 
0.0 0.0 0.0 1.0

DataSet_14
0.22918276488780975 0.9160939455032349 0.329009473323822 -177.26809692382812 
-0.933521032333374 0.11112228035926819 0.3408670425415039 59.36349105834961 
0.2757059633731842 -0.38525810837745667 0.8806602358818054 -1597.58056640625 
0.0 0.0 0.0 1.0

DataSet_15
0.2152954339981079 0.9160187840461731 0.33846333622932434 -182.49307250976562 
-0.9538540244102478 0.12297045439481735 0.2739356458187103 68.97201538085938 
0.20930923521518707 -0.3818216919898987 0.9002231955528259 -1617.99755859375 
0.0 0.0 0.0 1.0

DataSet_16
0.21707892417907715 0.9170718789100647 0.3344487249851227 -191.05361938476562 
-0.9485940933227539 0.11734350025653839 0.2939384877681732 87.14602661132812 
0.23031733930110931 -0.38106390833854675 0.8954017162322998 -1652.5032958984375 
0.0 0.0 0.0 1.0

DataSet_17
0.2048017680644989 0.9179739952087402 0.3396763503551483 -196.36485290527344 
-0.9625630378723145 0.12593244016170502 0.24002815783023834 108.73058319091797 
0.17756332457065582 -0.3761180639266968 0.9093989729881287 -1671.780517578125 
0.0 0.0 0.0 1.0

DataSet_18
0.20705795288085938 0.9177991151809692 0.3387799561023712 -200.902099609375 
-0.9595174193382263 0.12293243408203125 0.2534047067165375 130.0810546875 
0.19092759490013123 -0.3775347173213959 0.9060983657836914 -1687.9595947265625 
0.0 0.0 0.0 1.0

DataSet_19
0.1614135503768921 0.9222553968429565 0.3512701094150543 -207.60548400878906 
-0.9867300987243652 0.15716290473937988 0.04078702628612518 152.95785522460938 
-0.017590567469596863 -0.35319235920906067 0.9353853464126587 -1715.4749755859375 
0.0 0.0 0.0 1.0

DataSet_20
0.2338433563709259 0.9138677716255188 0.33190807700157166 -130.41427612304688 
-0.9324072003364563 0.11403179913759232 0.34294816851615906 -6.854331016540527 
0.27556121349334717 -0.38966965675354004 0.8787625432014465 -1403.176513671875 
0.0 0.0 0.0 1.0

DataSet_21
0.28230977058410645 0.9119223356246948 0.2978234589099884 -141.0723114013672 
-0.8137576580047607 0.06323228776454926 0.5777543783187866 35.49110794067383 
0.5080351233482361 -0.4054618179798126 0.7599349021911621 -1441.71142578125 
0.0 0.0 0.0 1.0

DataSet_22
0.23969511687755585 0.9135475158691406 0.32859891653060913 -148.9731903076172 
-0.9207631349563599 0.10660380870103836 0.3752744793891907 44.76280212402344 
0.30780115723609924 -0.3925132155418396 0.8667132258415222 -1475.0701904296875 
0.0 0.0 0.0 1.0

DataSet_23
0.2902607321739197 0.9139261841773987 0.28370338678359985 -154.65948486328125 
-0.7700435519218445 0.04705642908811569 0.6362535953521729 68.06036376953125 
0.5681387186050415 -0.40314343571662903 0.7174215912818909 -1494.43310546875 
0.0 0.0 0.0 1.0

DataSet_24
0.19731372594833374 0.9165794253349304 0.347777783870697 -162.44972229003906 
-0.9726770520210266 0.13876843452453613 0.1861252635717392 72.08065795898438 
0.12233801931142807 -0.375000536441803 0.9189167618751526 -1528.8280029296875 
0.0 0.0 0.0 1.0

DataSet_25
0.2757721245288849 0.9139464497566223 0.2977442443370819 -168.44790649414062 
-0.8199954032897949 0.0620567612349987 0.5689960718154907 90.13754272460938 
0.5015548467636108 -0.4010621905326843 0.7665453553199768 -1550.8233642578125 
0.0 0.0 0.0 1.0

DataSet_26
0.18119047582149506 0.9176602959632874 0.353651762008667 -175.3784942626953 
-0.9822975397109985 0.15148288011550903 0.11020199954509735 77.95713806152344 
0.04755580425262451 -0.3673588037490845 0.9288626909255981 -1585.8782958984375 
0.0 0.0 0.0 1.0

DataSet_27
0.2344486564397812 0.9178792238235474 0.3202055096626282 -180.9797821044922 
-0.9156344532966614 0.09784960746765137 0.3899218738079071 109.72833251953125 
0.32656916975975037 -0.38460785150527954 0.8633825182914734 -1604.5849609375 
0.0 0.0 0.0 1.0

DataSet_28
0.1827002614736557 0.9190280437469482 0.3492966294288635 -185.88856506347656 
-0.9804756045341492 0.14403501152992249 0.1338716596364975 115.23648834228516 
0.07272085547447205 -0.3669351637363434 0.927399754524231 -1623.718994140625 
0.0 0.0 0.0 1.0

DataSet_29
0.18520629405975342 0.9187244772911072 0.34877505898475647 -192.15090942382812 
-0.9787284731864929 0.1405741274356842 0.14943088591098785 145.81195068359375 
0.08825705200433731 -0.3690316081047058 0.9252169132232666 -1646.389404296875 
0.0 0.0 0.0 1.0

DataSet_30
0.2215355634689331 0.9168015718460083 0.33226028084754944 -197.61544799804688 
-0.9396429657936096 0.10958509892225266 0.3241330087184906 165.4681854248047 
0.26075488328933716 -0.3840130567550659 0.8857431411743164 -1666.4923095703125 
0.0 0.0 0.0 1.0

DataSet_31
0.22202855348587036 0.9157640337944031 0.3347827196121216 -204.44393920898438 
-0.9386734366416931 0.10785448551177979 0.32750505208969116 191.48667907714844 
0.26380953192710876 -0.38696712255477905 0.883550226688385 -1691.7957763671875 
0.0 0.0 0.0 1.0

DataSet_32
0.1775076538324356 0.9203912615776062 0.3483832776546478 -210.17095947265625 
-0.9819880723953247 0.1423676609992981 0.1242208182811737 206.3306121826172 
0.06473325937986374 -0.36415839195251465 0.9290846586227417 -1717.2957763671875 
0.0 0.0 0.0 1.0

DataSet_33
0.21190913021564484 0.9148918390274048 0.3436093330383301 -122.66371154785156 
-0.9615594148635864 0.13235816359519958 0.24059250950813293 -3.1675148010253906 
0.1746366173028946 -0.38138455152511597 0.9077708125114441 -1369.21533203125 
0.0 0.0 0.0 1.0

DataSet_34
0.22987902164459229 0.9137648940086365 0.33494675159454346 -129.06192016601562 
-0.9381032586097717 0.11643136292695999 0.3261992335319519 19.900789260864258 
0.25907111167907715 -0.38920101523399353 0.8839709758758545 -1391.077880859375 
0.0 0.0 0.0 1.0

DataSet_35
0.27806079387664795 0.9128007292747498 0.29912689328193665 -134.84756469726562 
-0.8242959976196289 0.06686709821224213 0.5621964335441589 33.297386169433594 
0.4931716024875641 -0.40289390087127686 0.7710111737251282 -1413.0042724609375 
0.0 0.0 0.0 1.0

DataSet_36
0.07968051731586456 0.9270710349082947 0.366319864988327 -142.51666259765625 
-0.9130437970161438 0.21534214913845062 -0.34637942910194397 46.92209243774414 
-0.40000244975090027 -0.30686643719673157 0.863615095615387 -1443.83984375 
0.0 0.0 0.0 1.0

DataSet_37
0.16050416231155396 0.9194232821464539 0.3590252995491028 -145.75584411621094 
-0.9856791496276855 0.16836422681808472 0.009491294622421265 59.239837646484375 
-0.051720499992370605 -0.35540714859962463 0.9332795739173889 -1458.1842041015625 
0.0 0.0 0.0 1.0

DataSet_38
0.21488028764724731 0.9148756265640259 0.34180277585983276 -151.81204223632812 
-0.9560178518295288 0.12549935281276703 0.26510345935821533 87.02534484863281 
0.19964061677455902 -0.3837350606918335 0.9016047120094299 -1478.628173828125 
0.0 0.0 0.0 1.0

DataSet_39
0.26040905714035034 0.9137750267982483 0.3117726445198059 -158.35211181640625 
-0.8695436716079712 0.08162150532007217 0.48706430196762085 96.82335662841797 
0.4196198880672455 -0.3979358971118927 0.8158223628997803 -1504.920654296875 
0.0 0.0 0.0 1.0

DataSet_40
0.284587562084198 0.9145920276641846 0.287282794713974 -164.44688415527344 
-0.7845969200134277 0.05002233758568764 0.6179850697517395 104.05047607421875 
0.5508336424827576 -0.4012720584869385 0.7318217754364014 -1529.5157470703125 
0.0 0.0 0.0 1.0

DataSet_41
0.3091586232185364 0.914192259311676 0.2620562016963959 -171.92330932617188 
-0.6723657846450806 0.015237269923090935 0.7400622367858887 114.69316864013672 
0.6725661158561707 -0.40499424934387207 0.6193823218345642 -1559.03857421875 
0.0 0.0 0.0 1.0

DataSet_42
0.2347324788570404 0.9162626266479492 0.3245972692966461 -177.60263061523438 
-0.9181917905807495 0.09937848895788193 0.3834679126739502 133.42706298828125 
0.3190993666648865 -0.3880549371242523 0.864632248878479 -1584.568359375 
0.0 0.0 0.0 1.0

DataSet_43
0.16640345752239227 0.920835554599762 0.35266372561454773 -183.85061645507812 
-0.9860535860061646 0.15435947477817535 0.062220823019742966 158.5542755126953 
0.0028581619262695312 -0.358099102973938 0.9336792230606079 -1607.0125732421875 
0.0 0.0 0.0 1.0

DataSet_44
0.23055346310138702 0.9164684414863586 0.327002614736557 -191.29638671875 
-0.9249273538589478 0.1020190417766571 0.3661988079547882 172.20338439941406 
0.30224913358688354 -0.38688206672668457 0.8711875081062317 -1637.0147705078125 
0.0 0.0 0.0 1.0

DataSet_45
0.17684826254844666 0.9198195934295654 0.35022369027137756 -197.32069396972656 
-0.9825877547264099 0.1443987637758255 0.11691993474960327 189.34886169433594 
0.056973353028297424 -0.36480262875556946 0.929340124130249 -1662.7027587890625 
0.0 0.0 0.0 1.0

DataSet_46
0.18778759241104126 0.9192267656326294 0.3460606336593628 -204.07080078125 
-0.9759674072265625 0.13497015833854675 0.17108674347400665 213.68846130371094 
0.11055964976549149 -0.3698718547821045 0.922481119632721 -1689.0733642578125 
0.0 0.0 0.0 1.0

DataSet_47
0.23361247777938843 0.9165918231010437 0.32447585463523865 -208.28170776367188 
-0.915641188621521 0.09510204195976257 0.39058512449264526 216.50152587890625 
0.32714879512786865 -0.3883490562438965 0.8614863157272339 -1706.5001220703125 
0.0 0.0 0.0 1.0

DataSet_48
0.2538168430328369 0.9129980802536011 0.3193923830986023 -124.05353546142578 
-0.8924046158790588 0.09367571771144867 0.44140559434890747 23.689910888671875 
0.3730831444263458 -0.3970634341239929 0.8385401964187622 -1367.499755859375 
0.0 0.0 0.0 1.0

DataSet_49
0.24492135643959045 0.9134458303451538 0.3250078856945038 -132.09561157226562 
-0.9087870717048645 0.0994914099574089 0.40522509813308716 65.1248779296875 
0.3378157317638397 -0.3946112394332886 0.8544954657554626 -1392.64404296875 
0.0 0.0 0.0 1.0

DataSet_50
0.22279074788093567 0.9230772256851196 0.31351664662361145 -129.77099609375 
-0.9374780654907227 0.11465390026569366 0.3286174237728119 69.47621154785156 
0.2673933506011963 -0.3671278953552246 0.8909084796905518 -1387.97607421875 
0.0 0.0 0.0 1.0

DataSet_51
0.11694590002298355 0.9220806956291199 0.3689049780368805 -139.57794189453125 
-0.9627143144607544 0.1964893788099289 -0.18593831360340118 78.02142333984375 
-0.24393604695796967 -0.33340537548065186 0.9106789231300354 -1425.7398681640625 
0.0 0.0 0.0 1.0

DataSet_52
0.21920238435268402 0.9144995212554932 0.3400602340698242 -147.76287841796875 
-0.9504360556602478 0.12137245386838913 0.28625166416168213 96.61021423339844 
0.2205030620098114 -0.38595256209373474 0.8957784175872803 -1458.2108154296875 
0.0 0.0 0.0 1.0

DataSet_53
0.24735692143440247 0.914159893989563 0.32113271951675415 -153.08358764648438 
-0.9000113606452942 0.09401877969503403 0.4256054759025574 113.69476318359375 
0.3588789701461792 -0.39429953694343567 0.8460105061531067 -1477.3330078125 
0.0 0.0 0.0 1.0

DataSet_54
0.2470758557319641 0.9142725467681885 0.32102856040000916 -164.581298828125 
-0.8987395763397217 0.09236857295036316 0.42864349484443665 134.66444396972656 
0.36224400997161865 -0.3944285213947296 0.8445149064064026 -1524.291015625 
0.0 0.0 0.0 1.0

DataSet_55
0.2512930631637573 0.914760172367096 0.3163314759731293 -175.0294952392578 
-0.8852077126502991 0.08501538634300232 0.45736163854599 155.96665954589844 
0.3914831578731537 -0.39495089650154114 0.8311165571212769 -1565.9537353515625 
0.0 0.0 0.0 1.0

DataSet_56
0.26183781027793884 0.9150001406669617 0.30694580078125 -182.15867614746094 
-0.8524982333183289 0.07018496096134186 0.5179970264434814 179.6365203857422 
0.4524243474006653 -0.39730194211006165 0.7984130382537842 -1593.460693359375 
0.0 0.0 0.0 1.0

DataSet_57
0.26264727115631104 0.9158790707588196 0.30361464619636536 -190.17530822753906 
-0.8449767231941223 0.06639865785837173 0.5306650996208191 191.10031127929688 
0.46586546301841736 -0.3959250748157501 0.7913359999656677 -1627.6248779296875 
0.0 0.0 0.0 1.0

DataSet_58
0.20400851964950562 0.9178169369697571 0.3405768871307373 -196.71258544921875 
-0.9622414112091064 0.1239597350358963 0.2423332780599594 194.94955444335938 
0.1801997721195221 -0.37715521454811096 0.9084503054618835 -1656.9622802734375 
0.0 0.0 0.0 1.0

DataSet_59
0.19368469715118408 0.9189503788948059 0.3435351848602295 -202.191162109375 
-0.971413791179657 0.13064457476139069 0.1982099860906601 214.08056640625 
0.1372641623020172 -0.37210503220558167 0.9179849624633789 -1679.26611328125 
0.0 0.0 0.0 1.0

DataSet_60
0.24302753806114197 0.9153624176979065 0.3210130035877228 -100.7381362915039 
-0.9128926992416382 0.10393651574850082 0.3947456479072571 -78.31185150146484 
0.32797032594680786 -0.3889845013618469 0.8608870506286621 -1520.571533203125 
0.0 0.0 0.0 1.0

DataSet_61
0.2193363457918167 0.9165565371513367 0.33438846468925476 -115.26560974121094 
-0.9500377178192139 0.12262826412916183 0.28703761100769043 -57.53145217895508 
0.22208073735237122 -0.3806394338607788 0.8976601362228394 -1555.982666015625 
0.0 0.0 0.0 1.0

DataSet_62
0.2569407522678375 0.9156467318534851 0.3091481029987335 -121.53447723388672 
-0.8773555755615234 0.08686470985412598 0.4719129204750061 -37.30339050292969 
0.4052514433860779 -0.39248648285865784 0.8256667852401733 -1576.2464599609375 
0.0 0.0 0.0 1.0

DataSet_63
0.25656023621559143 0.9158101677894592 0.308979868888855 -132.53115844726562 
-0.8764382004737854 0.0856667160987854 0.4738325774669647 -21.84691047668457 
0.4074714183807373 -0.392368346452713 0.8246296644210815 -1610.2469482421875 
0.0 0.0 0.0 1.0

DataSet_64
0.2691895365715027 0.9150936007499695 0.3002343475818634 -144.6266326904297 
-0.8395816087722778 0.07024243474006653 0.5386731028556824 -3.92850399017334 
0.4718471169471741 -0.39707639813423157 0.7872043251991272 -1635.4046630859375 
0.0 0.0 0.0 1.0

DataSet_65
0.27154290676116943 0.9155386686325073 0.2967377305030823 -148.66375732421875 
-0.8278642296791077 0.064958356320858 0.5571545362472534 25.15416717529297 
0.49082091450691223 -0.3969499468803406 0.7755807638168335 -1643.3349609375 
0.0 0.0 0.0 1.0

DataSet_66
0.27412721514701843 0.9166306257247925 0.2909340560436249 -141.22976684570312 
-0.8120184540748596 0.05853404477238655 0.5806890726089478 51.2047119140625 
0.5152478814125061 -0.39542651176452637 0.760366678237915 -1649.4688720703125 
0.0 0.0 0.0 1.0

DataSet_67
0.30736780166625977 0.9153984785079956 0.2599434554576874 -78.75984954833984 
-0.6986079216003418 0.03159307315945625 0.714806854724884 -125.47145080566406 
0.6461207270622253 -0.4013071656227112 0.6492153406143188 -1397.188720703125 
0.0 0.0 0.0 1.0

DataSet_68
0.3015934228897095 0.9151231646537781 0.2675650119781494 -90.30736541748047 
-0.7271668314933777 0.039269737899303436 0.6853366494178772 -102.16056823730469 
0.6166602373123169 -0.4012574255466461 0.677290678024292 -1425.7764892578125 
0.0 0.0 0.0 1.0

DataSet_69
0.29987841844558716 0.9153074622154236 0.26885902881622314 -100.80552673339844 
-0.7306840419769287 0.03918314725160599 0.6815904378890991 -70.38004302978516 
0.613330066204071 -0.4008452594280243 0.680550754070282 -1468.45751953125 
0.0 0.0 0.0 1.0

DataSet_70
0.29338034987449646 0.9152516722679138 0.27612024545669556 -108.30806732177734 
-0.7570521235466003 0.0460512675344944 0.6517295241355896 -45.22528076171875 
0.583780825138092 -0.4002420902252197 0.7064037322998047 -1502.103271484375 
0.0 0.0 0.0 1.0

DataSet_71
0.2897871136665344 0.9155420064926147 0.2789378762245178 -115.85700988769531 
-0.7667796015739441 0.04767024144530296 0.6401380300521851 -24.272560119628906 
0.572776198387146 -0.3993876278400421 0.7158330678939819 -1549.147705078125 
0.0 0.0 0.0 1.0

DataSet_72
0.28659066557884216 0.9157010912895203 0.28170421719551086 -119.99378204345703 
-0.7768134474754333 0.0500052273273468 0.6277422904968262 -11.868485450744629 
0.5607376098632812 -0.39873671531677246 0.725659966468811 -1581.60400390625 
0.0 0.0 0.0 1.0

DataSet_73
0.2877035140991211 0.9156072735786438 0.2808736264705658 -121.4410171508789 
-0.7681475877761841 0.04545258358120918 0.6386574506759644 6.423864364624023 
0.5719929933547974 -0.3994963765144348 0.7163983583450317 -1613.705078125 
0.0 0.0 0.0 1.0

DataSet_74
0.28618699312210083 0.9168474078178406 0.2783663272857666 -129.13157653808594 
-0.7642983198165894 0.04322177916765213 0.6434127688407898 30.520029067993164 
0.5778798460960388 -0.3968912959098816 0.7131144404411316 -1642.9493408203125 
0.0 0.0 0.0 1.0

DataSet_75
0.2966457009315491 0.9168277978897095 0.26726034283638 -127.14630889892578 
-0.7151773571968079 0.027816057205200195 0.6983892321586609 58.784584045410156 
0.6328685283660889 -0.3983127176761627 0.6639460325241089 -1653.605224609375 
0.0 0.0 0.0 1.0

DataSet_76
0.32745203375816345 0.9160774946212769 0.23146751523017883 -50.0460205078125 
-0.5723605751991272 -0.00260050967335701 0.8199979662895203 -59.59430694580078 
0.7517836093902588 -0.40099287033081055 0.5234750509262085 -1384.0029296875 
0.0 0.0 0.0 1.0

DataSet_77
0.31340035796165466 0.9147194027900696 0.25508537888526917 -63.453758239746094 
-0.6643434166908264 0.01925281062722206 0.747179388999939 -36.4896354675293 
0.6785483956336975 -0.4036305844783783 0.6137217283248901 -1420.76806640625 
0.0 0.0 0.0 1.0

DataSet_78
0.30181536078453064 0.9149006009101868 0.2680754065513611 -66.95310974121094 
-0.7223004698753357 0.035912174731492996 0.6906462907791138 -26.201555252075195 
0.6222455501556396 -0.40207865834236145 0.671671986579895 -1438.6575927734375 
0.0 0.0 0.0 1.0

DataSet_79
0.31822192668914795 0.9148560762405396 0.24854198098182678 -81.66421508789062 
-0.6309058666229248 0.008686117827892303 0.7758107781410217 -2.0746498107910156 
0.7075963616371155 -0.40368661284446716 0.5799521803855896 -1471.169921875 
0.0 0.0 0.0 1.0

DataSet_80
0.27475500106811523 0.9136279225349426 0.29965612292289734 -94.33626556396484 
-0.8307175636291504 0.06862680613994598 0.5524479746818542 28.233951568603516 
0.4841674268245697 -0.40071743726730347 0.7778222560882568 -1499.626953125 
0.0 0.0 0.0 1.0

DataSet_81
0.30112603306770325 0.9151647090911865 0.26794901490211487 -98.8756103515625 
-0.7124139666557312 0.029123319312930107 0.701154887676239 41.26093673706055 
0.6338686347007751 -0.40202659368515015 0.6607459187507629 -1529.53271484375 
0.0 0.0 0.0 1.0

DataSet_82
0.30186140537261963 0.9147469997406006 0.26854726672172546 -106.37557220458984 
-0.7094255685806274 0.027356179431080818 0.7042492628097534 58.78681182861328 
0.6368634104728699 -0.40309998393058777 0.6572026610374451 -1559.9510498046875 
0.0 0.0 0.0 1.0

DataSet_83
0.30252647399902344 0.9154084324836731 0.2655279338359833 -113.84756469726562 
-0.6978441476821899 0.022973274812102318 0.7158810496330261 75.38487243652344 
0.6492235064506531 -0.40187013149261475 0.6457625031471252 -1584.40625 
0.0 0.0 0.0 1.0

DataSet_84
0.2916038930416107 0.9162669777870178 0.27463066577911377 -120.68788146972656 
-0.7425808906555176 0.035871472209692 0.668795108795166 91.38002014160156 
0.6029434204101562 -0.3989587128162384 0.6908625960350037 -1605.6767578125 
0.0 0.0 0.0 1.0

DataSet_85
0.283927321434021 0.9163898825645447 0.2821608781814575 -126.08026885986328 
-0.7718728184700012 0.04385880008339882 0.6342623829841614 115.01643371582031 
0.568856418132782 -0.3978767395019531 0.7197892069816589 -1628.420166015625 
0.0 0.0 0.0 1.0

DataSet_86
0.28748881816864014 0.9160236120223999 0.2797335088253021 -129.77703857421875 
-0.7552796006202698 0.03721756115555763 0.6543450951576233 134.2253875732422 
0.5889846086502075 -0.3993939161300659 0.7025536298751831 -1656.282470703125 
0.0 0.0 0.0 1.0

DataSet_87
0.2843558192253113 0.91684490442276 0.280244916677475 -137.58023071289062 
-0.7622625827789307 0.0389254055917263 0.646096408367157 154.48609924316406 
0.5814615488052368 -0.3973414897918701 0.7099452018737793 -1684.975830078125 
0.0 0.0 0.0 1.0

DataSet_88
0.3266547620296478 0.9154781103134155 0.23493920266628265 -49.39203643798828 
-0.5769450664520264 -0.0037471388932317495 0.8167742490768433 16.48843765258789 
0.7486193776130676 -0.40235021710395813 0.5269566774368286 -1371.0098876953125 
0.0 0.0 0.0 1.0

DataSet_89
0.3360999524593353 0.9186680316925049 0.20757126808166504 -54.21562194824219 
-0.4667966067790985 -0.02893328107893467 0.883891224861145 36.15605926513672 
0.8180084228515625 -0.3939693570137024 0.419106662273407 -1393.59130859375 
0.0 0.0 0.0 1.0

DataSet_90
0.33136942982673645 0.9173296689987183 0.22068209946155548 -59.683319091796875 
-0.5178676247596741 -0.01867850497364998 0.8552567958831787 58.65960693359375 
0.7886744737625122 -0.397690087556839 0.46886587142944336 -1415.016357421875 
0.0 0.0 0.0 1.0

DataSet_91
0.30528274178504944 0.9135143756866455 0.26887524127960205 -68.01517486572266 
-0.7050138711929321 0.0270191989839077 0.7086786031723022 80.82084655761719 
0.6401233077049255 -0.40590816736221313 0.6522887945175171 -1446.638916015625 
0.0 0.0 0.0 1.0

DataSet_92
0.2951236665248871 0.9139286875724792 0.2786329686641693 -77.98014831542969 
-0.7438955307006836 0.03677982836961746 0.6672829985618591 128.8300018310547 
0.5996010303497314 -0.4042048454284668 0.6907221078872681 -1478.544921875 
0.0 0.0 0.0 1.0

DataSet_93
0.3233267068862915 0.9152527451515198 0.24035847187042236 -86.1146240234375 
-0.5815421342849731 -0.008191760629415512 0.8134750723838806 136.07261657714844 
0.7465042471885681 -0.40279683470726013 0.5296094417572021 -1513.0150146484375 
0.0 0.0 0.0 1.0

DataSet_94
0.29517862200737 0.9142605066299438 0.2774839401245117 -94.26187133789062 
-0.7368177771568298 0.03293490782380104 0.675288736820221 162.73526000976562 
0.6082509160041809 -0.4037858843803406 0.6833650469779968 -1540.312255859375 
0.0 0.0 0.0 1.0

DataSet_95
0.3057623505592346 0.9141831398010254 0.2660425901412964 -99.2280044555664 
-0.6843960285186768 0.016779419034719467 0.7289174199104309 174.00050354003906 
0.6618999242782593 -0.4049540162086487 0.6307937502861023 -1565.87255859375 
0.0 0.0 0.0 1.0

DataSet_96
0.29811230301856995 0.9147528409957886 0.2726835012435913 -104.24951171875 
-0.7146912813186646 0.024542100727558136 0.6990092992782593 204.22801208496094 
0.6327285170555115 -0.4032678008079529 0.6610822081565857 -1598.6337890625 
0.0 0.0 0.0 1.0

DataSet_97
0.3227648138999939 0.9169588685035706 0.23454074561595917 -85.92864990234375 
-0.5609971284866333 -0.014240696094930172 0.8276952505111694 244.5742645263672 
0.7623025178909302 -0.39872756600379944 0.5098148584365845 -1514.2476806640625 
0.0 0.0 0.0 1.0

DataSet_98
0.319833904504776 0.9148130416870117 0.2466239631175995 -75.29365539550781 
-0.6052305698394775 -0.003006573533639312 0.7960445880889893 208.12313842773438 
0.7289734482765198 -0.40386641025543213 0.5527111887931824 -1468.62548828125 
0.0 0.0 0.0 1.0

DataSet_99
0.2984671890735626 0.912844717502594 0.27862489223480225 -63.927734375 
-0.7350620031356812 0.03364984691143036 0.6771642565727234 190.88720703125 
0.6087701320648193 -0.40691789984703064 0.68104088306427 -1442.2950439453125 
0.0 0.0 0.0 1.0

DataSet_100
0.28764814138412476 0.9130566716194153 0.2891124188899994 -60.2279052734375 
-0.7813242077827454 0.0491361990571022 0.622188150882721 169.74807739257812 
0.5538871884346008 -0.40486180782318115 0.7275272607803345 -1409.13720703125 
0.0 0.0 0.0 1.0

DataSet_101
0.28748732805252075 0.913210391998291 0.28878670930862427 -59.42413330078125 
-0.7831443548202515 0.05054609850049019 0.6197822093963623 136.66415405273438 
0.551394522190094 -0.4043412208557129 0.7297069430351257 -1388.6915283203125 
0.0 0.0 0.0 1.0

DataSet_102
0.26987969875335693 0.913671612739563 0.3039229214191437 -81.98413848876953 
-0.8451979756355286 0.07356613129377365 0.5293660163879395 37.18779754638672 
0.4613082706928253 -0.39974021911621094 0.7920873761177063 -1478.2098388671875 
0.0 0.0 0.0 1.0

DataSet_103
0.2735080420970917 0.9151492118835449 0.2961340546607971 -20.520233154296875 
-0.8395683169364929 0.07689723372459412 0.5377843379974365 -190.0635528564453 
0.4693810045719147 -0.39571306109428406 0.7893621921539307 -1450.4931640625 
0.0 0.0 0.0 1.0

DataSet_104
0.28660228848457336 0.9150879383087158 0.283677875995636 -36.41471862792969 
-0.7929312586784363 0.060386307537555695 0.6063113808631897 -169.58766174316406 
0.537697970867157 -0.3987072706222534 0.7429087162017822 -1497.850830078125 
0.0 0.0 0.0 1.0

DataSet_105
0.2850629687309265 0.915020763874054 0.2854401469230652 -41.402252197265625 
-0.7970806956291199 0.06090302765369415 0.6007937788963318 -155.52349853515625 
0.5323545932769775 -0.398782879114151 0.7467066049575806 -1531.8792724609375 
0.0 0.0 0.0 1.0

DataSet_106
0.29429587721824646 0.9155925512313843 0.2740078270435333 -51.010955810546875 
-0.7518612742424011 0.04481054097414017 0.6577968597412109 -134.8233642578125 
0.5899954438209534 -0.3996027708053589 0.7015860676765442 -1568.4298095703125 
0.0 0.0 0.0 1.0

DataSet_107
0.29663053154945374 0.9165157079696655 0.2683454155921936 -58.912513732910156 
-0.7327820658683777 0.038248129189014435 0.6793875694274902 -123.865478515625 
0.6124057173728943 -0.398165762424469 0.6829518675804138 -1601.455322265625 
0.0 0.0 0.0 1.0

DataSet_108
0.2932262122631073 0.9167954921722412 0.27111685276031494 -68.07122039794922 
-0.7435332536697388 0.040422819554805756 0.6674759984016418 -95.79401397705078 
0.6009796857833862 -0.39730584621429443 0.6935210227966309 -1631.7674560546875 
0.0 0.0 0.0 1.0

DataSet_109
0.2913658618927002 0.9170732498168945 0.27218109369277954 -74.73268127441406 
-0.7462140917778015 0.03985919803380966 0.6645116806030273 -75.28455352783203 
0.5985569953918457 -0.39672139286994934 0.6959466338157654 -1660.8341064453125 
0.0 0.0 0.0 1.0

DataSet_110
0.2958919405937195 0.9173061847686768 0.266453355550766 -77.04338073730469 
-0.72298264503479 0.03275693580508232 0.690089225769043 -53.47638702392578 
0.6242948770523071 -0.3968329429626465 0.6728889346122742 -1674.187255859375 
0.0 0.0 0.0 1.0

DataSet_111
0.30313488841056824 0.9171984195709229 0.2585656940937042 -72.80638122558594 
-0.6858585476875305 0.0216129869222641 0.7274138331413269 -28.5188045501709 
0.6615945100784302 -0.39784401655197144 0.6356200575828552 -1668.1689453125 
0.0 0.0 0.0 1.0

DataSet_112
0.31215330958366394 0.9167652130126953 0.24920237064361572 -67.37202453613281 
-0.6412742137908936 0.009790437296032906 0.7672492861747742 -22.911705017089844 
0.7009477019309998 -0.39930644631385803 0.590954065322876 -1627.6634521484375 
0.0 0.0 0.0 1.0

DataSet_113
0.3120037913322449 0.9168442487716675 0.24909891188144684 -56.08978271484375 
-0.6442696452140808 0.011480242945253849 0.7647122144699097 -50.75315856933594 
0.6982623338699341 -0.39907997846603394 0.5942768454551697 -1585.66748046875 
0.0 0.0 0.0 1.0

DataSet_114
0.3161582946777344 0.9169256687164307 0.24349798262119293 -46.200401306152344 
-0.6248573064804077 0.008131282404065132 0.7806965708732605 -77.19166564941406 
0.713860809803009 -0.3989751935005188 0.5755184888839722 -1542.1885986328125 
0.0 0.0 0.0 1.0

DataSet_115
0.3265732228755951 0.9177626371383667 0.2259681671857834 -35.561744689941406 
-0.5524812340736389 -0.008623726665973663 0.833480715751648 -111.16616821289062 
0.7668861746788025 -0.3970356285572052 0.5042303800582886 -1502.0194091796875 
0.0 0.0 0.0 1.0

DataSet_116
0.32358208298683167 0.917648434638977 0.2306859940290451 -24.41992950439453 
-0.5806176066398621 6.360560655593872e-05 0.8141763806343079 -141.62498474121094 
0.747113049030304 -0.39739322662353516 0.532823383808136 -1462.0615234375 
0.0 0.0 0.0 1.0

DataSet_117
0.3235807418823242 0.9177409410476685 0.2303193211555481 -14.187644958496094 
-0.5835156440734863 0.0019310228526592255 0.8120995759963989 -170.48245239257812 
0.7448523044586182 -0.3971747159957886 0.5361410975456238 -1435.821044921875 
0.0 0.0 0.0 1.0

DataSet_118
0.33359524607658386 0.918176531791687 0.2136961966753006 -8.644271850585938 
-0.503672182559967 -0.018022919073700905 0.8637068271636963 -134.01943969726562 
0.7968868017196655 -0.39576131105422974 0.45644763112068176 -1410.978759765625 
0.0 0.0 0.0 1.0

DataSet_119
0.3064504861831665 0.915873646736145 0.25935235619544983 -21.40735626220703 
-0.695427656173706 0.029371196404099464 0.7179956436157227 -98.04380798339844 
0.6499757766723633 -0.4003908932209015 0.6459246277809143 -1434.5926513671875 
0.0 0.0 0.0 1.0

DataSet_120
0.3317216634750366 0.91774982213974 0.21839436888694763 -31.916397094726562 
-0.5161746740341187 -0.017201967537403107 0.8563106060028076 -67.54876708984375 
0.7896357178688049 -0.3967864513397217 0.46801286935806274 -1461.132568359375 
0.0 0.0 0.0 1.0

DataSet_121
0.33341294527053833 0.9184536337852478 0.21278786659240723 -42.94935607910156 
-0.48960939049720764 -0.02419835329055786 0.8716059923171997 -41.19444274902344 
0.8056788444519043 -0.39478763937950134 0.4416155517101288 -1506.437255859375 
0.0 0.0 0.0 1.0

DataSet_122
0.28753015398979187 0.9152596592903137 0.2821812033653259 -50.98657989501953 
-0.7766482830047607 0.050394244492053986 0.6279155611991882 -8.917993545532227 
0.5604854822158813 -0.39970019459724426 0.7253246307373047 -1526.7044677734375 
0.0 0.0 0.0 1.0

DataSet_123
0.25116243958473206 0.9155130386352539 0.31425029039382935 -58.885658264160156 
-0.8900110125541687 0.09079977124929428 0.4468061625957489 25.384681701660156 
0.38052302598953247 -0.3919071555137634 0.8376222252845764 -1561.4085693359375 
0.0 0.0 0.0 1.0

DataSet_124
0.2283613234758377 0.9161329865455627 0.32947152853012085 -66.78459167480469 
-0.9343211650848389 0.11109587550163269 0.3386763632297516 59.23448181152344 
0.27366968989372253 -0.3851727843284607 0.8813323974609375 -1591.9964599609375 
0.0 0.0 0.0 1.0

DataSet_125
0.2733706533908844 0.9160485863685608 0.29346805810928345 -73.3980712890625 
-0.8168666958808899 0.05998025834560394 0.5736996531486511 75.61589813232422 
0.5079344511032104 -0.39655691385269165 0.7646863460540771 -1611.976806640625 
0.0 0.0 0.0 1.0

DataSet_126
0.16609857976436615 0.9216033816337585 0.35079705715179443 -76.37601470947266 
-0.9860760569572449 0.1581442952156067 0.05142439901828766 95.71192169189453 
-0.00808367133140564 -0.35445407032966614 0.9350385069847107 -1629.642578125 
0.0 0.0 0.0 1.0

DataSet_127
0.12391573935747147 0.9253291487693787 0.35834458470344543 -82.26527404785156 
-0.9718289375305176 0.18613265454769135 -0.14457888901233673 111.97811889648438 
-0.20048269629478455 -0.33033403754234314 0.9223264455795288 -1651.110107421875 
0.0 0.0 0.0 1.0

DataSet_128
0.23021447658538818 0.9170624017715454 0.3255731761455536 -62.45551300048828 
-0.9260879755020142 0.10368651151657104 0.362781286239624 148.72927856445312 
0.29893550276756287 -0.3850269317626953 0.8731505274772644 -1592.971923828125 
0.0 0.0 0.0 1.0

DataSet_129
0.27925869822502136 0.9161036014556885 0.28769558668136597 -53.97654724121094 
-0.7952828407287598 0.052766285836696625 0.6039378643035889 107.37325286865234 
0.5380890369415283 -0.39745426177978516 0.7432969212532043 -1547.366943359375 
0.0 0.0 0.0 1.0

DataSet_130
0.3142927587032318 0.9152816534042358 0.2519514560699463 -42.20838165283203 
-0.641942024230957 0.009382504038512707 0.7666956782341003 63.14326477050781 
0.6993786096572876 -0.4027051329612732 0.5905066728591919 -1494.0159912109375 
0.0 0.0 0.0 1.0

DataSet_131
0.3189660906791687 0.9156435132026672 0.24465803802013397 -38.040618896484375 
-0.6172211766242981 0.004785476252436638 0.7867750525474548 20.938074111938477 
0.7192347049713135 -0.4019626975059509 0.5666810274124146 -1458.9996337890625 
0.0 0.0 0.0 1.0

DataSet_132
0.33436867594718933 0.9191300868988037 0.20832066237926483 -31.92652130126953 
-0.47478729486465454 -0.026661081239581108 0.8796966671943665 0.3734321594238281 
0.8141096830368042 -0.39305102825164795 0.4274766445159912 -1426.198486328125 
0.0 0.0 0.0 1.0

DataSet_133
0.3083454370498657 0.915326714515686 0.25903671979904175 -24.72309112548828 
-0.687516450881958 0.026232097297906876 0.7256947755813599 -22.904857635498047 
0.6574528217315674 -0.4018566906452179 0.6373907327651978 -1398.89892578125 
0.0 0.0 0.0 1.0

DataSet_134
0.30119428038597107 0.9139391183853149 0.2720244228839874 -23.917373657226562 
-0.7272416353225708 0.03564842790365219 0.6854552030563354 49.08161163330078 
0.6167670488357544 -0.40428268909454346 0.675391674041748 -1388.033203125 
0.0 0.0 0.0 1.0

DataSet_135
0.28362706303596497 0.9140427112579346 0.2899681329727173 -33.481895446777344 
-0.7960832118988037 0.05585601180791855 0.6026040315628052 91.76429748535156 
0.5346093773841858 -0.40175357460975647 0.7434963583946228 -1414.390380859375 
0.0 0.0 0.0 1.0

DataSet_136
0.2534639239311218 0.9138562679290771 0.31721094250679016 -40.48329162597656 
-0.8882906436920166 0.09004466235637665 0.45036831498146057 138.00389099121094 
0.38300877809524536 -0.39592763781547546 0.8345930576324463 -1450.12255859375 
0.0 0.0 0.0 1.0

DataSet_137
0.2032567858695984 0.9170379042625427 0.3431154191493988 -50.46490478515625 
-0.966175377368927 0.13104428350925446 0.22210931777954102 169.51092529296875 
0.15871934592723846 -0.37665486335754395 0.9126550555229187 -1484.29931640625 
0.0 0.0 0.0 1.0

DataSet_138
0.1566123068332672 0.9210456609725952 0.35657745599746704 -59.086669921875 
-0.9864753484725952 0.16355255246162415 0.010810598731040955 201.82540893554688 
-0.048362091183662415 -0.35344797372817993 0.9342032074928284 -1515.75537109375 
0.0 0.0 0.0 1.0

DataSet_139
0.1840822994709015 0.9190355539321899 0.34855037927627563 -62.339515686035156 
-0.9803144931793213 0.14590726792812347 0.13302113115787506 62.519493103027344 
0.07139510661363602 -0.3661758005619049 0.9278028011322021 -1556.28173828125 
0.0 0.0 0.0 1.0

DataSet_140
0.3196064829826355 0.9185861945152283 0.23248876631259918 11.52557373046875 
-0.6040681004524231 0.008487732149660587 0.7968874573707581 -232.28672790527344 
0.7300365567207336 -0.3951294720172882 0.5576013922691345 -1476.7581787109375 
0.0 0.0 0.0 1.0

DataSet_141
0.324043869972229 0.9191634058952332 0.22390654683113098 4.3356475830078125 
-0.5633960366249084 -0.0026357732713222504 0.8261827826499939 -217.84222412109375 
0.7599871158599854 -0.393867552280426 0.5169989466667175 -1505.3480224609375 
0.0 0.0 0.0 1.0

DataSet_142
0.3047634959220886 0.9170033931732178 0.2573402523994446 -5.425140380859375 
-0.6974076628684998 0.03084617480635643 0.7160105109214783 -193.553466796875 
0.6486460566520691 -0.3976849615573883 0.6489259600639343 -1532.5284423828125 
0.0 0.0 0.0 1.0

DataSet_143
0.2901015877723694 0.9153294563293457 0.2793082594871521 -12.854324340820312 
-0.7768337726593018 0.054784223437309265 0.6273180842399597 -173.10235595703125 
0.5589010119438171 -0.3989620804786682 0.7269518375396729 -1557.6768798828125 
0.0 0.0 0.0 1.0

DataSet_144
0.2774604260921478 0.9163281321525574 0.28871843218803406 -19.3597412109375 
-0.8165727257728577 0.06659042090177536 0.5733887553215027 -157.84629821777344 
0.5061863660812378 -0.39485231041908264 0.7667248249053955 -1584.823974609375 
0.0 0.0 0.0 1.0

DataSet_145
0.29272744059562683 0.9156870245933533 0.27536866068840027 -31.14990234375 
-0.7557289004325867 0.0451207309961319 0.6533283591270447 -137.0314178466797 
0.5858194828033447 -0.39935117959976196 0.7052192687988281 -1610.3287353515625 
0.0 0.0 0.0 1.0

DataSet_146
0.24775081872940063 0.9160351753234863 0.31543484330177307 -38.79888916015625 
-0.8996756672859192 0.09673503786325455 0.42570656538009644 -110.27734375 
0.3594486117362976 -0.38925817608833313 0.8481006622314453 -1636.81494140625 
0.0 0.0 0.0 1.0

DataSet_147
0.28025227785110474 0.9150833487510681 0.28996723890304565 -47.867835998535156 
-0.8050111532211304 0.05950029939413071 0.5902683138847351 -98.40794372558594 
0.5228915810585022 -0.3988508880138397 0.753327488899231 -1669.61474609375 
0.0 0.0 0.0 1.0

DataSet_148
0.2206018567085266 0.9179196953773499 0.32978516817092896 -52.58698272705078 
-0.9446013569831848 0.11681430041790009 0.3067289888858795 -73.83426666259766 
0.24302898347377777 -0.3791804909706116 0.892837643623352 -1693.7926025390625 
0.0 0.0 0.0 1.0

DataSet_149
