DataSet: 1
59.4140625 -335.56640625 -19.51171875 -9.4921875
132.502 -72.111 -444.963 469.840
0.2696685 0 0.9629532 132.5023 0 1 0 -72.11053 -0.9629532 0 0.2696685 -444.9634 0 0 0 1
DataSet: 2
40.95703125 -303.22265625 -19.6875 -17.314453125
116.935 -72.735 -402.105 425.032
0.166426 0 0.9860539 116.9348 0 1 0 -72.73452 -0.9860539 0 0.166426 -402.1047 0 0 0 1
DataSet: 3
28.65234375 -283.0078125 -19.775390625 -22.32421875
105.166 -73.046 -358.649 380.821
0.1163188 0 0.9932119 105.1655 0 1 0 -73.04626 -0.9932119 0 0.1163188 -358.6492 0 0 0 1
DataSet: 4
22.8515625 -269.912109375 -19.775390625 -49.21875
81.524 -73.046 -328.725 346.471
0.4427474 0 0.8966464 81.52372 0 1 0 -73.04626 -0.8966464 0 0.4427474 -328.7249 0 0 0 1
DataSet: 5
12.744140625 -254.70703125 -19.775390625 -56.162109375
70.688 -73.046 -284.256 301.884
0.4713969 0 0.8819212 70.68761 0 1 0 -73.04626 -0.8819212 0 0.4713969 -284.2562 0 0 0 1
DataSet: 6
5.888671875 -248.291015625 -19.775390625 -60.205078125
76.461 -73.046 -261.249 281.839
0.5388801 0 0.8423826 76.46135 0 1 0 -73.04626 -0.8423826 0 0.5388801 -261.2491 0 0 0 1
DataSet: 7
59.677734375 -331.69921875 -19.3359375 -45.703125
112.176 -71.486 -447.053 466.423
0.7399202 0 0.6726947 112.1765 0 1 0 -71.48586 -0.6726947 0 0.7399202 -447.0528 0 0 0 1
DataSet: 8
38.583984375 -299.8828125 -19.775390625 -47.63671875
117.803 -73.046 -394.871 418.493
0.6284459 0 0.7778533 117.8031 0 1 0 -73.04626 -0.7778533 0 0.6284459 -394.8715 0 0 0 1
DataSet: 9
27.24609375 -284.0625 -19.86328125 -50.80078125
118.812 -73.358 -357.034 383.368
0.6103829 0 0.7921065 118.8122 0 1 0 -73.35783 -0.7921065 0 0.6103829 -357.0345 0 0 0 1
DataSet: 10
17.40234375 -270.263671875 -19.775390625 -63.10546875
113.961 -73.046 -319.993 347.445
0.7189372 0 0.695075 113.9612 0 1 0 -73.04626 -0.695075 0 0.7189372 -319.9929 0 0 0 1
DataSet: 11
4.658203125 -257.6953125 -19.775390625 -69.521484375
123.387 -73.046 -275.966 310.994
0.7939756 0 0.6079497 123.3865 0 1 0 -73.04626 -0.6079497 0 0.7939756 -275.966 0 0 0 1
DataSet: 12
-6.6796875 -247.5 -19.86328125 -83.49609375
127.899 -73.358 -237.246 279.330
0.9250493 0 0.379847 127.8985 0 1 0 -73.35783 -0.379847 0 0.9250493 -237.2464 0 0 0 1
DataSet: 13
-15.205078125 -244.248046875 -19.775390625 -57.65625
146.434 -73.046 -213.388 268.911
0.7326544 0 0.6806009 146.4342 0 1 0 -73.04626 -0.6806009 0 0.7326544 -213.3884 0 0 0 1
DataSet: 14
334.775390625 -247.236328125 -19.6875 -31.11328125
195.476 -72.735 -184.530 278.482
0.5530167 0 0.8331702 195.4762 0 1 0 -72.73452 -0.8331702 0 0.5530167 -184.5298 0 0 0 1
DataSet: 15
326.953125 -242.2265625 -19.775390625 -24.2578125
195.259 -73.046 -159.307 262.375
0.4928982 0 0.870087 195.259 0 1 0 -73.04626 -0.870087 0 0.4928982 -159.3074 0 0 0 1
DataSet: 16
312.01171875 -239.677734375 -19.775390625 -18.369140625
218.319 -73.046 -107.494 254.074
0.5882815 0 0.8086562 218.3186 0 1 0 -73.04626 -0.8086562 0 0.5882815 -107.4939 0 0 0 1
DataSet: 17
301.552734375 -239.677734375 -19.775390625 -6.50390625
234.205 -73.046 -66.076 254.074
0.5682589 0 0.8228498 234.2048 0 1 0 -73.04626 -0.8228498 0 0.5682589 -66.07619 0 0 0 1
DataSet: 18
293.203125 -239.677734375 -19.775390625 0.966796875
241.317 -73.046 -31.366 254.074
0.5808139 0 0.8140364 241.3175 0 1 0 -73.04626 -0.8140364 0 0.5808139 -31.36624 0 0 0 1
DataSet: 19
281.6015625 -239.677734375 -19.775390625 24.9609375
242.695 -73.046 17.805 254.074
0.3925816 0 0.9197171 242.6952 0 1 0 -73.04626 -0.9197171 0 0.3925816 17.80465 0 0 0 1
DataSet: 20
37.001953125 -328.18359375 -19.775390625 -18.984375
260.294 -73.046 -375.233 462.481
0.6450046 0 0.7641786 260.2939 0 1 0 -73.04626 -0.7641786 0 0.6450046 -375.2331 0 0 0 1
DataSet: 21
19.3359375 -307.880859375 -19.6875 -37.08984375
278.049 -72.735 -324.567 433.527
0.8254563 0 0.5644661 278.0493 0 1 0 -72.73452 -0.5644661 0 0.8254563 -324.5668 0 0 0 1
DataSet: 22
8.701171875 -294.08203125 -19.6875 -26.982421875
272.840 -72.735 -292.398 406.483
0.6738291 0 0.7388873 272.8399 0 1 0 -72.73452 -0.7388873 0 0.6738291 -292.398 0 0 0 1
DataSet: 23
0.966796875 -287.75390625 -19.6875 -43.06640625
281.549 -72.735 -263.241 392.245
0.8647444 0 0.5022123 281.5493 0 1 0 -72.73452 -0.5022123 0 0.8647444 -263.2411 0 0 0 1
DataSet: 24
-9.140625 -276.50390625 -19.775390625 -15.46875
273.771 -73.046 -228.936 364.278
0.5167319 0 0.8561472 273.7714 0 1 0 -73.04626 -0.8561472 0 0.5167319 -228.9361 0 0 0 1
DataSet: 25
-16.875 -270.263671875 -19.6875 -37.880859375
274.421 -72.735 -200.341 347.468
0.8193476 0 0.573297 274.4213 0 1 0 -72.73452 -0.573297 0 0.8193476 -200.3408 0 0 0 1
DataSet: 26
334.599609375 -259.189453125 -19.6875 -12.216796875
251.917 -72.735 -175.466 315.500
0.450981 0 0.8925335 251.9165 0 1 0 -72.73452 -0.8925335 0 0.450981 -175.4657 0 0 0 1
DataSet: 27
324.66796875 -256.640625 -19.775390625 -21.357421875
267.271 -73.046 -134.048 307.796
0.6862003 0 0.7274126 267.2713 0 1 0 -73.04626 -0.7274126 0 0.6862003 -134.0482 0 0 0 1
DataSet: 28
317.98828125 -252.861328125 -19.775390625 -3.33984375
265.076 -73.046 -110.105 296.183
0.472749 0 0.8811972 265.076 0 1 0 -73.04626 -0.8811972 0 0.472749 -110.1053 0 0 0 1
DataSet: 29
307.880859375 -252.158203125 -19.775390625 5.09765625
277.546 -73.046 -63.769 293.996
0.4875501 0 0.873095 277.5458 0 1 0 -73.04626 -0.873095 0 0.4875501 -63.76888 0 0 0 1
DataSet: 30
300.05859375 -250.927734375 -19.775390625 0.966796875
279.278 -73.046 -29.260 290.152
0.641481 0 0.7671389 279.2781 0 1 0 -73.04626 -0.7671389 0 0.641481 -29.26029 0 0 0 1
DataSet: 31
291.533203125 -251.71875 -19.775390625 9.66796875
282.948 -73.046 15.325 292.626
0.6496813 0 0.7602067 282.9477 0 1 0 -73.04626 -0.7602067 0 0.6496813 15.32537 0 0 0 1
DataSet: 32
283.974609375 -252.158203125 -19.775390625 30.5859375
279.577 -73.046 54.175 293.996
0.4632598 0 0.8862225 279.5768 0 1 0 -73.04626 -0.8862225 0 0.4632598 54.17488 0 0 0 1
DataSet: 33
54.84375 -0.52734375 -19.6875 1.58203125
275.301 -72.735 -386.560 480.114
0.5606616 0 0.8280451 275.301 0 1 0 -72.73452 -0.8280451 0 0.5606616 -386.5597 0 0 0 1
DataSet: 34
38.232421875 -336.533203125 -19.775390625 -11.07421875
288.222 -73.046 -364.592 470.463
0.6343934 0 0.7730104 288.2221 0 1 0 -73.04626 -0.7730104 0 0.6343934 -364.5923 0 0 0 1
DataSet: 35
28.4765625 -322.470703125 -19.775390625 -30.673828125
288.924 -73.046 -344.710 455.673
0.8158145 0 0.5783136 288.9236 0 1 0 -73.04626 -0.5783136 0 0.8158145 -344.7103 0 0 0 1
DataSet: 36
17.138671875 -309.19921875 -19.86328125 22.060546875
296.018 -73.358 -311.181 435.709
0 0 1 296.0182 0 1 0 -73.35783 -1 0 0 -311.1815 0 0 0 1
DataSet: 37
11.07421875 -302.16796875 -19.775390625 -0.087890625
297.043 -73.046 -292.120 422.971
0.3613259 0 0.9324396 297.0434 0 1 0 -73.04626 -0.9324396 0 0.3613259 -292.1195 0 0 0 1
DataSet: 38
2.4609375 -295.400390625 -19.6875 -12.919921875
308.784 -72.735 -258.641 409.308
0.585798 0 0.8104571 308.7842 0 1 0 -72.73452 -0.8104571 0 0.585798 -258.6411 0 0 0 1
DataSet: 39
-5.537109375 -286.171875 -19.775390625 -28.037109375
302.591 -73.046 -232.419 388.479
0.7631885 0 0.6461759 302.591 0 1 0 -73.04626 -0.6461759 0 0.7631885 -232.4191 0 0 0 1
DataSet: 40
-12.744140625 -278.349609375 -19.775390625 -37.44140625
295.821 -73.046 -208.263 369.079
0.8529607 0 0.5219752 295.8213 0 1 0 -73.04626 -0.5219752 0 0.8529607 -208.2633 0 0 0 1
DataSet: 41
338.37890625 -270.263671875 -19.775390625 -46.23046875
290.015 -73.046 -176.844 347.445
0.9279354 0 0.3727411 290.0148 0 1 0 -73.04626 -0.3727411 0 0.9279354 -176.8445 0 0 0 1
DataSet: 42
328.359375 -265.341796875 -19.6875 -15.99609375
296.124 -72.735 -135.240 333.571
0.6817241 0 0.7316094 296.1239 0 1 0 -72.73452 -0.7316094 0 0.6817241 -135.2402 0 0 0 1
DataSet: 43
319.833984375 -264.111328125 -19.775390625 10.1953125
308.058 -73.046 -93.088 330.001
0.4080441 0 0.9129622 308.0577 0 1 0 -73.04626 -0.9129622 0 0.4080441 -93.08755 0 0 0 1
DataSet: 44
309.7265625 -258.486328125 -19.775390625 -3.69140625
299.698 -73.046 -55.245 313.379
0.6749616 0 0.7378528 299.6976 0 1 0 -73.04626 -0.7378528 0 0.6749616 -55.24508 0 0 0 1
DataSet: 45
301.376953125 -257.431640625 -19.6875 18.720703125
301.192 -72.735 -14.844 310.205
0.4591765 0 0.8883451 301.1918 0 1 0 -72.73452 -0.8883451 0 0.4591765 -14.84407 0 0 0 1
DataSet: 46
293.642578125 -258.134765625 -19.6875 24.08203125
302.400 -72.735 28.525 312.330
0.5061866 0 0.862424 302.4003 0 1 0 -72.73452 -0.862424 0 0.5061866 28.52463 0 0 0 1
DataSet: 47
287.841796875 -255.41015625 -19.775390625 13.359375
291.215 -73.046 47.950 304.041
0.6972775 0 0.7168013 291.2152 0 1 0 -73.04626 -0.7168013 0 0.6972775 47.9495 0 0 0 1
DataSet: 48
53.701171875 -3.8671875 -19.775390625 -6.591796875
295.261 -73.046 -371.062 479.794
0.7284644 0 0.6850837 295.2612 0 1 0 -73.04626 -0.6850837 0 0.7284644 -371.0625 0 0 0 1
DataSet: 49
33.046875 -337.587890625 -19.86328125 -9.931640625
324.070 -73.358 -334.165 471.242
0.7005689 0 0.7135848 324.0701 0 1 0 -73.35783 -0.7135848 0 0.7005689 -334.1645 0 0 0 1
DataSet: 50
19.423828125 -319.74609375 -19.86328125 30.5859375
328.530 -73.358 -301.634 451.992
-0.004601795 0 0.9999894 328.5301 0 1 0 -73.35783 -0.9999894 0 -0.004601795 -301.6342 0 0 0 1
DataSet: 51
19.51171875 -319.74609375 -19.775390625 20.390625
328.124 -73.046 -302.235 452.047
0.170962 0 0.9852776 328.1235 0 1 0 -73.04626 -0.9852776 0 0.170962 -302.2348 0 0 0 1
DataSet: 52
7.470703125 -304.62890625 -19.775390625 -9.931640625
325.294 -73.046 -267.778 427.618
0.6030667 0 0.7976907 325.294 0 1 0 -73.04626 -0.7976907 0 0.6030667 -267.7783 0 0 0 1
DataSet: 53
0.439453125 -298.212890625 -19.775390625 -18.193359375
329.597 -73.046 -241.573 415.124
0.7189372 0 0.695075 329.5974 0 1 0 -73.04626 -0.695075 0 0.7189372 -241.5735 0 0 0 1
DataSet: 54
-14.4140625 -283.88671875 -19.775390625 -17.9296875
325.411 -73.046 -188.259 382.975
0.7221283 0 0.6917592 325.4108 0 1 0 -73.04626 -0.6917592 0 0.7221283 -188.2593 0 0 0 1
DataSet: 55
332.314453125 -273.955078125 -19.775390625 -16.259765625
322.239 -73.046 -136.533 357.512
0.7419804 0 0.6704216 322.2389 0 1 0 -73.04626 -0.6704216 0 0.7419804 -136.5329 0 0 0 1
DataSet: 56
323.0859375 -270.3515625 -19.775390625 -14.765625
326.720 -73.046 -93.838 347.689
0.7883464 0 0.6152316 326.7203 0 1 0 -73.04626 -0.6152316 0 0.7883464 -93.8379 0 0 0 1
DataSet: 57
312.36328125 -264.111328125 -19.775390625 -11.162109375
317.546 -73.046 -52.244 330.001
0.7976908 0 0.6030666 317.5459 0 1 0 -73.04626 -0.6030666 0 0.7976908 -52.24394 0 0 0 1
DataSet: 58
303.22265625 -259.365234375 -19.775390625 11.25
306.933 -73.046 -17.964 316.016
0.5720396 0 0.820226 306.9325 0 1 0 -73.04626 -0.820226 0 0.5720396 -17.96425 0 0 0 1
DataSet: 59
296.71875 -259.8046875 -19.775390625 21.005859375
308.248 -73.046 18.577 317.329
0.531104 0 0.8473067 308.248 0 1 0 -73.04626 -0.8473067 0 0.531104 18.5766 0 0 0 1
DataSet: 60
20.830078125 -281.42578125 -5.625 -52.55859375
143.683 -21.162 -351.413 380.242
0.6839655 0 0.7295144 143.6833 0 1 0 -21.1619 -0.7295144 0 0.6839655 -351.4128 0 0 0 1
DataSet: 61
9.31640625 -267.978515625 -7.119140625 -47.63671875
145.014 -26.757 -309.719 343.032
0.5919968 0 0.8059403 145.0145 0 1 0 -26.75713 -0.8059403 0 0.5919968 -309.7191 0 0 0 1
DataSet: 62
1.142578125 -260.68359375 -7.294921875 -58.798828125
151.922 -27.414 -281.613 321.151
0.7471007 0 0.6647109 151.9223 0 1 0 -27.41427 -0.6647109 0 0.7471007 -281.6128 0 0 0 1
DataSet: 63
-9.66796875 -249.78515625 -7.91015625 -59.150390625
148.707 -29.712 -243.055 286.483
0.7501518 0 0.6612657 148.7071 0 1 0 -29.71218 -0.6612657 0 0.7501518 -243.0554 0 0 0 1
DataSet: 64
339.521484375 -241.875 -9.31640625 -60.732421875
152.948 -34.951 -207.559 260.184
0.7995372 0 0.6006165 152.9485 0 1 0 -34.95127 -0.6006165 0 0.7995372 -207.5594 0 0 0 1
DataSet: 65
328.798828125 -239.677734375 -9.580078125 -53.61328125
178.118 -35.931 -175.687 252.751
0.8140363 0 0.5808139 178.118 0 1 0 -35.93135 -0.5808139 0 0.8140363 -175.6874 0 0 0 1
DataSet: 66
320.09765625 -239.58984375 -6.943359375 -47.109375
202.457 -26.100 -148.199 252.255
0.8348629 0 0.550458 202.4565 0 1 0 -26.09974 -0.550458 0 0.8348629 -148.1989 0 0 0 1
DataSet: 67
64.3359375 10.01953125 -7.822265625 -50.712890625
164.048 -29.384 -454.696 484.277
0.916065 0 0.4010299 164.0482 0 1 0 -29.38412 -0.4010299 0 0.916065 -454.6964 0 0 0 1
DataSet: 68
47.373046875 -324.140625 -8.876953125 -57.216796875
170.774 -33.316 -428.961 462.906
0.8986745 0 0.4386161 170.7737 0 1 0 -33.31617 -0.4386161 0 0.8986745 -428.9614 0 0 0 1
DataSet: 69
30.146484375 -300.5859375 -8.701171875 -63.28125
177.875 -32.662 -383.554 424.052
0.8966466 0 0.4427471 177.8752 0 1 0 -32.66158 -0.4427471 0 0.8966466 -383.5545 0 0 0 1
DataSet: 70
17.841796875 -285.908203125 -8.26171875 -63.369140625
183.921 -31.024 -343.855 391.185
0.8782799 0 0.4781469 183.9205 0 1 0 -31.02376 -0.4781469 0 0.8782799 -343.8554 0 0 0 1
DataSet: 71
3.8671875 -269.296875 -7.20703125 -65.302734375
180.244 -27.086 -295.099 346.850
0.8723462 0 0.4888888 180.2436 0 1 0 -27.08573 -0.4888888 0 0.8723462 -295.0992 0 0 0 1
DataSet: 72
-5.712890625 -258.92578125 -6.15234375 -65.126953125
175.771 -23.139 -261.290 315.759
0.863973 0 0.5035383 175.7712 0 1 0 -23.13853 -0.5035383 0 0.863973 -261.2903 0 0 0 1
DataSet: 73
-17.490234375 -249.345703125 -4.39453125 -63.6328125
178.165 -16.543 -221.861 285.024
0.8700871 0 0.492898 178.1654 0 1 0 -16.54309 -0.492898 0 0.8700871 -221.8609 0 0 0 1
DataSet: 74
328.0078125 -240.99609375 -4.39453125 -58.095703125
187.110 -16.543 -175.322 256.947
0.8753294 0 0.4835271 187.1103 0 1 0 -16.54309 -0.4835271 0 0.8753294 -175.3219 0 0 0 1
DataSet: 75
317.98828125 -239.677734375 -2.900390625 -53.876953125
208.463 -10.924 -141.839 252.378
0.9104413 0 0.4136383 208.4632 0 1 0 -10.92449 -0.4136383 0 0.9104413 -141.8389 0 0 0 1
DataSet: 76
58.359375 6.416015625 -0.087890625 -50.888671875
227.627 -0.331 -429.912 486.455
0.9707721 0 0.240003 227.6273 0 1 0 -0.3311863 -0.240003 0 0.9707721 -429.9123 0 0 0 1
DataSet: 77
37.265625 -322.119140625 -1.23046875 -54.4921875
234.504 -4.636 -397.500 461.540
0.9357257 0 0.3527284 234.5038 0 1 0 -4.636254 -0.3527284 0 0.9357257 -397.4998 0 0 0 1
DataSet: 78
30.05859375 -312.1875 -0.966796875 -52.55859375
235.537 -3.643 -379.408 446.589
0.9039894 0 0.4275549 235.5373 0 1 0 -3.642878 -0.4275549 0 0.9039894 -379.4083 0 0 0 1
DataSet: 79
17.75390625 -297.333984375 -2.548828125 -62.314453125
240.752 -9.601 -341.788 418.178
0.9504861 0 0.310767 240.7517 0 1 0 -9.60124 -0.310767 0 0.9504861 -341.7884 0 0 0 1
DataSet: 80
5.009765625 -285.8203125 -3.779296875 -43.9453125
255.603 -14.231 -296.241 391.528
0.8167006 0 0.5770615 255.603 0 1 0 -14.23069 -0.5770615 0 0.8167006 -296.2412 0 0 0 1
DataSet: 81
-3.955078125 -276.064453125 -3.076171875 -55.634765625
252.073 -11.586 -265.345 366.173
0.9110748 0 0.4122411 252.073 0 1 0 -11.58596 -0.4122411 0 0.9110748 -265.3447 0 0 0 1
DataSet: 82
-14.4140625 -267.01171875 -2.900390625 -54.4921875
253.008 -10.924 -227.517 340.436
0.9129623 0 0.408044 253.0085 0 1 0 -10.92449 -0.408044 0 0.9129623 -227.5166 0 0 0 1
DataSet: 83
336.26953125 -260.419921875 -3.251953125 -52.734375
255.363 -12.247 -193.269 320.489
0.9197171 0 0.3925817 255.3626 0 1 0 -12.24732 -0.3925817 0 0.9197171 -193.269 0 0 0 1
DataSet: 84
327.3046875 -255.41015625 -3.603515625 -45.087890625
259.129 -13.570 -159.768 304.725
0.8925335 0 0.450981 259.1286 0 1 0 -13.56969 -0.450981 0 0.8925335 -159.7676 0 0 0 1
DataSet: 85
316.845703125 -251.806640625 -3.427734375 -35.771484375
267.922 -12.909 -118.139 293.096
0.872346 0 0.4888889 267.9216 0 1 0 -12.90857 -0.4888889 0 0.872346 -118.1395 0 0 0 1
DataSet: 86
305.5078125 -247.5 -2.548828125 -30.322265625
268.371 -9.601 -75.271 278.893
0.8855109 0 0.4646187 268.3714 0 1 0 -9.60124 -0.4646187 0 0.8855109 -75.27117 0 0 0 1
DataSet: 87
293.466796875 -244.51171875 -2.724609375 -21.005859375
267.245 -10.263 -27.612 268.864
0.8833633 0 0.4686888 267.245 0 1 0 -10.26291 -0.4686888 0 0.8833633 -27.61228 0 0 0 1
DataSet: 88
55.458984375 -4.74609375 0.263671875 -36.73828125
295.042 0.994 -387.188 486.790
0.9704028 0 0.2414919 295.0416 0 1 0 0.9935559 -0.2414919 0 0.9704028 -387.1878 0 0 0 1
DataSet: 89
38.232421875 20.654296875 0.52734375 -52.3828125
306.361 1.987 -368.887 479.519
0.9935641 0 0.113271 306.3611 0 1 0 1.987091 -0.113271 0 0.9935641 -368.8872 0 0 0 1
DataSet: 90
26.982421875 -325.72265625 0.615234375 -51.416015625
317.632 2.318 -341.196 466.166
0.9852777 0 0.1709617 317.6323 0 1 0 2.318261 -0.1709617 0 0.9852777 -341.1963 0 0 0 1
DataSet: 91
13.798828125 -310.341796875 0.615234375 -39.7265625
324.240 2.318 -302.519 443.458
0.9154488 0 0.4024345 324.2398 0 1 0 2.318261 -0.4024345 0 0.9154488 -302.5193 0 0 0 1
DataSet: 92
0 -301.201171875 0.439453125 -31.9921875
350.320 1.656 -242.913 426.303
0.8925336 0 0.4509808 350.3203 0 1 0 1.655916 -0.4509808 0 0.8925336 -242.9133 0 0 0 1
DataSet: 93
-9.755859375 -289.599609375 0.52734375 -46.494140625
339.480 1.987 -213.091 400.822
0.9696574 0 0.2444677 339.4804 0 1 0 1.987091 -0.2444677 0 0.9696574 -213.091 0 0 0 1
DataSet: 94
-19.86328125 -283.88671875 0.263671875 -30.146484375
348.890 0.994 -167.091 386.840
0.8980007 0 0.4399941 348.8904 0 1 0 0.9935559 -0.4399941 0 0.8980007 -167.0911 0 0 0 1
DataSet: 95
332.578125 -277.998046875 0.703125 -32.783203125
344.954 2.649 -137.843 371.485
0.9285061 0 0.3713172 344.9541 0 1 0 2.649425 -0.3713172 0 0.9285061 -137.8428 0 0 0 1
DataSet: 96
322.119140625 -274.482421875 1.58203125 -23.5546875
351.694 5.961 -85.013 361.872
0.9129622 0 0.4080442 351.6942 0 1 0 5.960599 -0.4080442 0 0.9129622 -85.01257 0 0 0 1
DataSet: 97
-12.392578125 -308.84765625 1.845703125 -26.455078125
419.833 6.954 -134.120 440.791
0.9770282 0 0.2131101 419.8335 0 1 0 6.953713 -0.2131101 0 0.9770282 -134.1201 0 0 0 1
DataSet: 98
1.494140625 -319.21875 1.58203125 -26.71875
413.206 5.961 -196.287 457.497
0.9633659 0 0.2681907 413.2059 0 1 0 5.960599 -0.2681907 0 0.9633659 -196.287 0 0 0 1
DataSet: 99
10.986328125 -329.150390625 2.724609375 -15.99609375
410.889 10.263 -227.989 470.015
0.900016 0 0.4358569 410.889 0 1 0 10.26291 -0.4358569 0 0.900016 -227.9886 0 0 0 1
DataSet: 100
24.873046875 14.0625 1.494140625 -8.876953125
405.203 5.630 -263.899 483.595
0.8655136 0 0.5008854 405.2033 0 1 0 5.629532 -0.5008854 0 0.8655136 -263.899 0 0 0 1
DataSet: 101
35.68359375 3.603515625 0.17578125 -8.876953125
384.858 0.662 -298.357 486.963
0.862424 0 0.5061867 384.8581 0 1 0 0.6623719 -0.5061867 0 0.862424 -298.3571 0 0 0 1
DataSet: 102
9.31640625 -294.345703125 -1.7578125 -38.14453125
274.138 -6.623 -307.081 411.696
0.8004578 0 0.5993892 274.1377 0 1 0 -6.62269 -0.5993892 0 0.8004578 -307.0806 0 0 0 1
DataSet: 103
66.97265625 21.533203125 9.4921875 -51.767578125
86.814 35.605 -467.955 477.270
0.8013762 0 0.5981607 86.8139 0 1 0 35.60474 -0.5981607 0 0.8013762 -467.955 0 0 0 1
DataSet: 104
50.009765625 -308.935546875 8.4375 -69.43359375
76.486 31.679 -432.099 439.958
0.8513553 0 0.5245895 76.48634 0 1 0 31.67911 -0.5245895 0 0.8513553 -432.0989 0 0 0 1
DataSet: 105
41.30859375 -294.08203125 9.404296875 -75.146484375
69.390 35.278 -402.622 410.078
0.8473067 0 0.5311038 69.38987 0 1 0 35.27805 -0.5311038 0 0.8473067 -402.6219 0 0 0 1
DataSet: 106
31.376953125 -278.96484375 9.31640625 -84.375
66.291 34.951 -365.713 373.312
0.8826434 0 0.4700432 66.29119 0 1 0 34.95127 -0.4700432 0 0.8826434 -365.713 0 0 0 1
DataSet: 107
24.78515625 -267.71484375 9.31640625 -90.703125
56.536 34.951 -335.535 342.055
0.8959664 0 0.444122 56.53567 0 1 0 34.95127 -0.444122 0 0.8959664 -335.5347 0 0 0 1
DataSet: 108
13.18359375 -255.41015625 9.140625 -90.52734375
66.786 34.297 -295.199 304.597
0.8890485 0 0.4578132 66.78568 0 1 0 34.29747 -0.4578132 0 0.8890485 -295.1991 0 0 0 1
DataSet: 109
2.98828125 -245.126953125 9.31640625 -90.439453125
71.533 34.951 -259.153 271.106
0.8876397 0 0.4605386 71.53292 0 1 0 34.95127 -0.4605386 0 0.8876397 -259.1528 0 0 0 1
DataSet: 110
-6.6796875 -239.765625 9.84375 -88.681640625
89.598 36.911 -233.785 253.073
0.9072421 0 0.4206089 89.59846 0 1 0 36.91067 -0.4206089 0 0.9072421 -233.7854 0 0 0 1
DataSet: 111
-14.23828125 -239.677734375 10.986328125 -84.287109375
119.374 41.145 -219.101 252.880
0.9285061 0 0.371317 119.3737 0 1 0 41.14509 -0.371317 0 0.9285061 -219.1013 0 0 0 1
DataSet: 112
-7.91015625 -250.751953125 10.107421875 -83.056640625
146.093 37.889 -247.206 289.637
0.9495282 0 0.3136816 146.0928 0 1 0 37.88921 -0.3136816 0 0.9495282 -247.2061 0 0 0 1
DataSet: 113
7.470703125 -264.814453125 10.283203125 -83.84765625
140.011 38.541 -300.134 333.420
0.946601 0 0.3224075 140.0107 0 1 0 38.54112 -0.3224075 0 0.946601 -300.1337 0 0 0 1
DataSet: 114
21.26953125 -280.72265625 9.931640625 -83.14453125
137.968 37.237 -349.731 377.801
0.9542282 0 0.2990797 137.9682 0 1 0 37.23694 -0.2990797 0 0.9542282 -349.7312 0 0 0 1
DataSet: 115
36.474609375 -299.267578125 9.84375 -84.990234375
128.167 36.911 -399.396 421.078
0.9773539 0 0.2116112 128.1671 0 1 0 36.91067 -0.2116112 0 0.9773539 -399.3964 0 0 0 1
DataSet: 116
52.03125 -321.416015625 9.931640625 -76.376953125
122.000 37.237 -440.938 459.018
0.9692813 0 0.2459549 122.0004 0 1 0 37.23694 -0.2459549 0 0.9692813 -440.9384 0 0 0 1
DataSet: 117
68.90625 13.271484375 10.72265625 -67.8515625
111.270 40.169 -467.205 481.949
0.9689028 0 0.2474416 111.2699 0 1 0 40.16931 -0.2474416 0 0.9689028 -467.2049 0 0 0 1
DataSet: 118
72.509765625 -2.021484375 11.25 -61.787109375
154.540 42.120 -457.584 484.809
0.9884908 0 0.151281 154.54 0 1 0 42.12 -0.151281 0 0.9884908 -457.5844 0 0 0 1
DataSet: 119
48.779296875 -327.568359375 9.66796875 -58.359375
176.827 36.258 -430.475 466.788
0.9215141 0 0.3883449 176.8265 0 1 0 36.25788 -0.3883449 0 0.9215141 -430.4752 0 0 0 1
DataSet: 120
35.771484375 -310.78125 9.052734375 -75.41015625
189.433 33.970 -399.015 443.003
0.986054 0 0.1664257 189.4328 0 1 0 33.97045 -0.1664257 0 0.986054 -399.0154 0 0 0 1
DataSet: 121
20.478515625 -290.478515625 9.140625 -82.177734375
190.358 34.297 -352.347 401.947
0.9906951 0 0.1361004 190.3585 0 1 0 34.29747 -0.1361004 0 0.9906951 -352.3471 0 0 0 1
DataSet: 122
8.4375 -280.634765625 8.61328125 -57.919921875
211.796 32.334 -311.172 377.797
0.8670463 0 0.4982275 211.7959 0 1 0 32.33416 -0.4982275 0 0.8670463 -311.1716 0 0 0 1
DataSet: 123
-6.328125 -269.033203125 8.96484375 -42.71484375
228.251 33.643 -257.733 345.914
0.7440339 0 0.6681419 228.2512 0 1 0 33.64335 -0.6681419 0 0.7440339 -257.7325 0 0 0 1
DataSet: 124
339.521484375 -260.771484375 9.140625 -30.146484375
245.229 34.297 -204.761 321.311
0.6612658 0 0.7501516 245.2289 0 1 0 34.29747 -0.7501516 0 0.6612658 -204.7614 0 0 0 1
DataSet: 125
331.34765625 -255.498046875 8.7890625 -42.36328125
247.126 32.989 -175.489 304.887
0.8340175 0 0.551738 247.1258 0 1 0 32.98891 -0.551738 0 0.8340175 -175.4894 0 0 0 1
DataSet: 126
322.294921875 -253.125 9.31640625 -3.955078125
260.742 34.951 -138.497 297.304
0.4192169 0 0.9078861 260.7419 0 1 0 34.95127 -0.9078861 0 0.4192169 -138.4974 0 0 0 1
DataSet: 127
313.154296875 -249.78515625 9.228515625 13.0078125
265.029 34.624 -103.134 286.489
0.235533 0 0.9718664 265.0286 0 1 0 34.62442 -0.9718664 0 0.235533 -103.1342 0 0 0 1
DataSet: 128
328.974609375 -270 11.42578125 -12.041015625
318.302 42.769 -134.970 348.371
0.6828455 0 0.7305628 318.3023 0 1 0 42.76945 -0.7305628 0 0.6828455 -134.9695 0 0 0 1
DataSet: 129
-14.4140625 -278.173828125 10.458984375 -36.03515625
304.510 39.193 -208.319 371.024
0.8537604 0 0.5206661 304.5096 0 1 0 39.19268 -0.5206661 0 0.8537604 -208.3188 0 0 0 1
DataSet: 130
5.625 -293.90625 10.01953125 -53.173828125
290.274 37.563 -286.455 409.544
0.9480746 0 0.3180479 290.2737 0 1 0 37.56312 -0.3180479 0 0.9480746 -286.4546 0 0 0 1
DataSet: 131
20.302734375 -306.5625 8.4375 -57.041015625
269.439 31.679 -340.902 435.677
0.9578264 0 0.2873473 269.4388 0 1 0 31.67911 -0.2873473 0 0.9578264 -340.9018 0 0 0 1
DataSet: 132
33.310546875 -323.0859375 7.822265625 -63.369140625
265.222 29.384 -376.952 461.843
0.9928504 0 0.119365 265.222 0 1 0 29.38412 -0.119365 0 0.9928504 -376.9518 0 0 0 1
DataSet: 133
46.40625 19.16015625 7.734375 -43.330078125
256.775 29.056 -403.942 479.528
0.9256308 0 0.3784278 256.7747 0 1 0 29.05597 -0.3784278 0 0.9256308 -403.9423 0 0 0 1
DataSet: 134
43.06640625 9.404296875 8.26171875 -27.24609375
320.088 31.024 -362.200 484.363
0.9046441 0 0.4261679 320.0876 0 1 0 31.02376 -0.4261679 0 0.9046441 -362.1996 0 0 0 1
DataSet: 135
26.279296875 -332.138671875 7.822265625 -22.763671875
347.387 29.384 -318.506 472.216
0.8537604 0 0.5206661 347.3872 0 1 0 29.38412 -0.5206661 0 0.8537604 -318.5063 0 0 0 1
DataSet: 136
10.810546875 -318.69140625 8.61328125 -11.07421875
372.480 32.334 -260.347 455.595
0.7541951 0 0.6566504 372.4796 0 1 0 32.33416 -0.6566504 0 0.7541951 -260.3473 0 0 0 1
DataSet: 137
-1.58203125 -308.671875 8.349609375 5.537109375
385.157 31.351 -209.387 439.513
0.5695207 0 0.821977 385.1565 0 1 0 31.35147 -0.821977 0 0.5695207 -209.3875 0 0 0 1
DataSet: 138
-11.6015625 -303.134765625 8.26171875 22.32421875
397.362 31.024 -159.283 429.220
0.3812659 0 0.9244654 397.3622 0 1 0 31.02376 -0.9244654 0 0.3812659 -159.2828 0 0 0 1
DataSet: 139
-12.3046875 -274.04296875 8.26171875 -14.94140625
277.837 31.024 -227.062 360.157
0.5193561 0 0.8545579 277.837 0 1 0 31.02376 -0.8545579 0 0.5193561 -227.0623 0 0 0 1
DataSet: 140
82.265625 3.603515625 19.072265625 -72.333984375
46.951 70.548 -472.791 480.326
0.9722265 0 0.234042 46.95077 0 1 0 70.54758 -0.234042 0 0.9722265 -472.791 0 0 0 1
DataSet: 141
67.763671875 -330.29296875 19.072265625 -86.748046875
41.512 70.548 -457.925 465.183
0.9825394 0 0.186055 41.51225 0 1 0 70.54758 -0.186055 0 0.9825394 -457.9247 0 0 0 1
DataSet: 142
55.107421875 -310.166015625 18.369140625 -84.0234375
45.851 68.038 -430.437 438.187
0.9340926 0 0.3570308 45.85136 0 1 0 68.03828 -0.3570308 0 0.9340926 -430.4369 0 0 0 1
DataSet: 143
46.0546875 -296.455078125 18.193359375 -82.08984375
49.370 67.409 -403.680 412.236
0.8869322 0 0.4618996 49.36981 0 1 0 67.40934 -0.4618996 0 0.8869322 -403.6797 0 0 0 1
DataSet: 144
38.759765625 -284.677734375 18.28125 -82.44140625
47.014 67.724 -376.546 385.465
0.8513553 0 0.5245895 47.01355 0 1 0 67.72389 -0.5245895 0 0.8513553 -376.5457 0 0 0 1
DataSet: 145
30.41015625 -273.251953125 17.05078125 -91.40625
49.946 63.306 -347.101 356.344
0.9006835 0 0.4344758 49.9456 0 1 0 63.30602 -0.4344758 0 0.9006835 -347.1007 0 0 0 1
DataSet: 146
19.248046875 -261.298828125 16.962890625 -76.552734375
63.137 62.989 -309.563 322.154
0.7501518 0 0.6612657 63.13689 0 1 0 62.98932 -0.6612657 0 0.7501518 -309.5627 0 0 0 1
DataSet: 147
13.359375 -251.3671875 16.69921875 -91.845703125
52.062 62.038 -280.093 291.567
0.8647444 0 0.5022123 52.06226 0 1 0 62.03832 -0.5022123 0 0.8647444 -280.0931 0 0 0 1
DataSet: 148
0.52734375 -241.259765625 17.138671875 -70.400390625
69.035 63.623 -241.251 258.874
0.6578068 0 0.7531867 69.03502 0 1 0 63.62257 -0.7531867 0 0.6578068 -241.2514 0 0 0 1
DataSet: 149
-14.0625 -240.46875 18.10546875 -72.333984375
124.216 67.095 -214.034 256.402
0.8373873 0 0.5466101 124.2157 0 1 0 67.09463 -0.5466101 0 0.8373873 -214.0341 0 0 0 1
DataSet: 150
-2.109375 -253.828125 17.2265625 -72.333984375
136.410 63.939 -258.613 299.293
0.8505496 0 0.5258949 136.4097 0 1 0 63.93898 -0.5258949 0 0.8505496 -258.6129 0 0 0 1
DataSet: 151
7.734375 -266.220703125 16.5234375 -70.48828125
146.445 61.404 -296.893 336.693
0.8569391 0 0.5154178 146.4446 0 1 0 61.40359 -0.5154178 0 0.8569391 -296.8934 0 0 0 1
DataSet: 152
18.28125 -279.755859375 16.259765625 -69.609375
152.122 60.450 -336.060 373.807
0.8753295 0 0.4835269 152.1223 0 1 0 60.45041 -0.4835269 0 0.8753295 -336.0599 0 0 0 1
DataSet: 153
28.125 -291.708984375 20.302734375 -69.169921875
148.969 74.913 -364.678 400.991
0.8890485 0 0.4578132 148.9695 0 1 0 74.91307 -0.4578132 0 0.8890485 -364.6777 0 0 0 1
DataSet: 154
35.5078125 -303.310546875 20.302734375 -69.08203125
155.038 74.913 -388.407 424.863
0.9197172 0 0.3925815 155.038 0 1 0 74.91307 -0.3925815 0 0.9197172 -388.4071 0 0 0 1
DataSet: 155
43.41796875 -317.109375 22.060546875 -69.43359375
164.863 81.089 -407.297 446.818
0.9569404 0 0.2902845 164.8631 0 1 0 81.08906 -0.2902845 0 0.9569404 -407.2975 0 0 0 1
DataSet: 156
55.986328125 -333.984375 23.02734375 -68.291015625
150.790 84.454 -432.633 465.877
0.9715039 0 0.2370234 150.7899 0 1 0 84.45369 -0.2370234 0 0.9715039 -432.6329 0 0 0 1
DataSet: 157
55.283203125 18.720703125 23.02734375 -68.203125
189.248 84.454 -423.490 471.478
0.9948793 0 0.1010699 189.2477 0 1 0 84.45369 -0.1010699 0 0.9948793 -423.4903 0 0 0 1
DataSet: 158
41.1328125 -321.591796875 21.884765625 -62.138671875
201.778 80.475 -397.645 453.114
0.9542282 0 0.2990797 201.7778 0 1 0 80.4748 -0.2990797 0 0.9542282 -397.6455 0 0 0 1
DataSet: 159
29.267578125 -308.3203125 21.533203125 -55.986328125
219.575 79.244 -364.922 433.198
0.9065958 0 0.4220001 219.575 0 1 0 79.24401 -0.4220001 0 0.9065958 -364.9217 0 0 0 1
DataSet: 160
15.556640625 -293.818359375 20.7421875 -49.306640625
234.554 76.464 -321.698 405.404
0.844032 0 0.5362929 234.5542 0 1 0 76.46391 -0.5362929 0 0.844032 -321.6984 0 0 0 1
DataSet: 161
2.4609375 -281.162109375 20.91796875 -42.451171875
243.824 77.083 -275.389 375.807
0.7788166 0 0.6272517 243.8235 0 1 0 77.08298 -0.6272517 0 0.7788166 -275.3888 0 0 0 1
DataSet: 162
-8.96484375 -272.8125 20.830078125 -35.33203125
255.804 76.774 -232.541 354.126
0.7326544 0 0.6806009 255.804 0 1 0 76.77354 -0.6806009 0 0.7326544 -232.5406 0 0 0 1
DataSet: 163
339.2578125 -266.044921875 20.0390625 -23.994140625
268.278 73.980 -187.416 335.515
0.6531729 0 0.7572089 268.2775 0 1 0 73.98045 -0.7572089 0 0.6531729 -187.4156 0 0 0 1
DataSet: 164
330.1171875 -262.880859375 20.302734375 -10.8984375
280.881 74.913 -148.269 326.328
0.5542941 0 0.8323209 280.8814 0 1 0 74.91307 -0.8323209 0 0.5542941 -148.2686 0 0 0 1
DataSet: 165
314.736328125 -257.87109375 20.0390625 -5.2734375
291.113 73.980 -82.527 311.497
0.6212599 0 0.7836046 291.1129 0 1 0 73.98045 -0.7836046 0 0.6212599 -82.52724 0 0 0 1
DataSet: 166
314.736328125 -265.95703125 18.6328125 -2.28515625
322.708 68.980 -60.761 335.545
0.6884288 0 0.725304 322.7081 0 1 0 68.98049 -0.725304 0 0.6884288 -60.76111 0 0 0 1
DataSet: 167
329.326171875 -272.724609375 19.16015625 -7.91015625
324.515 70.861 -123.452 354.361
0.6601143 0 0.7511652 324.515 0 1 0 70.8605 -0.7511652 0 0.6601143 -123.4521 0 0 0 1
DataSet: 168
-17.40234375 -282.12890625 18.984375 -21.62109375
328.093 70.234 -176.112 378.937
0.7788166 0 0.6272517 328.093 0 1 0 70.2345 -0.6272517 0 0.7788166 -176.1122 0 0 0 1
DataSet: 169
1.494140625 -298.388671875 17.9296875 -31.640625
326.854 66.465 -249.228 416.372
0.8529607 0 0.5219752 326.8544 0 1 0 66.46474 -0.5219752 0 0.8529607 -249.2282 0 0 0 1
DataSet: 170
17.75390625 -315.17578125 17.314453125 -37.353515625
319.809 64.255 -305.365 446.827
0.9046441 0 0.4261678 319.8091 0 1 0 64.25523 -0.4261678 0 0.9046441 -305.3654 0 0 0 1
DataSet: 171
37.529296875 21.533203125 15.8203125 -41.8359375
302.946 58.859 -360.361 474.448
0.9551412 0 0.2961509 302.946 0 1 0 58.85895 -0.2961509 0 0.9551412 -360.3615 0 0 0 1
DataSet: 172
55.546875 -5.09765625 15.8203125 -45.17578125
290.588 58.859 -380.230 482.163
0.9957674 0 0.09190896 290.5883 0 1 0 58.85895 -0.09190896 0 0.9957674 -380.2305 0 0 0 1
DataSet: 173
53.349609375 -11.6015625 16.083984375 -21.357421875
326.876 59.814 -346.501 480.092
0.937339 0 0.3484187 326.8764 0 1 0 59.81425 -0.3484187 0 0.937339 -346.5005 0 0 0 1
DataSet: 174
38.583984375 3.603515625 19.16015625 0.263671875
360.407 70.861 -309.418 480.264
0.7378528 0 0.6749617 360.4074 0 1 0 70.8605 -0.6749617 0 0.7378528 -309.4176 0 0 0 1
DataSet: 175
26.89453125 13.359375 17.841796875 4.482421875
390.041 66.150 -268.721 478.246
0.7103533 0 0.7038453 390.0415 0 1 0 66.14956 -0.7038453 0 0.7103533 -268.7206 0 0 0 1
DataSet: 176
16.34765625 -337.1484375 18.369140625 -35.33203125
406.545 68.038 -229.733 471.895
0.9977231 0 0.06744374 406.5448 0 1 0 68.03828 -0.06744374 0 0.9977231 -229.7329 0 0 0 1
DataSet: 177
5.888671875 -322.55859375 17.40234375 -18.10546875
401.523 64.571 -208.946 457.218
0.9046441 0 0.4261678 401.5231 0 1 0 64.57133 -0.4261678 0 0.9046441 -208.9458 0 0 0 1
DataSet: 178
-5.2734375 -309.7265625 17.666015625 -11.162109375
395.957 65.519 -174.942 437.812
0.8306165 0 0.5568449 395.9575 0 1 0 65.51873 -0.5568449 0 0.8306165 -174.9416 0 0 0 1
DataSet: 179
-16.083984375 -294.345703125 16.5234375 -9.404296875
373.641 61.404 -153.097 408.432
0.7641788 0 0.6450044 373.6408 0 1 0 61.40359 -0.6450044 0 0.7641788 -153.0973 0 0 0 1
DataSet: 180
334.3359375 -287.9296875 17.578125 -9.4921875
372.031 65.203 -110.379 393.500
0.7995372 0 0.6006165 372.0308 0 1 0 65.20309 -0.6006165 0 0.7995372 -110.3788 0 0 0 1
DataSet: 181
48.251953125 -322.119140625 27.685546875 -49.5703125
152.789 100.311 -410.293 449.163
0.8032076 0 0.5956992 152.7889 0 1 0 100.3112 -0.5956992 0 0.8032076 -410.2929 0 0 0 1
DataSet: 182
63.544921875 -337.587890625 26.279296875 -50.09765625
108.975 95.589 -442.954 466.070
0.8104573 0 0.5857977 108.9747 0 1 0 95.58913 -0.5857977 0 0.8104573 -442.9545 0 0 0 1
DataSet: 183
53.349609375 -315.703125 25.576171875 -57.48046875
86.322 93.206 -423.531 442.174
0.7641788 0 0.6450044 86.3224 0 1 0 93.20634 -0.6450044 0 0.7641788 -423.5311 0 0 0 1
DataSet: 184
45.615234375 -301.376953125 29.1796875 -65.56640625
79.021 105.262 -393.935 415.343
0.7807373 0 0.6248594 79.02114 0 1 0 105.2621 -0.6248594 0 0.7807373 -393.9355 0 0 0 1
DataSet: 185
38.056640625 -288.720703125 30.498046875 -71.71875
75.857 109.571 -365.054 388.618
0.7921067 0 0.6103827 75.85686 0 1 0 109.5712 -0.6103827 0 0.7921067 -365.0537 0 0 0 1
DataSet: 186
27.685546875 -272.548828125 30.849609375 -79.541015625
72.275 110.711 -323.859 349.808
0.8131445 0 0.5820619 72.27472 0 1 0 110.7106 -0.5820619 0 0.8131445 -323.8595 0 0 0 1
DataSet: 187
8.701171875 -253.65234375 29.443359375 -55.810546875
92.426 106.128 -262.765 298.079
0.5114689 0 0.8593017 92.42564 0 1 0 106.1284 -0.8593017 0 0.5114689 -262.765 0 0 0 1
DataSet: 188
-2.8125 -242.666015625 29.1796875 -68.5546875
96.458 105.262 -223.485 265.197
0.6950752 0 0.718937 96.45776 0 1 0 105.2621 -0.718937 0 0.6950752 -223.4849 0 0 0 1
DataSet: 189
-18.896484375 -239.677734375 29.091796875 -47.98828125
141.385 104.973 -185.864 256.036
0.5956994 0 0.8032075 141.3848 0 1 0 104.9728 -0.8032075 0 0.5956994 -185.8638 0 0 0 1
DataSet: 190
322.294921875 -239.677734375 29.619140625 -47.900390625
193.634 106.705 -129.389 256.167
0.8219771 0 0.5695205 193.6337 0 1 0 106.7048 -0.5695205 0 0.8219771 -129.3893 0 0 0 1
DataSet: 191
322.03125 -246.4453125 28.564453125 -42.978515625
224.345 103.232 -124.591 276.605
0.8423826 0 0.5388799 224.3453 0 1 0 103.2319 -0.5388799 0 0.8423826 -124.5911 0 0 0 1
DataSet: 192
329.677734375 -246.533203125 28.212890625 -26.015625
206.240 102.067 -153.913 276.842
0.5427508 0 0.8398938 206.2399 0 1 0 102.0665 -0.8398938 0 0.5427508 -153.9132 0 0 0 1
DataSet: 193
-16.69921875 -254.8828125 26.89453125 -46.7578125
201.826 97.662 -202.158 301.893
0.7471007 0 0.6647109 201.8263 0 1 0 97.66228 -0.6647109 0 0.7471007 -202.1581 0 0 0 1
DataSet: 194
-1.142578125 -266.1328125 27.333984375 -59.677734375
190.806 99.136 -255.546 333.974
0.8382248 0 0.5453249 190.8056 0 1 0 99.13622 -0.5453249 0 0.8382248 -255.546 0 0 0 1
DataSet: 195
14.326171875 -281.42578125 27.861328125 -59.677734375
183.777 100.897 -308.920 373.344
0.8365478 0 0.5478939 183.7772 0 1 0 100.8972 -0.5478939 0 0.8365478 -308.9196 0 0 0 1
DataSet: 196
24.521484375 -295.751953125 28.037109375 -46.318359375
190.427 101.482 -342.936 405.174
0.7378529 0 0.6749615 190.427 0 1 0 101.4824 -0.6749615 0 0.7378529 -342.936 0 0 0 1
DataSet: 197
35.771484375 -311.220703125 29.091796875 -41.044921875
189.250 104.973 -374.381 432.431
0.7253041 0 0.6884286 189.2502 0 1 0 104.9728 -0.6884286 0 0.7253041 -374.3814 0 0 0 1
DataSet: 198
52.55859375 -335.56640625 29.8828125 -42.802734375
180.998 107.567 -410.078 460.972
0.8271841 0 0.561931 180.9978 0 1 0 107.5674 -0.561931 0 0.8271841 -410.0781 0 0 0 1
DataSet: 199
63.10546875 9.66796875 28.65234375 -42.71484375
168.194 103.523 -427.228 470.670
0.8655136 0 0.5008854 168.194 0 1 0 103.5227 -0.5008854 0 0.8655136 -427.2282 0 0 0 1
DataSet: 200
63.10546875 -8.26171875 28.037109375 -37.08984375
240.856 101.482 -392.699 471.723
0.952375 0 0.3049292 240.8564 0 1 0 101.4824 -0.3049292 0 0.952375 -392.6991 0 0 0 1
DataSet: 201
49.74609375 11.865234375 28.4765625 -41.572265625
253.911 102.941 -381.945 470.053
0.9394592 0 0.3426607 253.9105 0 1 0 102.941 -0.3426607 0 0.9394592 -381.945 0 0 0 1
DataSet: 202
36.123046875 -329.501953125 28.916015625 -44.82421875
266.148 104.394 -355.766 456.401
0.9285061 0 0.371317 266.1479 0 1 0 104.3935 -0.371317 0 0.9285061 -355.7661 0 0 0 1
DataSet: 203
24.169921875 -314.560546875 29.70703125 -44.6484375
274.450 106.993 -322.804 437.004
0.9065958 0 0.4220001 274.4502 0 1 0 106.9925 -0.4220001 0 0.9065958 -322.8039 0 0 0 1
DataSet: 204
13.0078125 -300.76171875 30.76171875 -44.560546875
275.322 110.426 -287.280 412.948
0.8855109 0 0.4646185 275.3223 0 1 0 110.4261 -0.4646185 0 0.8855109 -287.2796 0 0 0 1
DataSet: 205
4.74609375 -290.91796875 32.783203125 -57.216796875
272.025 116.902 -256.546 391.765
0.9582661 0 0.2858777 272.0247 0 1 0 116.9016 -0.2858777 0 0.9582661 -256.5464 0 0 0 1
DataSet: 206
-7.91015625 -279.931640625 33.75 -29.970703125
277.132 119.948 -207.739 366.532
0.7409512 0 0.6715589 277.1325 0 1 0 119.9476 -0.6715589 0 0.7409512 -207.7392 0 0 0 1
DataSet: 207
339.521484375 -274.5703125 33.3984375 -11.953125
295.505 118.844 -153.897 353.739
0.6018422 0 0.798615 295.5053 0 1 0 118.8439 -0.798615 0 0.6018422 -153.8967 0 0 0 1
DataSet: 208
327.48046875 -266.1328125 32.255859375 -20.302734375
291.539 115.226 -110.744 332.470
0.754195 0 0.6566505 291.5389 0 1 0 115.2261 -0.6566505 0 0.754195 -110.7444 0 0 0 1
DataSet: 209
327.48046875 -276.943359375 33.3984375 -25.224609375
329.183 118.844 -82.494 359.569
0.9039893 0 0.4275551 329.1826 0 1 0 118.8439 -0.4275551 0 0.9039893 -82.49364 0 0 0 1
DataSet: 210
-16.5234375 -288.984375 31.376953125 -29.70703125
341.420 112.412 -147.691 388.609
0.9078862 0 0.4192168 341.4204 0 1 0 112.4118 -0.4192168 0 0.9078862 -147.6914 0 0 0 1
DataSet: 211
-1.845703125 -301.201171875 31.2890625 -31.728515625
340.842 112.129 -205.188 413.338
0.9046441 0 0.4261678 340.8421 0 1 0 112.129 -0.4261678 0 0.9046441 -205.1884 0 0 0 1
DataSet: 212
14.677734375 -318.515625 31.552734375 -31.728515625
336.938 112.977 -260.868 440.844
0.9104413 0 0.4136382 336.9379 0 1 0 112.9768 -0.4136382 0 0.9104413 -260.8683 0 0 0 1
DataSet: 213
30.673828125 20.654296875 31.2890625 -43.9453125
332.607 112.129 -300.874 462.305
0.9917098 0 0.1284981 332.607 0 1 0 112.129 -0.1284981 0 0.9917098 -300.8745 0 0 0 1
DataSet: 214
40.078125 13.974609375 29.267578125 -29.35546875
306.021 105.551 -338.428 468.320
0.9085281 0 0.4178237 306.0211 0 1 0 105.5511 -0.4178237 0 0.9085281 -338.4275 0 0 0 1
DataSet: 215
55.283203125 -2.900390625 27.333984375 -31.025390625
274.360 99.136 -372.888 473.441
0.9313267 0 0.3641848 274.36 0 1 0 99.13622 -0.3641848 0 0.9313267 -372.8877 0 0 0 1
DataSet: 216
34.716796875 -322.734375 30.5859375 -37.265625
245.578 109.856 -357.232 447.204
0.8219772 0 0.5695204 245.5776 0 1 0 109.8564 -0.5695204 0 0.8219772 -357.232 0 0 0 1
DataSet: 217
24.9609375 -304.892578125 13.974609375 -55.810546875
232.100 52.138 -359.198 430.827
0.9117061 0 0.410843 232.1002 0 1 0 52.1381 -0.410843 0 0.9117061 -359.1982 0 0 0 1
DataSet: 218
4.482421875 -278.173828125 5.2734375 -69.345703125
220.804 19.843 -298.378 371.722
0.956494 0 0.2917521 220.8042 0 1 0 19.84314 -0.2917521 0 0.956494 -298.3776 0 0 0 1
DataSet: 219
7.998046875 -275.361328125 -4.130859375 -48.1640625
188.184 -15.552 -311.410 364.186
0.713585 0 0.7005687 188.1845 0 1 0 -15.55228 -0.7005687 0 0.713585 -311.4102 0 0 0 1
DataSet: 220
24.873046875 -283.359375 -4.130859375 -79.453125
127.777 -15.552 -363.201 385.336
