DataSet_0
0.4325413703918457 0.4028218388557434 -0.806624174118042 8.366470336914062 
-0.900120198726654 0.24441009759902954 -0.3606208264827728 -10.974236488342285 
0.05188113451004028 0.8820420503616333 0.4683055281639099 -1254.2144775390625 
0.0 0.0 0.0 1.0

DataSet_-1
0.4416400194168091 0.4012196958065033 -0.8024817109107971 8.77315902709961 
-0.8947691917419434 0.26265838742256165 -0.36110755801200867 -3.012474775314331 
0.06589508056640625 0.877515435218811 0.47499948740005493 -1254.9400634765625 
0.0 0.0 0.0 1.0

DataSet_-2
0.4506470859050751 0.4007636308670044 -0.7976877689361572 9.676864624023438 
-0.8892087936401367 0.28049278259277344 -0.36142972111701965 5.023771286010742 
0.07889773696660995 0.8721882104873657 0.4827658236026764 -1255.9923095703125 
0.0 0.0 0.0 1.0

DataSet_-3
0.4582050144672394 0.4043251872062683 -0.7915613651275635 11.714003562927246 
-0.8843753933906555 0.29659542441368103 -0.3604322373867035 12.456958770751953 
0.08904165029525757 0.8651891946792603 0.4934767186641693 -1257.66162109375 
0.0 0.0 0.0 1.0

DataSet_-4
0.4665667414665222 0.4006332457065582 -0.7885483503341675 10.938615798950195 
-0.8786766529083252 0.3119593560695648 -0.36139827966690063 19.746198654174805 
0.10120686888694763 0.8614954352378845 0.49757692217826843 -1258.2261962890625 
0.0 0.0 0.0 1.0

DataSet_-5
0.4765126407146454 0.4006267189979553 -0.7825815677642822 11.829150199890137 
-0.8716093897819519 0.3317437767982483 -0.36089208722114563 28.9378719329834 
0.11503355950117111 0.8540750741958618 0.5072701573371887 -1259.88330078125 
0.0 0.0 0.0 1.0

DataSet_-6
0.4835670590400696 0.3977901339530945 -0.7796960473060608 11.322854995727539 
-0.8662583231925964 0.34524258971214294 -0.3611149787902832 35.10198974609375 
0.12553629279136658 0.8500415086746216 0.5115369558334351 -1260.6776123046875 
0.0 0.0 0.0 1.0

DataSet_-7
0.49179404973983765 0.39621978998184204 -0.7753376960754395 11.46702766418457 
-0.85991370677948 0.360819011926651 -0.361051470041275 42.608673095703125 
0.136700838804245 0.8442864418029785 0.5181634426116943 -1262.0767822265625 
0.0 0.0 0.0 1.0

DataSet_-8
0.49966859817504883 0.39298388361930847 -0.7719423770904541 11.286421775817871 
-0.8533469438552856 0.3763682544231415 -0.3607575297355652 49.78915023803711 
0.14876270294189453 0.8389937877655029 0.523410975933075 -1263.4166259765625 
0.0 0.0 0.0 1.0

DataSet_-9
0.5087398290634155 0.3908618688583374 -0.7670793533325195 11.244161605834961 
-0.8456716537475586 0.3938327133655548 -0.360187828540802 58.02192687988281 
0.16131724417209625 0.831939160823822 0.530899167060852 -1265.1923828125 
0.0 0.0 0.0 1.0

DataSet_-10
0.516433835029602 0.387639582157135 -0.7635650634765625 10.626596450805664 
-0.8388940691947937 0.40802377462387085 -0.3602405786514282 64.89047241210938 
0.17190921306610107 0.8265906572341919 0.5359058380126953 -1266.5408935546875 
0.0 0.0 0.0 1.0

DataSet_-11
0.526055097579956 0.3843114674091339 -0.7586637735366821 10.214496612548828 
-0.8298625946044922 0.42706286907196045 -0.3590896427631378 73.80039978027344 
0.18599486351013184 0.8184876441955566 0.5435842871665955 -1268.6728515625 
0.0 0.0 0.0 1.0

DataSet_-12
0.532707691192627 0.38202646374702454 -0.7551677227020264 10.055171012878418 
-0.8233481645584106 0.4403475224971771 -0.35803893208503723 80.06600952148438 
0.19575583934783936 0.8124960660934448 0.5491172671318054 -1270.3521728515625 
0.0 0.0 0.0 1.0

DataSet_-13
0.5414863228797913 0.3767561912536621 -0.751563310623169 8.884258270263672 
-0.8145696520805359 0.4563049376010895 -0.35813698172569275 87.86225891113281 
0.2080117017030716 0.8061269521713257 0.5539770126342773 -1272.1488037109375 
0.0 0.0 0.0 1.0

DataSet_-14
0.5486716628074646 0.3734862506389618 -0.7479755878448486 8.272500991821289 
-0.8070417046546936 0.47018882632255554 -0.3572200834751129 94.5908432006836 
0.21827295422554016 0.7996439933776855 0.5593982934951782 -1273.9896240234375 
0.0 0.0 0.0 1.0

DataSet_-15
0.5571357607841492 0.3704575300216675 -0.7432098984718323 7.507937431335449 
-0.7980321645736694 0.4863642156124115 -0.35580119490623474 102.38459777832031 
0.2296614646911621 0.7913349866867065 0.5666079521179199 -1276.2769775390625 
0.0 0.0 0.0 1.0

DataSet_-16
0.5646771192550659 0.36772382259368896 -0.7388632893562317 7.369670391082764 
-0.7895803451538086 0.5012742280960083 -0.35395923256874084 109.58601379394531 
0.24021388590335846 0.7832645773887634 0.5734055042266846 -1278.7899169921875 
0.0 0.0 0.0 1.0

DataSet_-17
0.574004590511322 0.364071249961853 -0.7334649562835693 6.641955375671387 
-0.7788833379745483 0.5191797018051147 -0.35184258222579956 118.45297241210938 
0.25270435214042664 0.7732428908348083 0.5815805792808533 -1281.806396484375 
0.0 0.0 0.0 1.0

DataSet_-18
0.5801771879196167 0.35780784487724304 -0.7316884398460388 4.87366247177124 
-0.7713164687156677 0.5299589037895203 -0.3524406850337982 123.678466796875 
0.26165878772735596 0.7688414454460144 0.5834531784057617 -1283.1690673828125 
0.0 0.0 0.0 1.0

DataSet_-19
0.5877385139465332 0.35423529148101807 -0.7273793816566467 4.266355514526367 
-0.7618072628974915 0.5450348258018494 -0.35012388229370117 131.04881286621094 
0.27242085337638855 0.7599042057991028 0.590196967124939 -1286.0006103515625 
0.0 0.0 0.0 1.0

DataSet_-20
0.5947725176811218 0.3511755168437958 -0.7231330275535583 3.2929747104644775 
-0.7529483437538147 0.5584914088249207 -0.34807491302490234 137.7808380126953 
0.28162819147109985 0.7515072226524353 0.596592366695404 -1288.5235595703125 
0.0 0.0 0.0 1.0

DataSet_-21
0.6033544540405273 0.3446590304374695 -0.719147801399231 1.6569827795028687 
-0.7413200736045837 0.5748031139373779 -0.34647634625434875 145.8824920654297 
0.29395216703414917 0.7421667575836182 0.6023126840591431 -1291.5765380859375 
0.0 0.0 0.0 1.0

DataSet_-22
0.6103017926216125 0.34051966667175293 -0.7152467966079712 0.6626455187797546 
-0.7318189740180969 0.5880169868469238 -0.3444952070713043 152.43687438964844 
0.3032698929309845 0.7336772680282593 0.6080666184425354 -1294.3353271484375 
0.0 0.0 0.0 1.0

DataSet_-23
0.6165432333946228 0.33544498682022095 -0.7122858166694641 -0.5941238403320312 
-0.7227234840393066 0.6000146865844727 -0.34300604462623596 158.45790100097656 
0.31232231855392456 0.7262637615203857 0.6123689413070679 -1296.8388671875 
0.0 0.0 0.0 1.0

DataSet_-24
0.6240345239639282 0.33054760098457336 -0.7080389261245728 -1.9549553394317627 
-0.7119299173355103 0.6140029430389404 -0.3408169448375702 165.6515350341797 
0.3220817744731903 0.7167556285858154 0.6184858083724976 -1300.0484619140625 
0.0 0.0 0.0 1.0

DataSet_-25
0.6312189698219299 0.3255707323551178 -0.7039647102355957 -3.4001193046569824 
-0.7008011341094971 0.6283048987388611 -0.3378028869628906 172.7185821533203 
0.3323257267475128 0.7065668106079102 0.6247583031654358 -1303.3291015625 
0.0 0.0 0.0 1.0

DataSet_-26
0.6383834481239319 0.3207731544971466 -0.6996935606002808 -4.582702159881592 
-0.6897145509719849 0.641933262348175 -0.33498576283454895 179.74464416503906 
0.3417021334171295 0.6964382529258728 0.6310415267944336 -1306.90234375 
0.0 0.0 0.0 1.0

DataSet_-27
0.645270586013794 0.3159300982952118 -0.6955674290657043 -6.108020782470703 
-0.6782702207565308 0.6558777689933777 -0.3313213586807251 186.8280792236328 
0.3515327572822571 0.6855746507644653 0.6375046372413635 -1310.4859619140625 
0.0 0.0 0.0 1.0

DataSet_-28
0.6509049534797668 0.31160351634025574 -0.6922615170478821 -7.406958103179932 
-0.6690501570701599 0.6663657426834106 -0.3291330635547638 192.21978759765625 
0.35874032974243164 0.6773920059204102 0.6422191858291626 -1313.3021240234375 
0.0 0.0 0.0 1.0

DataSet_-29
0.657698929309845 0.3058301508426666 -0.6884039044380188 -9.354229927062988 
-0.6571428775787354 0.6796818375587463 -0.32587698101997375 199.07411193847656 
0.3682326078414917 0.6667087078094482 0.648000180721283 -1316.91259765625 
0.0 0.0 0.0 1.0

DataSet_-30
0.6649627089500427 0.30013036727905273 -0.6839198470115662 -11.239665031433105 
-0.6446669697761536 0.6930283308029175 -0.3226703703403473 206.1201171875 
0.3771326541900635 0.6554642915725708 0.6543222069740295 -1320.8597412109375 
0.0 0.0 0.0 1.0

DataSet_-31
0.6707320213317871 0.2954362630844116 -0.6803205013275146 -12.55642318725586 
-0.6336928009986877 0.7049095034599304 -0.31864720582962036 212.133544921875 
0.3854244649410248 0.6448410749435425 0.660021185874939 -1324.498046875 
0.0 0.0 0.0 1.0

DataSet_-32
0.6770851016044617 0.2903241515159607 -0.6762157678604126 -14.46010971069336 
-0.6220030784606934 0.7168436646461487 -0.31503552198410034 218.5006103515625 
0.393278568983078 0.6339141130447388 0.6659466624259949 -1328.2965087890625 
0.0 0.0 0.0 1.0

DataSet_-33
0.6841132044792175 0.28352177143096924 -0.6720152497291565 -16.691020965576172 
-0.6082696318626404 0.7302013635635376 -0.31114962697029114 225.5338897705078 
0.4024887979030609 0.6216280460357666 0.6719980835914612 -1332.6500244140625 
0.0 0.0 0.0 1.0

DataSet_-34
0.6901392340660095 0.2774488031864166 -0.6683786511421204 -18.592924118041992 
-0.5961652994155884 0.741533100605011 -0.3077591061592102 231.6120147705078 
0.41023752093315125 0.6108607649803162 0.6771664023399353 -1336.6011962890625 
0.0 0.0 0.0 1.0

DataSet_-37
0.7048819065093994 0.2649957835674286 -0.6579655408859253 -22.75874137878418 
-0.5637175440788269 0.7723020315170288 -0.2928687334060669 248.23854064941406 
0.4305391311645508 0.5773446559906006 0.6937645077705383 -1348.7991943359375 
0.0 0.0 0.0 1.0

DataSet_-37
0.7053701877593994 0.26173675060272217 -0.6587463617324829 -24.211336135864258 
-0.5625782608985901 0.7720814943313599 -0.29562798142433167 248.13890075683594 
0.4312291443347931 0.5791235566139221 0.6918506622314453 -1348.048828125 
0.0 0.0 0.0 1.0

DataSet_-38
0.7124221324920654 0.25461673736572266 -0.6539304256439209 -26.57936668395996 
-0.546922504901886 0.7853267192840576 -0.29006507992744446 255.39479064941406 
0.4396935999393463 0.5642980337142944 0.698739767074585 -1353.5611572265625 
0.0 0.0 0.0 1.0

DataSet_-39
0.7174846529960632 0.24835914373397827 -0.650794506072998 -28.633691787719727 
-0.5351701378822327 0.7945745587348938 -0.28678256273269653 260.4827575683594 
0.4458796977996826 0.5540478825569153 0.7030094265937805 -1357.41455078125 
0.0 0.0 0.0 1.0

DataSet_-40
0.722629725933075 0.2425239533185959 -0.6472930908203125 -30.990461349487305 
-0.5230004191398621 0.8041239976882935 -0.2825865149497986 265.7350769042969 
0.4519699215888977 0.542739987373352 0.7079240679740906 -1361.4482421875 
0.0 0.0 0.0 1.0

DataSet_-41
0.7283890843391418 0.23547199368476868 -0.6434301137924194 -33.42585754394531 
-0.5091456174850464 0.8144380450248718 -0.27831894159317017 271.5426330566406 
0.45849764347076416 0.5303241014480591 0.7131173014640808 -1366.1705322265625 
0.0 0.0 0.0 1.0

DataSet_-42
0.7331080436706543 0.2290649265050888 -0.6403763294219971 -35.697444915771484 
-0.4962449073791504 0.8240280151367188 -0.2733474373817444 276.8155517578125 
0.46507373452186584 0.5181767344474792 0.7177738547325134 -1370.6072998046875 
0.0 0.0 0.0 1.0

DataSet_-43
0.7389575839042664 0.22159911692142487 -0.636266827583313 -38.415000915527344 
-0.48167505860328674 0.8340669870376587 -0.26892638206481934 282.5698547363281 
0.4710952937602997 0.5051990747451782 0.7230789065361023 -1375.54638671875 
0.0 0.0 0.0 1.0

DataSet_-44
0.7437120079994202 0.2149108350276947 -0.6330133080482483 -40.988975524902344 
-0.46838459372520447 0.8431476950645447 -0.26404130458831787 287.7222900390625 
0.4769783616065979 0.49286434054374695 0.7277200222015381 -1380.1439208984375 
0.0 0.0 0.0 1.0

DataSet_-45
0.7493284344673157 0.20744973421096802 -0.6288652420043945 -43.94126892089844 
-0.45249560475349426 0.8537708520889282 -0.2575325667858124 293.7853088378906 
0.483481764793396 0.4775352478027344 0.7336248755455017 -1385.791015625 
0.0 0.0 0.0 1.0

DataSet_-46
0.7536515593528748 0.2009548544883728 -0.6258006691932678 -46.15842819213867 
-0.44026318192481995 0.8613011837005615 -0.2536308765411377 298.2591552734375 
0.4880344867706299 0.4666662812232971 0.7375940084457397 -1390.1558837890625 
0.0 0.0 0.0 1.0

DataSet_-47
0.7577149868011475 0.19415061175823212 -0.623035728931427 -48.638153076171875 
-0.42740464210510254 0.8691040873527527 -0.24896451830863953 302.84808349609375 
0.49314630031585693 0.4549325108528137 0.7415140867233276 -1394.6439208984375 
0.0 0.0 0.0 1.0

DataSet_-48
0.7636051177978516 0.1850987821817398 -0.618583619594574 -52.30610275268555 
-0.40932905673980713 0.8796904683113098 -0.24206283688545227 309.12371826171875 
0.49935659766197205 0.4380446672439575 0.7475024461746216 -1401.046875 
0.0 0.0 0.0 1.0

DataSet_-49
0.7671878933906555 0.17832262814044952 -0.6161361336708069 -54.63496398925781 
-0.3971875011920929 0.8863290548324585 -0.2380397766828537 313.0852966308594 
0.50365149974823 0.42734283208847046 0.7508084177970886 -1405.2481689453125 
0.0 0.0 0.0 1.0

DataSet_-50
0.7720009088516235 0.170491024851799 -0.6123294830322266 -57.635887145996094 
-0.3813963532447815 0.8949085474014282 -0.23167993128299713 318.4280700683594 
0.5084795355796814 0.4123973548412323 0.7558948397636414 -1411.1431884765625 
0.0 0.0 0.0 1.0

DataSet_-49.5
0.7683014869689941 0.17602889239788055 -0.6154076457023621 -55.71929931640625 
-0.3915870487689972 0.8897947072982788 -0.23436060547828674 315.2511291503906 
0.5063322186470032 0.42104530334472656 0.7525612711906433 -1407.7122802734375 
0.0 0.0 0.0 1.0

DataSet_-48.5
0.7637940049171448 0.18395404517650604 -0.6186918020248413 -52.779293060302734 
-0.4066148102283478 0.8815479278564453 -0.239870086312294 310.28564453125 
0.5012814402580261 0.43478062748908997 0.7481194734573364 -1402.34765625 
0.0 0.0 0.0 1.0

DataSet_-47.6
0.7601129412651062 0.18991385400295258 -0.6214185357093811 -50.48859405517578 
-0.4181632101535797 0.874961793422699 -0.2440929263830185 306.31036376953125 
0.49736088514328003 0.44539257884025574 0.7444847822189331 -1398.2581787109375 
0.0 0.0 0.0 1.0

DataSet_-46.5
0.7543492913246155 0.19822269678115845 -0.6258313655853271 -47.29401397705078 
-0.4354596734046936 0.8644874691963196 -0.2510703206062317 300.1661376953125 
0.4912555515766144 0.46191903948783875 0.7384434938430786 -1391.9769287109375 
0.0 0.0 0.0 1.0

DataSet_-45.5
0.7505046129226685 0.2041732221841812 -0.6285348534584045 -45.17241668701172 
-0.44679102301597595 0.8575490117073059 -0.254926472902298 296.1709899902344 
0.4869502782821655 0.47214722633361816 0.7348172664642334 -1388.0799560546875 
0.0 0.0 0.0 1.0

DataSet_-44.5
0.7450756430625916 0.21209506690502167 -0.6323590278625488 -42.20644760131836 
-0.4615219831466675 0.8484091758728027 -0.25922834873199463 290.73980712890625 
0.48151811957359314 0.4849923253059387 0.7300155758857727 -1383.064453125 
0.0 0.0 0.0 1.0

DataSet_-43.5
0.7403904795646667 0.21783019602298737 -0.635902464389801 -40.15803527832031 
-0.4742113947868347 0.8397485613822937 -0.26447299122810364 285.7760009765625 
0.47638794779777527 0.49736547470092773 0.7250393629074097 -1378.4071044921875 
0.0 0.0 0.0 1.0

DataSet_-42.5
0.733910858631134 0.22647525370121002 -0.6403778791427612 -36.76861572265625 
-0.4912445545196533 0.8280717730522156 -0.27014046907424927 279.1705017089844 
0.4690987169742584 0.5128411650657654 0.7189856171607971 -1372.6907958984375 
0.0 0.0 0.0 1.0

DataSet_-41.5
0.7282683849334717 0.23353813588619232 -0.6442709565162659 -34.227149963378906 
-0.5053392648696899 0.8180292844772339 -0.27470049262046814 273.46630859375 
0.4628794491291046 0.5256311297416687 0.7137608528137207 -1367.8428955078125 
0.0 0.0 0.0 1.0

DataSet_-40.5
0.7229800224304199 0.24089935421943665 -0.6475085616111755 -31.836185455322266 
-0.5188036561012268 0.8082303404808044 -0.278579443693161 268.07086181640625 
0.4562264680862427 0.5373371839523315 0.7093138694763184 -1363.4217529296875 
0.0 0.0 0.0 1.0

DataSet_-39.5
0.7178287506103516 0.24605673551559448 -0.6512895226478577 -29.84482192993164 
-0.5308127403259277 0.7987433671951294 -0.2832787334918976 262.7481994628906 
0.45051056146621704 0.5490583777427673 0.7039710283279419 -1359.08935546875 
0.0 0.0 0.0 1.0

DataSet_-38.5
0.7109933495521545 0.25431203842163086 -0.6556019186973572 -27.077234268188477 
-0.5462843775749207 0.7868112325668335 -0.2872306704521179 256.0423889160156 
0.4427887201309204 0.5623641610145569 0.6983442306518555 -1353.9945068359375 
0.0 0.0 0.0 1.0

DataSet_-37.5
0.7061293125152588 0.2598723769187927 -0.6586712002754211 -25.194852828979492 
-0.5573657155036926 0.7777190208435059 -0.2906830608844757 251.06744384765625 
0.436720609664917 0.5723806023597717 0.6940141320228577 -1350.2777099609375 
0.0 0.0 0.0 1.0

DataSet_-36.5
0.7008248567581177 0.2648507058620453 -0.6623433232307434 -23.20602798461914 
-0.5692592859268188 0.7671972513198853 -0.29555416107177734 245.5616912841797 
0.42987024784088135 0.5841767191886902 0.6884396076202393 -1346.2862548828125 
0.0 0.0 0.0 1.0

DataSet_-35.5
0.6947280168533325 0.2713307738304138 -0.6661325693130493 -21.158246994018555 
-0.5819390416145325 0.7563303709030151 -0.2988499104976654 239.6082305908203 
0.42272910475730896 0.5952679514884949 0.6833418607711792 -1342.09326171875 
0.0 0.0 0.0 1.0

DataSet_-34.5
0.6886679530143738 0.27702757716178894 -0.6700687408447266 -19.151792526245117 
-0.5942896008491516 0.7450966238975525 -0.3027389645576477 233.5878143310547 
0.4153989553451538 0.6067014932632446 0.6777588129043579 -1338.0069580078125 
0.0 0.0 0.0 1.0

DataSet_-5.5
0.4761461317539215 0.398833692073822 -0.7837196588516235 11.123351097106934 
-0.8710290193557739 0.33633989095687866 -0.35802775621414185 31.26059913635254 
0.1208026334643364 0.8531161546707153 0.5075426697731018 -1260.02685546875 
0.0 0.0 0.0 1.0

DataSet_-4.5
0.46820709109306335 0.4009675979614258 -0.787405252456665 11.104230880737305 
-0.8767889142036438 0.32140129804611206 -0.35769030451774597 24.30278205871582 
0.10965084284543991 0.857861340045929 0.5020463466644287 -1258.9970703125 
0.0 0.0 0.0 1.0

DataSet_-3.5
0.4593189060688019 0.40385523438453674 -0.7911555171012878 11.116945266723633 
-0.8830464482307434 0.30406540632247925 -0.35745373368263245 16.308698654174805 
0.09620347619056702 0.862812340259552 0.49628594517707825 -1257.9332275390625 
0.0 0.0 0.0 1.0

DataSet_-2.5
0.451726496219635 0.40462827682495117 -0.7951220870018005 11.070991516113281 
-0.8880695104598999 0.28914692997932434 -0.35738855600357056 9.291847229003906 
0.0852975845336914 0.8675655722618103 0.4899533987045288 -1257.13916015625 
0.0 0.0 0.0 1.0

DataSet_-1.5
0.443019837141037 0.40610015392303467 -0.7992597222328186 10.875656127929688 
-0.8935843110084534 0.27201104164123535 -0.35709524154663086 1.2554632425308228 
0.07239103317260742 0.8724062442779541 0.48339104652404785 -1256.27294921875 
0.0 0.0 0.0 1.0

DataSet_-0.5
0.4356659948825836 0.407010555267334 -0.8028309345245361 10.705940246582031 
-0.8980281949043274 0.2571474015712738 -0.35696014761924744 -5.5998945236206055 
0.061159342527389526 0.876480221748352 0.4775373637676239 -1255.6502685546875 
0.0 0.0 0.0 1.0

DataSet_1
0.42176148295402527 0.4094907343387604 -0.8089713454246521 9.97762393951416 
-0.9058881998062134 0.2282101809978485 -0.35677263140678406 -18.303895950317383 
0.03852042555809021 0.8833105564117432 0.4672030508518219 -1254.6583251953125 
0.0 0.0 0.0 1.0

DataSet_2
0.4140755236148834 0.40974685549736023 -0.8128031492233276 9.451678276062012 
-0.9098201990127563 0.213508740067482 -0.3558668792247772 -25.24287223815918 
0.027725249528884888 0.8868604898452759 0.4612046778202057 -1254.2655029296875 
0.0 0.0 0.0 1.0

DataSet_3
0.40440699458122253 0.4104394316673279 -0.8173092603683472 8.86301040649414 
-0.914478600025177 0.19471430778503418 -0.3547042906284332 -33.90442657470703 
0.013557194732129574 0.8908567428588867 0.4540819227695465 -1253.9478759765625 
0.0 0.0 0.0 1.0

DataSet_4
0.39641958475112915 0.4107925593852997 -0.8210365176200867 8.250021934509277 
-0.9180670976638794 0.179399773478508 -0.3535088896751404 -40.89192199707031 
0.00207498692907393 0.893904447555542 0.44825270771980286 -1253.7635498046875 
0.0 0.0 0.0 1.0

DataSet_5
0.3866587281227112 0.4113553464412689 -0.8253979682922363 7.712038516998291 
-0.9221140742301941 0.15870259702205658 -0.3528725504875183 -50.04981994628906 
-0.014163224957883358 0.8975523710250854 0.4406803250312805 -1253.8616943359375 
0.0 0.0 0.0 1.0

DataSet_6
0.37895363569259644 0.4123157858848572 -0.828486442565918 7.38443660736084 
-0.9250518083572388 0.14367356896400452 -0.35162055492401123 -56.80140686035156 
-0.02594709023833275 0.8996407985687256 0.43585914373397827 -1253.947998046875 
0.0 0.0 0.0 1.0

DataSet_7
0.37003153562545776 0.4121033549308777 -0.8326148390769958 6.55546236038208 
-0.9281719923019409 0.12572617828845978 -0.3502708673477173 -64.67152404785156 
-0.039666324853897095 0.9024210572242737 0.42902544140815735 -1254.1497802734375 
0.0 0.0 0.0 1.0

DataSet_8
0.35977011919021606 0.41114571690559387 -0.8375706672668457 5.090701103210449 
-0.9314111471176147 0.1052207499742508 -0.3484277129173279 -73.90689086914062 
-0.055124785751104355 0.9054765105247498 0.42080098390579224 -1254.3714599609375 
0.0 0.0 0.0 1.0

DataSet_9
0.3525429368019104 0.4112522304058075 -0.8405861854553223 4.33673095703125 
-0.9334008693695068 0.0903133973479271 -0.3472841680049896 -80.29881286621094 
-0.0669052004814148 0.9070364236831665 0.4157025218009949 -1254.7156982421875 
0.0 0.0 0.0 1.0

DataSet_10
0.3441731035709381 0.41146036982536316 -0.8439462184906006 3.510965347290039 
-0.9355959892272949 0.07488466799259186 -0.3450396656990051 -87.52328491210938 
-0.07877153158187866 0.9083461165428162 0.4107339680194855 -1255.2950439453125 
0.0 0.0 0.0 1.0

DataSet_11
0.33495137095451355 0.4114847481250763 -0.8476366400718689 2.3750991821289062 
-0.9375892281532288 0.056328266859054565 -0.3431524336338043 -95.55508422851562 
-0.09345605969429016 0.909674346446991 0.4046708643436432 -1255.951171875 
0.0 0.0 0.0 1.0

DataSet_12
0.3265847861766815 0.41001638770103455 -0.8516037464141846 1.1697372198104858 
-0.9391191005706787 0.03899436444044113 -0.34137198328971863 -103.07009887695312 
-0.10676036030054092 0.9112442135810852 0.3977891802787781 -1256.6593017578125 
0.0 0.0 0.0 1.0

DataSet_13
0.3174479603767395 0.40833982825279236 -0.8558536171913147 -0.13509243726730347 
-0.940487802028656 0.02014150284230709 -0.33923012018203735 -111.28865051269531 
-0.12128298729658127 0.912607729434967 0.3904324769973755 -1257.6160888671875 
0.0 0.0 0.0 1.0

DataSet_14
0.3098616898059845 0.40723541378974915 -0.8591537475585938 -1.3128061294555664 
-0.9415190815925598 0.0055998265743255615 -0.33691322803497314 -117.88450622558594 
-0.13239187002182007 0.9133061170578003 0.38515505194664 -1258.4395751953125 
0.0 0.0 0.0 1.0

DataSet_15
0.3020874261856079 0.40615299344062805 -0.8624285459518433 -2.605628728866577 
-0.9422340393066406 -0.010110080242156982 -0.3348025977611542 -124.72137451171875 
-0.1447003185749054 0.913749098777771 0.37963706254959106 -1259.385498046875 
0.0 0.0 0.0 1.0

DataSet_16
0.29405131936073303 0.40552228689193726 -0.8654972910881042 -3.834970712661743 
-0.9427250027656555 -0.026154853403568268 -0.3325440287590027 -131.67393493652344 
-0.15749093890190125 0.91371089220047 0.37460511922836304 -1260.4947509765625 
0.0 0.0 0.0 1.0

DataSet_17
0.2849266231060028 0.40329211950302124 -0.8695816397666931 -5.383730411529541 
-0.942741334438324 -0.046174924820661545 -0.33031293749809265 -140.63739013671875 
-0.17336542904376984 0.9139055609703064 0.36704370379447937 -1262.1512451171875 
0.0 0.0 0.0 1.0

DataSet_18
0.2768089175224304 0.4013499915599823 -0.8730950951576233 -6.86061429977417 
-0.9428180456161499 -0.06211701035499573 -0.32746848464012146 -147.6568603515625 
-0.18566353619098663 0.913815975189209 0.36120548844337463 -1263.4840087890625 
0.0 0.0 0.0 1.0

DataSet_19
0.2686575949192047 0.3995060920715332 -0.8764804601669312 -8.42931842803955 
-0.9428272247314453 -0.07725027948617935 -0.32420533895492554 -154.5102081298828 
-0.19723038375377655 0.9134698510169983 0.35591140389442444 -1264.9061279296875 
0.0 0.0 0.0 1.0

DataSet_20
0.2600895166397095 0.3982091546058655 -0.8796493411064148 -10.103116035461426 
-0.9423588514328003 -0.09392613172531128 -0.32115060091018677 -161.7051239013672 
-0.21050716936588287 0.912473201751709 0.3508267402648926 -1266.5054931640625 
0.0 0.0 0.0 1.0

DataSet_21
0.25091519951820374 0.39542895555496216 -0.8835596442222595 -12.031927108764648 
-0.9413042068481445 -0.113246850669384 -0.3179962635040283 -169.65513610839844 
-0.22580529749393463 0.9114884734153748 0.3438035547733307 -1268.3673095703125 
0.0 0.0 0.0 1.0

DataSet_22
0.24219943583011627 0.3933834135532379 -0.8868985176086426 -13.830498695373535 
-0.940150797367096 -0.1306801736354828 -0.3147049844264984 -176.9554901123047 
-0.2396998107433319 0.9100396633148193 0.3381890058517456 -1270.2392578125 
0.0 0.0 0.0 1.0

DataSet_23
0.2336651235818863 0.39079800248146057 -0.8903244137763977 -15.795248985290527 
-0.9386838674545288 -0.14808513224124908 -0.3113573491573334 -184.3289794921875 
-0.2535216212272644 0.908486545085907 0.3322334289550781 -1272.218505859375 
0.0 0.0 0.0 1.0

DataSet_24
0.22620010375976562 0.38804471492767334 -0.8934510350227356 -17.59185218811035 
-0.9371851086616516 -0.1633533239364624 -0.3082202970981598 -190.70977783203125 
-0.26555144786834717 0.9070484638214111 0.3267192244529724 -1274.0404052734375 
0.0 0.0 0.0 1.0

DataSet_25
0.21757905185222626 0.38578763604164124 -0.8965641260147095 -19.55695152282715 
-0.9349035620689392 -0.18149851262569427 -0.3049813210964203 -198.24205017089844 
-0.28038308024406433 0.904558539390564 0.3211839497089386 -1276.400390625 
0.0 0.0 0.0 1.0

DataSet_26
0.20892523229122162 0.3831161558628082 -0.8997623324394226 -21.65247344970703 
-0.9328097701072693 -0.1981794685125351 -0.3009830713272095 -205.42054748535156 
-0.2936258912086487 0.902190089225769 0.3159697949886322 -1278.7108154296875 
0.0 0.0 0.0 1.0

DataSet_27
0.20025455951690674 0.3895341753959656 -0.8989778757095337 -23.15766143798828 
-0.9315028786659241 -0.20867592096328735 -0.29792067408561707 -211.4772186279297 
-0.3036452829837799 0.8970604538917542 0.32106393575668335 -1280.5633544921875 
0.0 0.0 0.0 1.0

DataSet_28
0.19104374945163727 0.39146408438682556 -0.9001433849334717 -25.32886505126953 
-0.929857075214386 -0.22158093750476837 -0.29371359944343567 -218.6890411376953 
-0.31443294882774353 0.8931168913841248 0.3216739892959595 -1282.7830810546875 
0.0 0.0 0.0 1.0

DataSet_29
0.18654225766658783 0.3751855492591858 -0.9079856276512146 -27.531553268432617 
-0.9246663451194763 -0.24522839486598969 -0.2912991940975189 -225.2012176513672 
-0.3319551348686218 0.893923282623291 0.30117595195770264 -1285.8594970703125 
0.0 0.0 0.0 1.0

DataSet_30
0.17714551091194153 0.3697506785392761 -0.9120876789093018 -30.162311553955078 
-0.9207568764686584 -0.2650504410266876 -0.2862779200077057 -232.9348907470703 
-0.34760069847106934 0.8905238509178162 0.2934980094432831 -1289.015380859375 
0.0 0.0 0.0 1.0

DataSet_31
0.16929584741592407 0.3657357692718506 -0.9151919484138489 -32.539493560791016 
-0.9169778227806091 -0.2819017767906189 -0.28228193521499634 -239.7699737548828 
-0.36123478412628174 0.8869998455047607 0.2876468300819397 -1291.8714599609375 
0.0 0.0 0.0 1.0

DataSet_32
0.1612861305475235 0.3618515133857727 -0.9181776642799377 -34.95795822143555 
-0.9128947854042053 -0.2987925708293915 -0.2781115174293518 -246.9412078857422 
-0.374979704618454 0.8830551505088806 0.2821412980556488 -1294.9881591796875 
0.0 0.0 0.0 1.0

DataSet_33
0.15368340909481049 0.3570821285247803 -0.9213433861732483 -37.51227569580078 
-0.9090121388435364 -0.31447097659111023 -0.2735050320625305 -253.4430389404297 
-0.38739949464797974 0.8795455694198608 0.276263028383255 -1297.9239501953125 
0.0 0.0 0.0 1.0

DataSet_34
0.14644601941108704 0.3544106185436249 -0.9235511422157288 -39.7152214050293 
-0.9049317240715027 -0.3291091024875641 -0.26978838443756104 -259.1693115234375 
-0.3995649516582489 0.8752601146697998 0.27252069115638733 -1300.6502685546875 
0.0 0.0 0.0 1.0

DataSet_35
0.13823269307613373 0.3495854139328003 -0.9266508221626282 -42.50421142578125 
-0.9000524878501892 -0.3460816740989685 -0.26482659578323364 -265.99359130859375 
-0.413276344537735 0.8706420660018921 0.26680541038513184 -1303.9669189453125 
0.0 0.0 0.0 1.0

DataSet_36
0.12950797379016876 0.34388822317123413 -0.9300368428230286 -45.534915924072266 
-0.8943089842796326 -0.3646191954612732 -0.2593536078929901 -273.3948974609375 
-0.4282979369163513 0.8653287291526794 0.2603212594985962 -1307.7796630859375 
0.0 0.0 0.0 1.0

DataSet_37
0.12351470440626144 0.3394370973110199 -0.9324840903282166 -47.649932861328125 
-0.8902384042739868 -0.3772594928741455 -0.255246639251709 -278.3934020996094 
-0.438428670167923 0.8616598844528198 0.25558286905288696 -1310.4656982421875 
0.0 0.0 0.0 1.0

DataSet_38
0.11555229127407074 0.33452004194259644 -0.93527752161026 -50.58993148803711 
-0.8845145106315613 -0.3937899172306061 -0.2501271367073059 -284.9985046386719 
-0.45197540521621704 0.8561692833900452 0.25038447976112366 -1314.1375732421875 
0.0 0.0 0.0 1.0

DataSet_39
0.10727191716432571 0.3286239802837372 -0.9383490681648254 -53.84174728393555 
-0.8781198859214783 -0.4112916886806488 -0.24442704021930695 -291.9826965332031 
-0.46625977754592896 0.8502031564712524 0.24445120990276337 -1318.19091796875 
0.0 0.0 0.0 1.0

DataSet_40
0.10134701430797577 0.3257681131362915 -0.9400020837783813 -55.71540832519531 
-0.8738170862197876 -0.4225326478481293 -0.24064454436302185 -296.5263366699219 
-0.47557589411735535 0.8457785248756409 0.24183931946754456 -1320.9847412109375 
0.0 0.0 0.0 1.0

DataSet_41
0.09298908710479736 0.3189619481563568 -0.9431946873664856 -59.221282958984375 
-0.866445779800415 -0.440782755613327 -0.23448282480239868 -303.6772766113281 
-0.49053502082824707 0.8390315175056458 0.2353752702474594 -1325.4178466796875 
0.0 0.0 0.0 1.0

DataSet_42
0.08675375580787659 0.3145332634449005 -0.9452738165855408 -61.73991394042969 
-0.8609135746955872 -0.4537893831729889 -0.23000673949718475 -308.8009948730469 
-0.5012999773025513 0.8337529897689819 0.23141799867153168 -1328.801025390625 
0.0 0.0 0.0 1.0

DataSet_43
0.07826388627290726 0.30759093165397644 -0.9482945203781128 -65.30706787109375 
-0.853060245513916 -0.47158709168434143 -0.22336912155151367 -315.8494567871094 
-0.5159097909927368 0.8264341354370117 0.22548538446426392 -1333.5753173828125 
0.0 0.0 0.0 1.0

DataSet_44
0.07195567339658737 0.30197498202323914 -0.9505963921546936 -68.09703826904297 
-0.8466088771820068 -0.48539429903030396 -0.21827900409698486 -321.3121643066406 
-0.5273289084434509 0.820489764213562 0.2207278460264206 -1337.4774169921875 
0.0 0.0 0.0 1.0

DataSet_45
0.06609217077493668 0.2983029782772064 -0.9521802067756653 -70.54195404052734 
-0.8408505916595459 -0.4971211552619934 -0.2141048163175583 -325.7917175292969 
-0.5372170209884644 0.8147919178009033 0.21797242760658264 -1340.7496337890625 
0.0 0.0 0.0 1.0

DataSet_46
0.05860983580350876 0.2922610938549042 -0.9545409083366394 -73.9555435180664 
-0.8330133557319641 -0.5126226544380188 -0.20810259878635406 -331.8243103027344 
-0.5501396059989929 0.8073422312736511 0.21341268718242645 -1345.2877197265625 
0.0 0.0 0.0 1.0

DataSet_47
0.05164636671543121 0.2863994538784027 -0.9567173719406128 -77.15717315673828 
-0.8255088925361633 -0.526890218257904 -0.20229129493236542 -337.2913513183594 
-0.5620211958885193 0.8002262115478516 0.20921331644058228 -1349.5595703125 
0.0 0.0 0.0 1.0

DataSet_48
0.04363043233752251 0.27940458059310913 -0.9591816663742065 -80.91787719726562 
-0.8164750337600708 -0.5433105230331421 -0.1954026073217392 -343.5717468261719 
-0.5757299065589905 0.7916733622550964 0.2044219970703125 -1354.6925048828125 
0.0 0.0 0.0 1.0

DataSet_49
0.036854587495326996 0.2723599970340729 -0.9614893794059753 -84.48578643798828 
-0.8076555132865906 -0.5584897398948669 -0.1891607642173767 -349.3907775878906 
-0.5885018110275269 0.7835236191749573 0.19939012825489044 -1359.6297607421875 
0.0 0.0 0.0 1.0

DataSet_50
0.03133855760097504 0.26743531227111816 -0.9630661010742188 -87.11408233642578 
-0.8008236289024353 -0.5698382258415222 -0.18429838120937347 -353.6139221191406 
-0.5980797410011292 0.7770217061042786 0.1963106095790863 -1363.3751220703125 
0.0 0.0 0.0 1.0

DataSet_49.5
0.03633826598525047 0.2716684639453888 -0.9617046117782593 -84.8588638305664 
-0.8054770231246948 -0.561649739742279 -0.18909355998039246 -350.6363220214844 
-0.5915119051933289 0.7815023064613342 0.19841331243515015 -1360.7857666015625 
0.0 0.0 0.0 1.0

DataSet_48.5
0.04428049549460411 0.2784128785133362 -0.9594402313232422 -81.33221435546875 
-0.8143140077590942 -0.5462918281555176 -0.19610698521137238 -344.7511901855469 
-0.5787330865859985 0.7899693250656128 0.20252540707588196 -1355.7177734375 
0.0 0.0 0.0 1.0

DataSet_47.5
0.051063090562820435 0.28446128964424133 -0.9573266506195068 -77.9527359008789 
-0.8217417001724243 -0.5328007936477661 -0.20214824378490448 -339.689453125 
-0.5675677061080933 0.7969975471496582 0.20654727518558502 -1351.6014404296875 
0.0 0.0 0.0 1.0

DataSet_46.5
0.058941517025232315 0.29122480750083923 -0.9548371434211731 -74.48551177978516 
-0.8301590085029602 -0.5169098377227783 -0.20890240371227264 -333.6019592285156 
-0.554402232170105 0.804979681968689 0.2112954556941986 -1346.7442626953125 
0.0 0.0 0.0 1.0

DataSet_45.5
0.06614159792661667 0.29589006304740906 -0.9529293775558472 -71.54705047607422 
-0.8372771739959717 -0.5030298233032227 -0.2143079936504364 -328.199462890625 
-0.5427635312080383 0.8120406866073608 0.2144707888364792 -1342.59326171875 
0.0 0.0 0.0 1.0

DataSet_44.5
0.0729312151670456 0.3008160889148712 -0.9508894681930542 -68.70150756835938 
-0.8439892530441284 -0.4893689751625061 -0.21954523026943207 -323.0227355957031 
-0.5313785672187805 0.8185521960258484 0.21819528937339783 -1338.7462158203125 
0.0 0.0 0.0 1.0

DataSet_43.5
0.08145555108785629 0.3074052035808563 -0.9480859637260437 -65.09603881835938 
-0.8519871234893799 -0.4721372127532959 -0.22628381848335266 -316.3154602050781 
-0.5171874761581421 0.8261891007423401 0.22344708442687988 -1333.9923095703125 
0.0 0.0 0.0 1.0

DataSet_42.5
0.08733798563480377 0.31198787689208984 -0.946063220500946 -62.7159309387207 
-0.857328474521637 -0.4600929021835327 -0.23087336122989655 -311.64013671875 
-0.507306694984436 0.8312509655952454 0.2272924929857254 -1330.7745361328125 
0.0 0.0 0.0 1.0

DataSet_41.5
0.09465564042329788 0.318051278591156 -0.9433364868164062 -59.536563873291016 
-0.8633719086647034 -0.445526659488678 -0.2368437647819519 -305.7484436035156 
-0.4956100285053253 0.8368688225746155 0.23242491483688354 -1326.9376220703125 
0.0 0.0 0.0 1.0

DataSet_40.5
0.1025579646229744 0.32340893149375916 -0.9406851530075073 -56.52082443237305 
-0.8698972463607788 -0.4295007288455963 -0.2425033450126648 -299.5964050292969 
-0.48245272040367126 0.8431701064109802 0.2372838258743286 -1323.0167236328125 
0.0 0.0 0.0 1.0

DataSet_39.5
0.10975909233093262 0.3288242220878601 -0.9379912614822388 -53.79629898071289 
-0.8751431107521057 -0.41544896364212036 -0.24804560840129852 -293.8239440917969 
-0.4712509214878082 0.8481018543243408 0.24216894805431366 -1319.51025390625 
0.0 0.0 0.0 1.0

DataSet_38.5
0.11707039922475815 0.33353155851364136 -0.9354417324066162 -51.20473098754883 
-0.8810047507286072 -0.3998813033103943 -0.252835214138031 -287.7338562011719 
-0.4583941698074341 0.8537281155586243 0.24702860414981842 -1315.8336181640625 
0.0 0.0 0.0 1.0

DataSet_37.5
0.12652058899402618 0.3396994471549988 -0.9319853782653809 -47.69343566894531 
-0.8876295685768127 -0.3806634247303009 -0.25924718379974365 -280.0293273925781 
-0.4428388774394989 0.8600579500198364 0.25336551666259766 -1311.5120849609375 
0.0 0.0 0.0 1.0

DataSet_36.5
0.13318289816379547 0.3432858884334564 -0.929740309715271 -45.40372848510742 
-0.8920980095863342 -0.36715784668922424 -0.26335564255714417 -274.7647399902344 
-0.4317677319049835 0.8644940257072449 0.2573455572128296 -1308.6513671875 
0.0 0.0 0.0 1.0

DataSet_35.5
0.14070941507816315 0.34918835759162903 -0.9264277219772339 -42.477779388427734 
-0.8969101309776306 -0.3512715995311737 -0.2686271369457245 -268.3916931152344 
-0.4192292094230652 0.8687207698822021 0.26376333832740784 -1305.43994140625 
0.0 0.0 0.0 1.0

DataSet_34.5
0.14931002259254456 0.3530471622943878 -0.9236147403717041 -40.01491165161133 
-0.902225136756897 -0.33356598019599915 -0.273356169462204 -261.3410949707031 
-0.4045940637588501 0.8741232752799988 0.2687232792377472 -1301.797119140625 
0.0 0.0 0.0 1.0

DataSet_33.5
0.15764781832695007 0.35874053835868835 -0.9200285077095032 -36.9993782043457 
-0.9069727659225464 -0.31589606404304504 -0.27858594059944153 -254.2957000732422 
-0.3905734121799469 0.8783592581748962 0.27556756138801575 -1298.5341796875 
0.0 0.0 0.0 1.0

DataSet_32.5
0.16552765667438507 0.36148619651794434 -0.9175664782524109 -34.84132385253906 
-0.9109451174736023 -0.30043792724609375 -0.2826942205429077 -247.85679626464844 
-0.3778618276119232 0.882646381855011 0.279563307762146 -1295.4810791015625 
0.0 0.0 0.0 1.0

DataSet_31.5
0.1716497242450714 0.36501234769821167 -0.9150422811508179 -32.83070755004883 
-0.9137209057807922 -0.28826186060905457 -0.28639012575149536 -242.7217559814453 
-0.3683077096939087 0.885252058506012 0.28403928875923157 -1293.263427734375 
0.0 0.0 0.0 1.0

DataSet_30.5
0.18069611489772797 0.3677416145801544 -0.9122034311294556 -30.286624908447266 
-0.9177929759025574 -0.27035966515541077 -0.2907949686050415 -235.49986267089844 
-0.3535604476928711 0.8897594213485718 0.28865769505500793 -1290.2464599609375 
0.0 0.0 0.0 1.0

DataSet_29.5
0.18875154852867126 0.37320220470428467 -0.9083462357521057 -27.697509765625 
-0.921184778213501 -0.2532244026660919 -0.2954588830471039 -228.5024871826172 
-0.34028133749961853 0.8925231099128723 0.2959917485713959 -1287.4478759765625 
0.0 0.0 0.0 1.0

DataSet_28.5
0.19577957689762115 0.38076066970825195 -0.9037099480628967 -25.93091583251953 
-0.9254860877990723 -0.23297818005084991 -0.29865801334381104 -221.8258056640625 
-0.324261873960495 0.8948421478271484 0.30677634477615356 -1284.39306640625 
0.0 0.0 0.0 1.0

DataSet_27.5
0.19516609609127045 0.4114387035369873 -0.8902967572212219 -23.76659393310547 
-0.9316979050636292 -0.205764040350914 -0.2993328869342804 -215.2092742919922 
-0.30634817481040955 0.8879072666168213 0.3431784212589264 -1281.0159912109375 
0.0 0.0 0.0 1.0

DataSet_26.5
0.21180574595928192 0.38540056347846985 -0.8981117606163025 -21.50853729248047 
-0.9301559925079346 -0.2025122493505478 -0.30626556277275085 -208.0528564453125 
-0.29991352558135986 0.9002528786659241 0.31558939814567566 -1279.7171630859375 
0.0 0.0 0.0 1.0

DataSet_25.5
0.2217000126838684 0.38502103090286255 -0.8958838582038879 -19.410001754760742 
-0.9322209358215332 -0.18580877780914307 -0.31054654717445374 -200.5714111328125 
-0.2860300838947296 0.9040098190307617 0.3177308738231659 -1277.29296875 
0.0 0.0 0.0 1.0

DataSet_24.5
0.23032858967781067 0.38846495747566223 -0.8922128081321716 -17.324588775634766 
-0.934393048286438 -0.16777192056179047 -0.3142646253108978 -193.0178985595703 
-0.2717689871788025 0.906061589717865 0.3243362307548523 -1274.9591064453125 
0.0 0.0 0.0 1.0

DataSet_23.5
0.2390148639678955 0.39142632484436035 -0.8886266350746155 -15.169416427612305 
-0.9361594319343567 -0.15010781586170197 -0.3179200291633606 -185.56752014160156 
-0.2578320801258087 0.907883882522583 0.33055949211120605 -1272.831787109375 
0.0 0.0 0.0 1.0

DataSet_22.5
0.24603337049484253 0.39372870326042175 -0.8856891989707947 -13.535286903381348 
-0.9373468160629272 -0.135902538895607 -0.32079803943634033 -179.57740783691406 
-0.24667474627494812 0.9091249704360962 0.3356238007545471 -1271.1943359375 
0.0 0.0 0.0 1.0

DataSet_21.5
0.2560732364654541 0.3953539729118347 -0.8821120262145996 -11.722089767456055 
