DataSet: 1
-3.427734375 0 -1.40625 3.955078125 1.25933029595642 2.197265625 -95.537109375
692.949 348.819 25.269 776.204
-0.1055733 -0.03854063 0.9936644 692.9494 -0.0255737 0.9990234 0.03603137 348.8194 -0.9940826 -0.02160773 -0.1064558 25.269 0 0 0 1
DataSet: 2
-3.427734375 -0.966796875 -1.40625 3.955078125 1.25933029595642 2.197265625 -95.537109375
692.717 348.819 32.682 776.273
-0.08878513 -0.03817055 0.9953191 692.7167 -0.0255737 0.9990234 0.03603137 348.8194 -0.9957225 -0.02225495 -0.08967458 32.68163 0 0 0 1
DataSet: 3
-3.427734375 -2.021484375 -1.318359375 3.955078125 1.14484771336488 2.197265625 -95.537109375
692.311 349.224 41.472 776.513
-0.07044081 -0.0378065 0.9967992 692.311 -0.02358552 0.9990653 0.03622572 349.2238 -0.9972371 -0.02095826 -0.07126665 41.47245 0 0 0 1
DataSet: 4
-3.427734375 -2.98828125 -1.0546875 3.955078125 1.25933029595642 2.197265625 -95.537109375
691.859 350.378 48.166 777.016
-0.05360652 -0.03736177 0.9978629 691.8595 -0.0255737 0.9990234 0.03603137 350.3776 -0.9982346 -0.02358754 -0.05450964 48.1659 0 0 0 1
DataSet: 5
-3.427734375 -3.955078125 -1.142578125 3.955078125 1.25933029595642 2.197265625 -95.537109375
691.233 349.988 55.556 776.776
-0.03675568 -0.03695846 0.9986406 691.2333 -0.0255737 0.9990234 0.03603137 349.988 -0.998997 -0.02421458 -0.03766495 55.55592 0 0 0 1
DataSet: 6
-3.427734375 -5.185546875 -0.966796875 3.955078125 1.25933029595642 2.197265625 -95.537109375
690.280 350.767 64.948 777.008
-0.01529467 -0.03642995 0.9992192 690.2796 -0.0255737 0.9990234 0.03603137 350.7672 -0.9995559 -0.02500265 -0.01621138 64.94769 0 0 0 1
DataSet: 7
-3.427734375 -5.9765625 -1.0546875 3.955078125 1.25933029595642 2.197265625 -95.537109375
689.544 350.378 70.971 776.706
-0.001493951 -0.03608131 0.9993477 689.5443 -0.0255737 0.9990234 0.03603137 350.3776 -0.9996718 -0.02550319 -0.002415225 70.97111 0 0 0 1
DataSet: 8
-3.427734375 -6.943359375 -0.966796875 3.955078125 1.25933029595642 2.197265625 -95.537109375
688.548 350.767 78.321 776.704
0.01537371 -0.03564586 0.9992462 688.5477 -0.0255737 0.9990234 0.03603137 350.7672 -0.9995547 -0.02610836 0.0144471 78.32101 0 0 0 1
DataSet: 9
-3.427734375 -7.91015625 -0.966796875 3.955078125 1.25933029595642 2.197265625 -95.537109375
687.420 350.767 85.652 776.480
0.032237 -0.03520026 0.9988602 687.4205 -0.0255737 0.9990234 0.03603137 350.7672 -0.999153 -0.0267061 0.03130532 85.6518 0 0 0 1
DataSet: 10
-3.427734375 -9.052734375 -0.966796875 3.955078125 1.25933029595642 2.197265625 -95.537109375
685.929 350.767 94.289 776.162
0.05215413 -0.03466073 0.9980373 685.9291 -0.0255737 0.9990234 0.03603137 350.7672 -0.9983115 -0.0274027 0.05121679 94.28944 0 0 0 1
DataSet: 11
-3.427734375 -9.931640625 -1.0546875 3.955078125 1.25933029595642 2.197265625 -95.537109375
684.658 350.378 100.911 775.696
0.0674613 -0.03423631 0.9971343 684.6582 -0.0255737 0.9990234 0.03603137 350.3776 -0.9973941 -0.02793114 0.06651987 100.911 0 0 0 1
DataSet: 12
-3.427734375 -11.162109375 -1.0546875 3.955078125 1.25933029595642 2.197265625 -95.537109375
682.718 350.378 110.149 775.243
0.08886386 -0.03362862 0.9954759 682.7179 -0.0255737 0.9990234 0.03603137 350.3776 -0.9957154 -0.02865989 0.08791707 110.1489 0 0 0 1
DataSet: 13
-3.427734375 -11.953125 -0.966796875 3.955078125 1.25933029595642 2.197265625 -95.537109375
681.373 350.767 116.067 775.099
0.1026016 -0.03322976 0.9941673 681.3726 -0.0255737 0.9990234 0.03603137 350.7672 -0.9943937 -0.02912142 0.1016516 116.0666 0 0 0 1
DataSet: 14
-3.427734375 -13.0078125 -1.0546875 3.955078125 1.25933029595642 2.197265625 -95.537109375
679.437 350.378 123.922 774.439
0.1208878 -0.0326881 0.9921278 679.4367 -0.0255737 0.9990234 0.03603137 350.3776 -0.9923367 -0.02972814 0.1199338 123.9225 0 0 0 1
DataSet: 15
-3.427734375 -13.974609375 -1.0546875 3.955078125 1.25933029595642 2.197265625 -95.537109375
677.541 350.378 131.093 773.959
0.1376143 -0.03218184 0.9899629 677.5414 -0.0255737 0.9990234 0.03603137 350.3776 -0.9901557 -0.03027545 0.1366569 131.093 0 0 0 1
DataSet: 16
-3.427734375 -15.029296875 -1.0546875 3.955078125 1.25933029595642 2.197265625 -95.537109375
675.336 350.378 138.878 773.389
0.1558165 -0.03161912 0.9872798 675.3361 -0.0255737 0.9990234 0.03603137 350.3776 -0.9874549 -0.03086268 0.1548557 138.8778 0 0 0 1
DataSet: 17
-3.427734375 -15.99609375 -0.966796875 3.955078125 1.25933029595642 2.197265625 -95.537109375
673.195 350.767 145.979 773.007
0.1724556 -0.03109387 0.9845264 673.1955 -0.0255737 0.9990234 0.03603137 350.7672 -0.9846852 -0.0313918 0.171492 145.9793 0 0 0 1
DataSet: 18
-3.427734375 -17.2265625 -0.966796875 3.955078125 1.25933029595642 2.197265625 -95.537109375
670.290 350.767 154.961 772.230
0.1935611 -0.03041259 0.9806167 670.29 -0.0255737 0.9990234 0.03603137 350.7672 -0.9807549 -0.03205227 0.1925943 154.9608 0 0 0 1
DataSet: 19
-3.427734375 -17.9296875 -1.0546875 3.955078125 1.25933029595642 2.197265625 -95.537109375
668.537 350.378 160.062 771.574
0.2055819 -0.03001697 0.9781795 668.537 -0.0255737 0.9990234 0.03603137 350.3776 -0.9783057 -0.03242307 0.2046134 160.0618 0 0 0 1
DataSet: 20
-3.33984375 -18.984375 -1.0546875 3.955078125 1.25933029595642 2.197265625 -95.537109375
666.056 350.378 166.654 770.824
0.2220595 -0.02946562 0.9745878 666.0565 -0.0255737 0.9990234 0.03603137 350.3776 -0.9746976 -0.03292493 0.2210891 166.6544 0 0 0 1
DataSet: 21
-3.33984375 -19.951171875 -1.0546875 3.955078125 1.25933029595642 2.197265625 -95.537109375
663.435 350.378 173.593 770.094
0.238474 -0.02890589 0.9707186 663.4355 -0.0255737 0.9990234 0.03603137 350.3776 -0.9708121 -0.03341741 0.2375018 173.5927 0 0 0 1
DataSet: 22
-3.33984375 -21.09375 -1.0546875 3.955078125 1.25933029595642 2.197265625 -95.537109375
660.188 350.378 181.734 769.181
0.257785 -0.02823378 0.9657897 660.1876 -0.0255737 0.9990234 0.03603137 350.3776 -0.9658638 -0.03398716 0.2568112 181.734 0 0 0 1
DataSet: 23
-3.33984375 -22.060546875 -1.0546875 3.955078125 1.25933029595642 2.197265625 -95.537109375
657.313 350.378 188.571 768.364
0.2740453 -0.0276563 0.961319 657.3129 -0.0255737 0.9990234 0.03603137 350.3776 -0.9613767 -0.03445872 0.2730704 188.5712 0 0 0 1
DataSet: 24
-3.33984375 -22.939453125 -1.0546875 3.955078125 1.14484771336488 2.197265625 -95.537109375
654.330 350.392 195.400 767.531
0.2887785 -0.02788272 0.9569898 654.3304 -0.02358552 0.9990653 0.03622572 350.3925 -0.9571054 -0.03303231 0.2878509 195.4001 0 0 0 1
DataSet: 25
-3.33984375 -23.994140625 -1.0546875 3.955078125 1.25933029595642 2.197265625 -95.537109375
651.220 350.378 202.095 766.612
0.3063272 -0.02647787 0.9515579 651.2197 -0.0255737 0.9990234 0.03603137 350.3776 -0.9515827 -0.03537225 0.3053509 202.095 0 0 0 1
DataSet: 26
-3.33984375 -25.048828125 -1.0546875 3.955078125 1.14484771336488 2.197265625 -95.537109375
647.411 350.392 210.029 765.525
0.3238112 -0.026648 0.9457464 647.4114 -0.02358552 0.9990653 0.03622572 350.3925 -0.9458277 -0.03403622 0.32288 210.0286 0 0 0 1
DataSet: 27
-3.33984375 -26.015625 -1.0546875 3.955078125 1.14484771336488 2.197265625 -95.537109375
644.061 350.392 216.646 764.542
0.339724 -0.02606991 0.9401638 644.0612 -0.02358552 0.9990653 0.03622572 350.3925 -0.9402294 -0.034481 0.3387916 216.6462 0 0 0 1
DataSet: 28
-3.33984375 -27.0703125 -1.0546875 3.955078125 1.25933029595642 2.197265625 -95.537109375
640.596 350.378 223.165 763.498
0.3569511 -0.02454152 0.9338006 640.5957 -0.0255737 0.9990234 0.03603137 350.3776 -0.9337729 -0.03674218 0.3559749 223.1645 0 0 0 1
DataSet: 29
-3.33984375 -27.94921875 -1.0546875 3.955078125 1.25933029595642 2.197265625 -95.537109375
637.354 350.378 229.077 762.536
0.3712325 -0.02397504 0.9282304 637.3539 -0.0255737 0.9990234 0.03603137 350.3776 -0.9281877 -0.0371143 0.3702568 229.0767 0 0 0 1
DataSet: 30
-3.33984375 -29.00390625 -1.0546875 3.955078125 1.25933029595642 2.197265625 -95.537109375
633.345 350.378 236.105 761.338
0.3882545 -0.02328782 0.9212579 633.3448 -0.0255737 0.9990234 0.03603137 350.3776 -0.9211973 -0.03754932 0.3872797 236.1046 0 0 0 1
DataSet: 31
-3.33984375 -30.05859375 -1.0546875 3.955078125 1.14484771336488 2.197265625 -95.537109375
628.858 350.392 243.675 760.010
0.4051691 -0.02357397 0.9139378 628.8582 -0.02358552 0.9990653 0.03622572 350.3925 -0.9139375 -0.03623324 0.4042343 243.6754 0 0 0 1
DataSet: 32
-3.33984375 -31.025390625 -1.0546875 3.955078125 1.25933029595642 2.197265625 -95.537109375
625.302 350.378 249.363 758.913
0.4205074 -0.02194881 0.9070236 625.302 -0.0255737 0.9990234 0.03603137 350.3776 -0.9069286 -0.03834741 0.4195354 249.3632 0 0 0 1
DataSet: 33
-3.33984375 -31.9921875 -1.0546875 3.955078125 1.25933029595642 2.197265625 -95.537109375
621.291 350.378 255.602 757.694
0.4357501 -0.02129865 0.8998157 621.2913 -0.0255737 0.9990234 0.03603137 350.3776 -0.8997043 -0.03871229 0.4347799 255.6021 0 0 0 1
DataSet: 34
-3.33984375 -33.134765625 -1.0546875 3.955078125 1.25933029595642 2.197265625 -95.537109375
616.416 350.378 262.887 756.203
0.453604 -0.02052247 0.8909671 616.4164 -0.0255737 0.9990234 0.03603137 350.3776 -0.8908364 -0.0391293 0.4526361 262.8867 0 0 0 1
DataSet: 35
-3.33984375 -34.1015625 -1.0546875 3.955078125 1.25933029595642 2.197265625 -95.537109375
612.179 350.378 268.974 754.900
0.4685705 -0.01985932 0.8832029 612.1787 -0.0255737 0.9990234 0.03603137 350.3776 -0.8830559 -0.03947 0.467605 268.9737 0 0 0 1
DataSet: 1
-3.251953125 -36.9140625 -0.791015625 3.955078125 1.25933029595642 2.197265625 -95.537109375
599.728 351.546 285.356 751.456
0.5100173 -0.01796065 0.8599766 599.7277 -0.0255737 0.9990234 0.03603137 351.5464 -0.8597839 -0.04036941 0.5090598 285.3563 0 0 0 1
DataSet: 2
-3.251953125 -36.9140625 -1.0546875 3.955078125 1.25933029595642 2.197265625 -95.537109375
599.713 350.378 285.344 750.894
0.5100173 -0.01796065 0.8599766 599.7134 -0.0255737 0.9990234 0.03603137 350.3776 -0.8597839 -0.04036941 0.5090598 285.3441 0 0 0 1
DataSet: 3
-3.251953125 -38.14453125 -1.0546875 3.955078125 1.25933029595642 2.197265625 -95.537109375
593.815 350.378 292.714 749.041
0.5283627 -0.01708961 0.8488467 593.8154 -0.0255737 0.9990234 0.03603137 350.3776 -0.8486335 -0.04074579 0.5274097 292.7143 0 0 0 1
DataSet: 4
-3.251953125 -39.0234375 -1.0546875 3.955078125 1.25933029595642 2.197265625 -95.537109375
589.506 350.378 297.900 747.681
0.5413179 -0.01646259 0.8406568 589.5064 -0.0255737 0.9990234 0.03603137 350.3776 -0.840429 -0.04100313 0.5403683 297.9003 0 0 0 1
DataSet: 5
-3.251953125 -39.990234375 -1.0546875 3.955078125 1.25933029595642 2.197265625 -95.537109375
584.675 350.378 303.528 746.149
0.5554214 -0.0157684 0.8314195 584.6752 -0.0255737 0.9990234 0.03603137 350.3776 -0.8311757 -0.04127507 0.5544757 303.5279 0 0 0 1
DataSet: 6
-3.251953125 -40.95703125 -1.0546875 3.955078125 1.25933029595642 2.197265625 -95.537109375
579.750 350.378 309.073 744.581
0.5693668 -0.01506972 0.8219455 579.7498 -0.0255737 0.9990234 0.03603137 350.3776 -0.8216857 -0.04153525 0.5684253 309.0731 0 0 0 1
DataSet: 7
-3.251953125 -41.923828125 -1.0546875 3.955078125 1.25933029595642 2.197265625 -95.537109375
574.732 350.378 314.534 742.976
0.58315 -0.01436675 0.8122374 574.7315 -0.0255737 0.9990234 0.03603137 350.3776 -0.8119619 -0.04178361 0.582213 314.5344 0 0 0 1
DataSet: 8
-3.251953125 -42.978515625 -1.0546875 3.955078125 1.25933029595642 2.197265625 -95.537109375
569.153 350.378 320.395 741.183
0.5979968 -0.01359522 0.8013832 569.1528 -0.0255737 0.9990234 0.03603137 350.3776 -0.8010904 -0.04204098 0.5970651 320.3947 0 0 0 1
DataSet: 9
-3.251953125 -43.9453125 -1.0546875 3.955078125 1.25933029595642 2.197265625 -95.537109375
563.945 350.378 325.676 739.502
0.6114284 -0.01288393 0.7911949 563.9449 -0.0255737 0.9990234 0.03603137 350.3776 -0.7908864 -0.04226439 0.6105018 325.6756 0 0 0 1
DataSet: 10
-3.251953125 -45.17578125 -1.0546875 3.955078125 1.25933029595642 2.197265625 -95.537109375
557.189 350.378 332.268 737.310
0.628271 -0.01197337 0.7779024 557.1892 -0.0255737 0.9990234 0.03603137 350.3776 -0.7775741 -0.04253131 0.6273512 332.2684 0 0 0 1
DataSet: 11
-3.251953125 -45.966796875 -1.0546875 3.955078125 1.14484771336488 2.197265625 -95.537109375
552.268 350.392 336.929 735.728
0.6389807 -0.01280306 0.7691162 552.2681 -0.02358552 0.9990653 0.03622572 350.3925 -0.7688611 -0.04128755 0.6380815 336.9288 0 0 0 1
DataSet: 12
-3.251953125 -46.93359375 -1.0546875 3.955078125 1.25933029595642 2.197265625 -95.537109375
547.296 350.378 341.432 734.080
0.6518273 -0.01066309 0.7582925 547.2961 -0.0255737 0.9990234 0.03603137 350.3776 -0.7579361 -0.04287858 0.650918 341.4317 0 0 0 1
DataSet: 13
-3.251953125 -48.1640625 -1.0546875 3.955078125 1.25933029595642 2.197265625 -95.537109375
540.206 350.378 347.663 731.749
0.667953 -0.009739854 0.7441398 540.2058 -0.0255737 0.9990234 0.03603137 350.3776 -0.743764 -0.04309767 0.6670516 347.6633 0 0 0 1
DataSet: 14
-3.251953125 -49.04296875 -1.0546875 3.955078125 1.25933029595642 2.197265625 -95.537109375
535.060 350.378 352.021 730.050
0.6792831 -0.009077624 0.7338202 535.0602 -0.0255737 0.9990234 0.03603137 350.3776 -0.7334306 -0.043242 0.6783876 352.0205 0 0 0 1
DataSet: 15
-3.251953125 -50.185546875 -1.0546875 3.955078125 1.25933029595642 2.197265625 -95.537109375
528.272 350.378 357.566 727.798
0.693773 -0.008213556 0.720147 528.2722 -0.0255737 0.9990234 0.03603137 350.3776 -0.7197396 -0.04341441 0.6928853 357.566 0 0 0 1
DataSet: 16
-3.251953125 -49.482421875 -1.0546875 3.955078125 1.25933029595642 2.197265625 -95.537109375
532.463 350.378 354.169 729.189
0.6848884 -0.008745699 0.7285955 532.4625 -0.0255737 0.9990234 0.03603137 350.3776 -0.7281991 -0.04331035 0.6839959 354.1694 0 0 0 1
DataSet: 17
-3.251953125 -48.515625 -1.0546875 3.955078125 1.14484771336488 2.197265625 -95.537109375
537.630 350.392 349.892 730.921
0.6725404 -0.01095431 0.7399793 537.6299 -0.02358552 0.9990653 0.03622572 350.3925 -0.7396845 -0.04181606 0.6716534 349.8921 0 0 0 1
DataSet: 18
-3.251953125 -47.63671875 -1.0546875 3.955078125 1.25933029595642 2.197265625 -95.537109375
543.261 350.378 345.011 732.755
0.6610792 -0.0101361 0.7502477 543.2609 -0.0255737 0.9990234 0.03603137 350.3776 -0.7498801 -0.0430062 0.6601744 345.0112 0 0 0 1
DataSet: 19
-3.251953125 -46.40625 -1.0546875 3.955078125 1.25933029595642 2.197265625 -95.537109375
550.293 350.378 338.715 735.061
0.6448238 -0.01105728 0.7642513 550.2935 -0.0255737 0.9990234 0.03603137 350.3776 -0.7639033 -0.04277862 0.6439113 338.7146 0 0 0 1
DataSet: 20
-3.251953125 -45.615234375 -1.0546875 3.955078125 1.25931342353891 2.109375 -95.537109375
555.128 350.398 334.972 736.989
0.6342148 -0.01056054 0.7730848 555.1284 -0.02542554 0.999081 0.03450602 350.3981 -0.7727388 -0.04154032 0.6333634 334.972 0 0 0 1
DataSet: 21
-3.251953125 -44.560546875 -1.0546875 3.955078125 1.25933029595642 2.197265625 -95.537109375
560.585 350.378 328.990 738.413
0.6198854 -0.01242936 0.7845939 560.5848 -0.0255737 0.9990234 0.03603137 350.3776 -0.7842755 -0.04240029 0.6189622 328.9902 0 0 0 1
DataSet: 22
-3.251953125 -43.681640625 -1.0546875 3.955078125 1.25933029595642 2.197265625 -95.537109375
565.374 350.378 324.244 739.964
0.6077824 -0.01307829 0.793996 565.3741 -0.0255737 0.9990234 0.03603137 350.3776 -0.7936918 -0.04220465 0.6068543 324.2441 0 0 0 1
DataSet: 23
-3.251953125 -42.451171875 -1.0546875 3.955078125 1.25933029595642 2.197265625 -95.537109375
571.956 350.378 317.477 742.085
0.5905984 -0.01398158 0.8068445 571.9556 -0.0255737 0.9990234 0.03603137 350.3776 -0.8065603 -0.04191407 0.589664 317.4774 0 0 0 1
DataSet: 24
-3.251953125 -41.396484375 -1.0546875 3.955078125 1.25933029595642 2.197265625 -95.537109375
577.480 350.378 311.566 743.856
0.5756522 -0.01475071 0.8175616 577.4802 -0.0255737 0.9990234 0.03603137 350.3776 -0.8172947 -0.04164961 0.5747128 311.566 0 0 0 1
DataSet: 25
-3.251953125 -40.4296875 -1.0546875 3.955078125 1.25933029595642 2.197265625 -95.537109375
582.448 350.378 306.059 745.441
0.56178 -0.01545136 0.8271424 582.448 -0.0255737 0.9990234 0.03603137 350.3776 -0.8268912 -0.0413948 0.5608363 306.0587 0 0 0 1
DataSet: 26
-3.251953125 -39.462890625 -1.0546875 3.955078125 1.25933029595642 2.197265625 -95.537109375
587.322 350.378 300.468 746.989
0.547748 -0.01614762 0.8364876 587.3222 -0.0255737 0.9990234 0.03603137 350.3776 -0.8362525 -0.04112819 0.5468001 300.4684 0 0 0 1
DataSet: 27
-3.251953125 -38.3203125 -1.0546875 3.955078125 1.25933029595642 2.197265625 -95.537109375
592.960 350.378 293.757 748.772
0.5309638 -0.01696452 0.8472247 592.96 -0.0255737 0.9990234 0.03603137 350.3776 -0.8470085 -0.04079802 0.5300114 293.7568 0 0 0 1
DataSet: 28
-3.251953125 -37.44140625 -1.0546875 3.955078125 1.25933029595642 2.197265625 -95.537109375
597.205 350.378 288.518 750.107
0.5179089 -0.01758833 0.8552549 597.2051 -0.0255737 0.9990234 0.03603137 350.3776 -0.8550534 -0.040533 0.5169533 288.5183 0 0 0 1
DataSet: 29
-3.251953125 -36.474609375 -1.0546875 3.955078125 1.25933029595642 2.197265625 -95.537109375
601.781 350.378 282.681 751.541
0.5034078 -0.01826974 0.8638557 601.7812 -0.0255737 0.9990234 0.03603137 350.3776 -0.8636703 -0.04023046 0.502449 282.6815 0 0 0 1
DataSet: 30
-3.251953125 -35.5078125 -1.0546875 3.955078125 1.14484771336488 2.197265625 -95.537109375
605.853 350.392 277.351 752.832
0.4887915 -0.02008534 0.8721694 605.8533 -0.02358552 0.9990653 0.03622572 350.3925 -0.8720818 -0.0382774 0.4878609 277.3508 0 0 0 1
DataSet: 31
-3.251953125 -34.453125 -1.0546875 3.955078125 1.25933029595642 2.197265625 -95.537109375
611.028 350.378 270.232 754.417
0.4726292 -0.01967747 0.8810416 611.0276 -0.0255737 0.9990234 0.03603137 350.3776 -0.8808902 -0.03956098 0.4716645 270.2324 0 0 0 1
DataSet: 1
-3.33984375 -5.44921875 -1.0546875 3.955078125 1.25933029595642 2.197265625 -95.537109375
690.141 350.378 65.897 776.789
-0.012228 -0.03635307 0.9992642 690.1411 -0.0255737 0.9990234 0.03603137 350.3776 -0.9995981 -0.0251143 -0.01314574 65.89734 0 0 0 1
DataSet: 2
-3.33984375 -4.5703125 -1.0546875 3.955078125 1.25933029595642 2.197265625 -95.537109375
690.874 350.378 59.195 776.901
-0.0275596 -0.03673403 0.998945 690.8735 -0.0255737 0.9990234 0.03603137 350.3776 -0.999293 -0.02455371 -0.02847211 59.19465 0 0 0 1
DataSet: 3
-3.33984375 -3.515625 -1.0546875 3.955078125 1.25931342353891 2.109375 -95.537109375
692.161 350.398 51.165 777.485
-0.04595404 -0.03564878 0.9983073 692.1608 -0.02542554 0.999081 0.03450602 350.3981 -0.9986199 -0.02379681 -0.0468182 51.165 0 0 0 1
DataSet: 4
-3.33984375 -2.63671875 -1.0546875 3.955078125 1.14484771336488 2.197265625 -95.537109375
692.098 350.392 45.123 777.052
-0.0612595 -0.037612 0.997413 692.0975 -0.02358552 0.9990653 0.03622572 350.3925 -0.9978431 -0.02130534 -0.06208934 45.12319 0 0 0 1
DataSet: 5
-3.33984375 -1.58203125 -1.0546875 3.955078125 1.25933029595642 2.197265625 -95.537109375
692.593 350.378 36.337 777.027
-0.07961698 -0.03796411 0.9961023 692.5934 -0.0255737 0.9990234 0.03603137 350.3776 -0.9964975 -0.02260532 -0.0805101 36.33683 0 0 0 1
DataSet: 6
-3.33984375 -0.615234375 -1.0546875 3.955078125 1.25933029595642 2.197265625 -95.537109375
692.894 350.378 28.926 776.984
-0.09641954 -0.03834012 0.9946021 692.8943 -0.0255737 0.9990234 0.03603137 350.3776 -0.9950122 -0.02196153 -0.09730586 28.9261 0 0 0 1
DataSet: 7
-3.33984375 0.966796875 -1.0546875 3.955078125 1.25933029595642 2.197265625 -95.537109375
693.117 350.378 16.792 776.825
-0.1238532 -0.03893182 0.9915366 693.1169 -0.0255737 0.9990234 0.03603137 350.3776 -0.991971 -0.02089466 -0.1247279 16.79174 0 0 0 1
DataSet: 8
-3.33984375 1.93359375 -1.0546875 3.955078125 1.25933029595642 2.197265625 -95.537109375
693.088 350.378 9.375 776.674
-0.1405731 -0.03927884 0.9892908 693.088 -0.0255737 0.9990234 0.03603137 350.3776 -0.98974 -0.02023479 -0.1414403 9.374966 0 0 0 1
DataSet: 9
-3.33984375 2.98828125 -1.0546875 3.955078125 1.25933029595642 2.197265625 -95.537109375
692.914 350.378 1.286 776.464
-0.1587672 -0.03964464 0.9865198 692.9138 -0.0255737 0.9990234 0.03603137 350.3776 -0.9869848 -0.01950837 -0.159626 1.285768 0 0 0 1
DataSet: 10
-3.33984375 3.955078125 -1.0546875 3.955078125 1.25933029595642 2.197265625 -95.537109375
692.623 350.378 -6.125 776.227
-0.1753979 -0.03996816 0.983686 692.6232 -0.0255737 0.9990234 0.03603137 350.3776 -0.9841654 -0.01883667 -0.1762488 -6.125374 0 0 0 1
DataSet: 11
-3.33984375 5.09765625 -1.0546875 3.955078125 1.25931342353891 2.109375 -95.537109375
692.661 350.398 -14.931 776.390
-0.1949936 -0.03881064 0.9800363 692.6608 -0.02542554 0.999081 0.03450602 350.3981 -0.9804749 -0.0181895 -0.1958012 -14.93073 0 0 0 1
DataSet: 12
-3.33984375 5.9765625 -1.0546875 3.955078125 1.25933029595642 2.197265625 -95.537109375
691.612 350.378 -21.600 775.602
-0.2100045 -0.04060774 0.9768568 691.6119 -0.0255737 0.9990234 0.03603137 350.3776 -0.9773659 -0.0174151 -0.2108379 -21.59967 0 0 0 1
DataSet: 13
-3.33984375 7.03125 -1.0546875 3.955078125 1.25933029595642 2.197265625 -95.537109375
690.868 350.378 -29.656 775.205
-0.227959 -0.04092141 0.9728104 690.8678 -0.0255737 0.9990234 0.03603137 350.3776 -0.9733348 -0.01666469 -0.2287829 -29.65645 0 0 0 1
DataSet: 14
-3.33984375 8.26171875 -1.0546875 3.955078125 1.25933029595642 2.197265625 -95.537109375
689.812 350.378 -39.037 774.680
-0.2488079 -0.04126984 0.9676732 689.8123 -0.0255737 0.9990234 0.03603137 350.3776 -0.9682152 -0.0157821 -0.2496203 -39.0368 0 0 0 1
DataSet: 15
-3.33984375 9.052734375 -1.0546875 3.955078125 1.25931342353891 2.109375 -95.537109375
689.565 350.398 -45.146 774.801
-0.2621568 -0.03997282 0.964197 689.5645 -0.02542554 0.999081 0.03450602 350.3981 -0.9646903 -0.01546924 -0.2629322 -45.14602 0 0 0 1
DataSet: 16
-3.33984375 10.01953125 -1.0546875 3.955078125 1.14484771336488 2.197265625 -95.537109375
688.087 350.392 -51.696 773.893
-0.2783997 -0.04136613 0.9595741 688.0866 -0.02358552 0.9990653 0.03622572 350.3925 -0.9601757 -0.01254683 -0.2791151 -51.6959 0 0 0 1
DataSet: 17
-3.33984375 11.07421875 -1.0546875 3.955078125 1.25933029595642 2.197265625 -95.537109375
686.645 350.378 -60.377 773.235
-0.2960163 -0.04199451 0.9542593 686.6453 -0.0255737 0.9990234 0.03603137 350.3776 -0.9548405 -0.01373807 -0.2968011 -60.37742 0 0 0 1
DataSet: 18
-3.33984375 12.041015625 -1.0546875 3.955078125 1.25933029595642 2.197265625 -95.537109375
685.315 350.378 -67.674 772.659
-0.3120852 -0.04222034 0.9491155 685.3152 -0.0255737 0.9990234 0.03603137 350.3776 -0.9497099 -0.01302755 -0.3128601 -67.67401 0 0 0 1
DataSet: 19
-3.33984375 13.18359375 -1.0546875 3.955078125 1.25933029595642 2.197265625 -95.537109375
683.585 350.378 -76.267 771.926
-0.3309607 -0.04247172 0.9426883 683.5849 -0.0255737 0.9990234 0.03603137 350.3776 -0.9432979 -0.01218306 -0.3317237 -76.26683 0 0 0 1
DataSet: 20
-3.33984375 14.0625 -1.0546875 3.955078125 1.25933029595642 2.197265625 -95.537109375
682.137 350.378 -82.852 771.324
-0.3453912 -0.0426536 0.937489 682.1375 -0.0255737 0.9990234 0.03603137 350.3776 -0.9381103 -0.01153015 -0.3461447 -82.85223 0 0 0 1
DataSet: 21
-3.33984375 14.94140625 -1.0546875 3.955078125 1.25931342353891 2.109375 -95.537109375
681.114 350.398 -89.561 771.178
-0.3597467 -0.04134896 0.9321334 681.1139 -0.02542554 0.999081 0.03450602 350.3981 -0.9327035 -0.01128656 -0.3604674 -89.56108 0 0 0 1
DataSet: 22
-3.33984375 15.8203125 -1.0546875 3.955078125 1.25933029595642 2.197265625 -95.537109375
678.940 350.378 -95.953 770.020
-0.374005 -0.04298721 0.9264299 678.9404 -0.0255737 0.9990234 0.03603137 350.3776 -0.927074 -0.01021633 -0.3747391 -95.95254 0 0 0 1
DataSet: 23
-3.33984375 17.05078125 -1.0546875 3.955078125 1.25933029595642 2.197265625 -95.537109375
676.464 350.378 -105.061 769.029
-0.3938269 -0.04319669 0.9181691 676.464 -0.0255737 0.9990234 0.03603137 350.3776 -0.9188288 -0.009290864 -0.394547 -105.0615 0 0 0 1
DataSet: 24
-3.33984375 18.017578125 -1.0546875 3.955078125 1.25931342353891 2.109375 -95.537109375
674.898 350.398 -112.354 768.693
-0.4092805 -0.04189506 0.9114463 674.8976 -0.02542554 0.999081 0.03450602 350.3981 -0.9120543 -0.00905137 -0.4099696 -112.3543 0 0 0 1
DataSet: 25
-3.33984375 18.984375 -1.0546875 3.955078125 1.25933029595642 2.197265625 -95.537109375
672.179 350.378 -119.262 767.341
-0.424605 -0.04348557 0.9043338 672.179 -0.0255737 0.9990234 0.03603137 350.3776 -0.9050174 -0.007828067 -0.4253024 -119.2622 0 0 0 1
DataSet: 26
-3.33984375 19.951171875 -1.0546875 3.955078125 1.25933029595642 2.197265625 -95.537109375
669.857 350.378 -126.306 766.438
-0.4398149 -0.04361147 0.8970289 669.8575 -0.0255737 0.9990234 0.03603137 350.3776 -0.8977243 -0.007093221 -0.4405006 -126.3063 0 0 0 1
DataSet: 27
-3.33984375 21.005859375 -1.0546875 3.955078125 1.25933029595642 2.197265625 -95.537109375
667.190 350.378 -133.945 765.407
-0.4562645 -0.04373464 0.8887688 667.1896 -0.0255737 0.9990234 0.03603137 350.3776 -0.8894766 -0.006289274 -0.4569374 -133.9449 0 0 0 1
DataSet: 28
-3.33984375 22.060546875 -1.0546875 3.955078125 1.25931342353891 2.109375 -95.537109375
664.884 350.398 -141.743 764.814
-0.472566 -0.04242897 0.8802733 664.8843 -0.02542554 0.999081 0.03450602 350.3981 -0.8809285 -0.006075051 -0.4732105 -141.7435 0 0 0 1
DataSet: 29
-3.33984375 23.02734375 -1.142578125 3.955078125 1.25933029595642 2.197265625 -95.537109375
661.678 349.988 -148.440 763.115
-0.4873562 -0.04392927 0.8720976 661.6785 -0.0255737 0.9990234 0.03603137 349.988 -0.8728287 -0.004742655 -0.4880037 -148.44 0 0 0 1
DataSet: 30
-3.33984375 23.90625 -1.0546875 3.955078125 1.25933029595642 2.197265625 -95.537109375
659.133 350.378 -154.684 762.331
-0.5006874 -0.04399685 0.8645093 659.1335 -0.0255737 0.9990234 0.03603137 350.3776 -0.8652503 -0.004068256 -0.5013235 -154.6835 0 0 0 1
DataSet: 31
-3.33984375 24.9609375 -1.0546875 3.955078125 1.25933029595642 2.197265625 -95.537109375
655.945 350.378 -162.120 761.125
-0.516529 -0.04406428 0.8551352 655.9452 -0.0255737 0.9990234 0.03603137 350.3776 -0.8558877 -0.003257729 -0.5171514 -162.1199 0 0 0 1
DataSet: 32
-3.33984375 26.015625 -1.0546875 3.955078125 1.25933029595642 2.197265625 -95.537109375
652.621 350.378 -169.496 759.873
-0.5321956 -0.04411678 0.8454712 652.6205 -0.0255737 0.9990234 0.03603137 350.3776 -0.8462351 -0.002446098 -0.532804 -169.4964 0 0 0 1
DataSet: 33
-3.33984375 26.982421875 -1.0546875 3.955078125 1.25933029595642 2.197265625 -95.537109375
649.454 350.378 -176.203 758.685
-0.5463983 -0.04415178 0.8363609 649.4542 -0.0255737 0.9990234 0.03603137 350.3776 -0.8371349 -0.001701367 -0.5469938 -176.2034 0 0 0 1
DataSet: 34
-3.33984375 27.94921875 -1.0546875 3.955078125 1.25933029595642 2.197265625 -95.537109375
646.175 350.378 -182.856 757.458
-0.5604455 -0.04417419 0.8270124 646.175 -0.0255737 0.9990234 0.03603137 350.3776 -0.8277964 -0.0009561528 -0.5610278 -182.8559 0 0 0 1
DataSet: 35
-3.33984375 28.916015625 -1.0546875 3.955078125 1.14484771336488 2.197265625 -95.537109375
643.134 350.392 -188.835 756.343
-0.5743573 -0.04320012 0.817464 643.1338 -0.02358552 0.9990653 0.03622572 350.3925 -0.8182649 0.001526192 -0.5748394 -188.835 0 0 0 1
DataSet: 36
-3.33984375 29.970703125 -1.0546875 3.955078125 1.25933029595642 2.197265625 -95.537109375
638.959 350.378 -196.582 754.770
-0.5892966 -0.04418043 0.8067079 638.9586 -0.0255737 0.9990234 0.03603137 350.3776 -0.8075119 0.0006026534 -0.589851 -196.5818 0 0 0 1
DataSet: 37
-3.33984375 31.025390625 -1.0546875 3.955078125 1.25931342353891 2.109375 -95.537109375
635.466 350.398 -203.926 753.778
-0.6040668 -0.04285732 0.7957804 635.4661 -0.02542554 0.999081 0.03450602 350.3981 -0.7965279 0.0006107985 -0.6046014 -203.9259 0 0 0 1
DataSet: 38
-3.33984375 32.080078125 -1.0546875 3.955078125 1.25933029595642 2.197265625 -95.537109375
630.917 350.378 -210.624 751.787
-0.6186196 -0.04412831 0.7844505 630.9172 -0.0255737 0.9990234 0.03603137 350.3776 -0.7852744 0.002228404 -0.6191439 -210.6237 0 0 0 1
DataSet: 39
-3.33984375 33.046875 -1.0546875 3.955078125 1.25933029595642 2.197265625 -95.537109375
627.060 350.378 -216.959 750.360
-0.6317814 -0.04408443 0.773892 627.0599 -0.0255737 0.9990234 0.03603137 350.3776 -0.7747246 0.002972663 -0.6322918 -216.9586 0 0 0 1
DataSet: 40
-3.33984375 33.92578125 -1.0546875 3.955078125 1.25933029595642 2.197265625 -95.537109375
623.461 350.378 -222.660 749.030
-0.6435907 -0.04403365 0.7641021 623.4611 -0.0255737 0.9990234 0.03603137 350.3776 -0.7649425 0.003648534 -0.6440883 -222.6604 0 0 0 1
DataSet: 41
-3.33984375 34.98046875 -1.0546875 3.955078125 1.25933029595642 2.197265625 -95.537109375
619.028 350.378 -229.429 747.393
-0.6575618 -0.04395903 0.7521171 619.0275 -0.0255737 0.9990234 0.03603137 350.3776 -0.7529665 0.004458431 -0.6580438 -229.4287 0 0 0 1
DataSet: 42
-3.33984375 36.2109375 -1.0546875 3.955078125 1.14484771336488 2.197265625 -95.537109375
614.124 350.392 -236.652 745.605
-0.6736088 -0.04265666 0.737856 614.124 -0.02358552 0.9990653 0.03622572 350.3925 -0.7387116 0.006999248 -0.6739853 -236.6524 0 0 0 1
DataSet: 43
-3.33984375 36.9140625 -1.0546875 3.955078125 1.25933029595642 2.197265625 -95.537109375
610.579 350.378 -241.621 744.279
-0.6825933 -0.04378356 0.7294856 610.579 -0.0255737 0.9990234 0.03603137 350.3776 -0.7303508 0.005939122 -0.6830464 -241.6207 0 0 0 1
DataSet: 44
-3.33984375 37.96875 -1.0546875 3.955078125 1.25933029595642 2.197265625 -95.537109375
605.799 350.378 -248.149 742.519
-0.6959211 -0.04366683 0.7167894 605.7986 -0.0255737 0.9990234 0.03603137 350.3776 -0.7176628 0.006744028 -0.6963581 -248.1486 0 0 0 1
DataSet: 45
-3.33984375 39.111328125 -1.0546875 3.955078125 1.25933029595642 2.197265625 -95.537109375
600.485 350.378 -255.120 740.563
-0.7100932 -0.04352367 0.7027612 600.4854 -0.0255737 0.9990234 0.03603137 350.3776 -0.7036431 0.007613422 -0.7105128 -255.12 0 0 0 1
DataSet: 46
-3.33984375 39.90234375 -1.0546875 3.955078125 1.25933029595642 2.197265625 -95.537109375
596.726 350.378 -259.884 739.179
-0.7197396 -0.04341441 0.6928853 596.726 -0.0255737 0.9990234 0.03603137 350.3776 -0.6937729 0.008213558 -0.720147 -259.8836 0 0 0 1
DataSet: 47
-3.33984375 41.044921875 -1.0546875 3.955078125 1.25933029595642 2.197265625 -95.537109375
591.180 350.378 -266.672 737.138
-0.7334306 -0.043242 0.6783875 591.1805 -0.0255737 0.9990234 0.03603137 350.3776 -0.6792831 0.009077627 -0.7338202 -266.6717 0 0 0 1
DataSet: 48
-3.33984375 41.923828125 -1.0546875 3.955078125 1.25933029595642 2.197265625 -95.537109375
586.823 350.378 -271.817 735.534
-0.743764 -0.04309767 0.6670515 586.8232 -0.0255737 0.9990234 0.03603137 350.3776 -0.6679529 0.009739857 -0.7441398 -271.8172 0 0 0 1
DataSet: 49
-3.33984375 43.154296875 -1.0546875 3.955078125 1.25933029595642 2.197265625 -95.537109375
580.592 350.378 -278.907 733.240
-0.7579362 -0.04287858 0.6509179 580.5916 -0.0255737 0.9990234 0.03603137 350.3776 -0.6518272 0.01066309 -0.7582925 -278.9075 0 0 0 1
DataSet: 50
-3.33984375 44.12109375 -1.0546875 3.955078125 1.25933029595642 2.197265625 -95.537109375
575.589 350.378 -284.384 731.397
-0.7688265 -0.04269255 0.6380306 575.5894 -0.0255737 0.9990234 0.03603137 350.3776 -0.6389458 0.01138507 -0.7691675 -284.3835 0 0 0 1
DataSet: 51
-3.33984375 44.912109375 -1.0546875 3.955078125 1.14484771336488 2.197265625 -95.537109375
571.935 350.392 -288.304 730.071
-0.7776092 -0.04110686 0.6274027 571.9346 -0.02358552 0.9990653 0.03622572 350.3925 -0.6283054 0.01337184 -0.7778519 -288.3036 0 0 0 1
DataSet: 52
-3.33984375 45.966796875 -1.0546875 3.955078125 1.25933029595642 2.197265625 -95.537109375
565.786 350.378 -294.600 727.783
-0.7890068 -0.04230371 0.6129262 565.7863 -0.0255737 0.9990234 0.03603137 350.3776 -0.6138519 0.0127542 -0.7893181 -294.5999 0 0 0 1
DataSet: 53
-3.33984375 47.021484375 -1.0546875 3.955078125 1.25933029595642 2.197265625 -95.537109375
560.038 350.378 -300.294 725.661
-0.8001722 -0.04206178 0.5982937 560.0384 -0.0255737 0.9990234 0.03603137 350.3776 -0.5992249 0.01353071 -0.8004664 -300.2945 0 0 0 1
DataSet: 54
-3.33984375 48.1640625 -1.0546875 3.955078125 1.25933029595642 2.197265625 -95.537109375
553.694 350.378 -306.343 723.317
-0.8119619 -0.04178361 0.582213 553.6944 -0.0255737 0.9990234 0.03603137 350.3776 -0.58315 0.01436675 -0.8122375 -306.3429 0 0 0 1
DataSet: 55
-3.33984375 49.306640625 -1.0546875 3.955078125 1.25933029595642 2.197265625 -95.537109375
547.231 350.378 -312.264 720.926
-0.8234287 -0.04148883 0.5659009 547.231 -0.0255737 0.9990234 0.03603137 350.3776 -0.5668432 0.01519708 -0.8236856 -312.2637 0 0 0 1
DataSet: 56
-3.33984375 50.09765625 -1.0546875 3.955078125 1.25933029595642 2.197265625 -95.537109375
542.688 350.378 -316.287 719.244
-0.8311757 -0.04127507 0.5544757 542.6879 -0.0255737 0.9990234 0.03603137 350.3776 -0.5554214 0.0157684 -0.8314195 -316.2867 0 0 0 1
DataSet: 57
-3.33984375 49.5703125 -1.0546875 3.955078125 1.14484771336488 2.197265625 -95.537109375
546.268 350.392 -313.157 720.591
-0.8260663 -0.03988513 0.5621598 546.2678 -0.02358552 0.9990653 0.03622572 350.3925 -0.5630792 0.01666601 -0.8262349 -313.1574 0 0 0 1
DataSet: 58
-3.33984375 48.515625 -1.0546875 3.955078125 1.25933029595642 2.197265625 -95.537109375
551.718 350.378 -308.178 722.587
-0.8155248 -0.04169467 0.5772183 551.7183 -0.0255737 0.9990234 0.03603137 350.3776 -0.5781569 0.01462286 -0.8157946 -308.1784 0 0 0 1
DataSet: 59
-3.33984375 47.548828125 -1.0546875 3.955078125 1.25933029595642 2.197265625 -95.537109375
557.125 350.378 -303.102 724.585
-0.8056534 -0.04193547 0.590901 557.1254 -0.0255737 0.9990234 0.03603137 350.3776 -0.5918349 0.01391727 -0.805939 -303.1018 0 0 0 1
DataSet: 60
-3.33984375 46.40625 -1.0546875 3.955078125 1.14484771336488 2.197265625 -95.537109375
563.923 350.392 -296.502 727.116
-0.7937277 -0.04074422 0.6069071 563.9231 -0.02358552 0.9990653 0.03622572 350.3925 -0.6078158 0.01443914 -0.7939467 -296.5019 0 0 0 1
DataSet: 61
-3.33984375 45.439453125 -1.0546875 3.955078125 1.25933029595642 2.197265625 -95.537109375
568.621 350.378 -291.713 728.828
-0.7833237 -0.04241931 0.620165 568.6207 -0.0255737 0.9990234 0.03603137 350.3776 -0.6210877 0.01236431 -0.7836435 -291.7133 0 0 0 1
DataSet: 62
-3.33984375 44.560546875 -1.0546875 3.955078125 1.25933029595642 2.197265625 -95.537109375
573.285 350.378 -286.845 730.548
-0.7737045 -0.04260398 0.6321125 573.2852 -0.0255737 0.9990234 0.03603137 350.3776 -0.6330302 0.01171217 -0.7740385 -286.8446 0 0 0 1
DataSet: 63
-3.33984375 43.41796875 -1.0546875 3.955078125 1.25933029595642 2.197265625 -95.537109375
579.237 350.378 -280.409 732.741
-0.7609278 -0.04282905 0.6474215 579.2366 -0.0255737 0.9990234 0.03603137 350.3776 -0.6483324 0.0108603 -0.76128 -280.4093 0 0 0 1
DataSet: 64
-3.33984375 42.5390625 -1.0546875 3.955078125 1.25933029595642 2.197265625 -95.537109375
583.727 350.378 -275.379 734.394
-0.7508934 -0.0429906 0.6590227 583.7265 -0.0255737 0.9990234 0.03603137 350.3776 -0.6599281 0.01020206 -0.7512594 -275.3791 0 0 0 1
DataSet: 65
-3.33984375 41.572265625 -1.0546875 3.955078125 1.25933029595642 2.197265625 -95.537109375
588.576 350.378 -269.767 736.179
-0.7396515 -0.04315662 0.6716049 588.5756 -0.0255737 0.9990234 0.03603137 350.3776 -0.672504 0.009475231 -0.7400329 -269.767 0 0 0 1
DataSet: 66
-3.33984375 40.517578125 -1.0546875 3.955078125 1.25933029595642 2.197265625 -95.537109375
593.757 350.378 -263.552 738.086
-0.7271476 -0.04332371 0.6851127 593.7568 -0.0255737 0.9990234 0.03603137 350.3776 -0.6860046 0.008679253 -0.7275454 -263.5524 0 0 0 1
DataSet: 67
-3.33984375 39.55078125 -1.0546875 3.955078125 1.25933029595642 2.197265625 -95.537109375
598.405 350.378 -257.773 739.797
-0.7154691 -0.04346399 0.697291 598.4049 -0.0255737 0.9990234 0.03603137 350.3776 -0.6981761 0.007947017 -0.7158819 -257.7728 0 0 0 1
DataSet: 68
-3.33984375 38.583984375 -1.0546875 3.955078125 1.25933029595642 2.197265625 -95.537109375
602.955 350.378 -251.916 741.472
-0.703587 -0.04359189 0.7092708 602.9549 -0.0255737 0.9990234 0.03603137 350.3776 -0.7101488 0.007212519 -0.7040147 -251.9156 0 0 0 1
DataSet: 69
-3.33984375 37.353515625 -1.0546875 3.955078125 1.25933029595642 2.197265625 -95.537109375
608.602 350.378 -244.351 743.551
-0.688175 -0.04373673 0.7242253 608.6018 -0.0255737 0.9990234 0.03603137 350.3776 -0.725094 0.00627476 -0.6886213 -244.3513 0 0 0 1
DataSet: 70
-3.33984375 36.5625 -1.0546875 3.955078125 1.25933029595642 2.197265625 -95.537109375
612.146 350.378 -239.425 744.856
-0.6780992 -0.04381918 0.733663 612.1456 -0.0255737 0.9990234 0.03603137 350.3776 -0.7345254 0.005670359 -0.6785575 -239.4253 0 0 0 1
DataSet: 71
-3.33984375 35.5078125 -1.0546875 3.955078125 1.25933029595642 2.197265625 -95.537109375
616.764 350.378 -232.782 746.559
-0.6644641 -0.04391613 0.7460287 616.7643 -0.0255737 0.9990234 0.03603137 350.3776 -0.7468825 0.004862831 -0.6649382 -232.782 0 0 0 1
DataSet: 72
-3.33984375 34.453125 -1.0546875 3.955078125 1.25933029595642 2.197265625 -95.537109375
621.260 350.378 -226.055 748.217
-0.6506038 -0.0439982 0.7581417 621.2598 -0.0255737 0.9990234 0.03603137 350.3776 -0.7589866 0.004053654 -0.6510936 -226.0548 0 0 0 1
DataSet: 73
-3.33984375 33.3984375 -1.0546875 3.955078125 1.25933029595642 2.197265625 -95.537109375
625.631 350.378 -219.246 749.831
-0.6365231 -0.04406536 0.7699978 625.6309 -0.0255737 0.9990234 0.03603137 350.3776 -0.7708335 0.003243105 -0.6370284 -219.246 0 0 0 1
DataSet: 74
-3.33984375 32.34375 -1.0546875 3.955078125 1.25933029595642 2.197265625 -95.537109375
629.876 350.378 -212.358 751.401
-0.6222268 -0.04411759 0.7815929 629.8758 -0.0255737 0.9990234 0.03603137 350.3776 -0.7824192 0.002431456 -0.6227474 -212.3579 0 0 0 1
DataSet: 75
-3.33984375 31.640625 -1.0546875 3.955078125 1.25933029595642 2.197265625 -95.537109375
632.635 350.378 -207.723 752.423
-0.6125785 -0.04414411 0.7891761 632.635 -0.0255737 0.9990234 0.03603137 350.3776 -0.789996 0.001889882 -0.6131091 -207.7229 0 0 0 1
DataSet: 76
-3.33984375 30.498046875 -1.0546875 3.955078125 1.25933029595642 2.197265625 -95.537109375
636.997 350.378 -200.120 754.041
-0.5967038 -0.04417301 0.8012449 636.9968 -0.0255737 0.9990234 0.03603137 350.3776 -0.802054 0.001009254 -0.5972507 -200.1199 0 0 0 1
DataSet: 77
-3.33984375 29.53125 -1.0546875 3.955078125 1.25933029595642 2.197265625 -95.537109375
640.569 350.378 -193.620 755.368
-0.5830858 -0.04418375 0.8112082 640.5685 -0.0255737 0.9990234 0.03603137 350.3776 -0.812008 0.0002637794 -0.5836463 -193.6198 0 0 0 1
DataSet: 78
-3.33984375 28.564453125 -1.0546875 3.955078125 1.25933029595642 2.197265625 -95.537109375
644.030 350.378 -187.060 756.658
-0.5693018 -0.04418192 0.8209406 644.03 -0.0255737 0.9990234 0.03603137 350.3776 -0.8217308 -0.0004817702 -0.5698757 -187.0602 0 0 0 1
DataSet: 79
-3.33984375 27.59765625 -1.0546875 3.955078125 1.25933029595642 2.197265625 -95.537109375
647.380 350.378 -180.443 757.909
-0.5553557 -0.0441675 0.8304392 647.3804 -0.0255737 0.9990234 0.03603137 350.3776 -0.8312196 -0.001227183 -0.5559428 -180.4432 0 0 0 1
DataSet: 80
-3.33984375 26.54296875 -1.0546875 3.955078125 1.25933029595642 2.197265625 -95.537109375
650.907 350.378 -173.161 759.230
-0.5399616 -0.04413743 0.8405316 650.9075 -0.0255737 0.9990234 0.03603137 350.3776 -0.8413011 -0.002039954 -0.540563 -173.1614 0 0 0 1
DataSet: 81
-3.33984375 25.48828125 -1.0546875 3.955078125 1.25933029595642 2.197265625 -95.537109375
654.300 350.378 -165.816 760.505
-0.5243845 -0.0440924 0.8503392 654.2998 -0.0255737 0.9990234 0.03603137 350.3776 -0.8510975 -0.002852034 -0.525 -165.8158 0 0 0 1
DataSet: 82
-3.33984375 24.43359375 -1.0546875 3.955078125 1.25933029595642 2.197265625 -95.537109375
657.556 350.378 -158.409 761.734
-0.5086297 -0.04403243 0.8598587 657.5565 -0.0255737 0.9990234 0.03603137 350.3776 -0.8606055 -0.003663148 -0.509259 -158.4091 0 0 0 1
DataSet: 83
-3.33984375 23.466796875 -1.0546875 3.955078125 1.25933029595642 2.197265625 -95.537109375
660.421 350.378 -151.568 762.820
-0.4940363 -0.04396436 0.868329 660.4214 -0.0255737 0.9990234 0.03603137 350.3776 -0.869065 -0.004405585 -0.4946782 -151.5679 0 0 0 1
DataSet: 84
-3.33984375 22.587890625 -1.0546875 3.955078125 1.25933029595642 2.197265625 -95.537109375
662.925 350.378 -145.308 763.773
