DataSet_1
-0.1459597945213318 0.19645419716835022 -0.9695883393287659 39.26082229614258 
-0.467919260263443 -0.87723308801651 -0.10730193555355072 23.68417739868164 
-0.8716349005699158 0.4380272626876831 0.21996545791625977 -1260.7900390625 
0.0 0.0 0.0 1.0

DataSet_-2
-0.12009810656309128 0.21571771800518036 -0.9690418839454651 45.26129150390625 
-0.45209476351737976 -0.8809038400650024 -0.14006704092025757 20.46843719482422 
-0.8838476538658142 0.4212769865989685 0.2033197432756424 -1267.04150390625 
0.0 0.0 0.0 1.0

DataSet_-4
-0.09876120090484619 0.23219327628612518 -0.9676427841186523 50.427703857421875 
-0.43921345472335815 -0.8827265501022339 -0.16698920726776123 18.10585594177246 
-0.8929377794265747 0.40850967168807983 0.1891615390777588 -1271.9078369140625 
0.0 0.0 0.0 1.0

DataSet_-6
-0.07239727675914764 0.25603485107421875 -0.9639527201652527 57.882537841796875 
-0.4287658929824829 -0.8806124329566956 -0.20169660449028015 16.40785026550293 
-0.9005101323127747 0.3987077474594116 0.17353296279907227 -1275.9654541015625 
0.0 0.0 0.0 1.0

DataSet_-8
-0.047318048775196075 0.2763858437538147 -0.9598811268806458 64.29578399658203 
-0.40930119156837463 -0.881943941116333 -0.23376798629760742 14.044841766357422 
-0.9111714959144592 0.38181906938552856 0.15485692024230957 -1282.1995849609375 
0.0 0.0 0.0 1.0

DataSet_-10
-0.025100495666265488 0.2948412001132965 -0.9552165269851685 70.22779846191406 
-0.3918840289115906 -0.8819419145584106 -0.2619262933731079 12.250528335571289 
-0.9196721315383911 0.3677596151828766 0.13768072426319122 -1287.5240478515625 
0.0 0.0 0.0 1.0

DataSet_-12
-0.0027211422566324472 0.3143497109413147 -0.949303388595581 76.53640747070312 
-0.37287893891334534 -0.8811612725257874 -0.2907164990901947 10.69705581665039 
-0.9278760552406311 0.35318416357040405 0.11961214989423752 -1293.0794677734375 
0.0 0.0 0.0 1.0

DataSet_-14
0.020642193034291267 0.33572718501091003 -0.9417330026626587 83.4320068359375 
-0.35203301906585693 -0.8791710138320923 -0.32114019989967346 9.367670059204102 
-0.9357599020004272 0.33815017342567444 0.1000390350818634 -1298.8896484375 
0.0 0.0 0.0 1.0

DataSet_-16
0.04330618679523468 0.3574367165565491 -0.9329327940940857 90.21900177001953 
-0.3289482295513153 -0.8766385316848755 -0.3511381149291992 8.28036880493164 
-0.9433544874191284 0.32209300994873047 0.0796142965555191 -1304.778076171875 
0.0 0.0 0.0 1.0

DataSet_-18
0.06350921839475632 0.3760673403739929 -0.9244133234024048 96.53533172607422 
-0.30845344066619873 -0.8735326528549194 -0.37655967473983765 7.61580753326416 
-0.9491170048713684 0.3090534806251526 0.060521893203258514 -1309.9361572265625 
0.0 0.0 0.0 1.0

DataSet_-20
0.08386091887950897 0.39579394459724426 -0.9145023226737976 103.14972686767578 
-0.2868986129760742 -0.869284987449646 -0.4025329649448395 7.2599077224731445 
-0.9542832374572754 0.29612624645233154 0.040653690695762634 -1315.0989990234375 
0.0 0.0 0.0 1.0

DataSet_-22
0.10652054846286774 0.41848132014274597 -0.9019572138786316 110.8617172241211 
-0.26097795367240906 -0.8635473847389221 -0.43148162961006165 7.17057991027832 
-0.9594497680664062 0.28135257959365845 0.017228858545422554 -1321.0792236328125 
0.0 0.0 0.0 1.0

DataSet_-24
0.12526141107082367 0.4390403628349304 -0.8896927237510681 117.78558349609375 
-0.2397826910018921 -0.8567739129066467 -0.45655524730682373 7.5452494621276855 
-0.962711751461029 0.27052170038223267 -0.002046432113274932 -1325.5419921875 
0.0 0.0 0.0 1.0

DataSet_-26
0.14366760849952698 0.45927199721336365 -0.8766006827354431 124.54025268554688 
-0.2147960066795349 -0.8502020835876465 -0.48064443469047546 7.979944229125977 
-0.9660342335700989 0.2573433518409729 -0.023496702313423157 -1330.7430419921875 
0.0 0.0 0.0 1.0

DataSet_-28
0.1616153120994568 0.4785671830177307 -0.8630492091178894 131.42153930664062 
-0.19138199090957642 -0.8427437543869019 -0.5031460523605347 8.837418556213379 
-0.9681184887886047 0.24648822844028473 -0.04461114853620529 -1335.4752197265625 
0.0 0.0 0.0 1.0

DataSet_-30
0.17948399484157562 0.4982101619243622 -0.8482759594917297 138.294921875 
-0.1638031154870987 -0.8351064920425415 -0.5251340270042419 9.777262687683105 
-0.9700278639793396 0.23320341110229492 -0.06827988475561142 -1340.9705810546875 
0.0 0.0 0.0 1.0

DataSet_-32
0.19580093026161194 0.5187505483627319 -0.8322018384933472 145.3672332763672 
-0.13844484090805054 -0.8255058526992798 -0.5471499562263489 11.248921394348145 
-0.9708217978477478 0.22234651446342468 -0.08981648087501526 -1345.5257568359375 
0.0 0.0 0.0 1.0

DataSet_-34
0.2104722410440445 0.5377172231674194 -0.8164322376251221 151.9923553466797 
-0.11378717422485352 -0.8159884214401245 -0.5667586326599121 12.835125923156738 
-0.9709551334381104 0.21218645572662354 -0.11055760085582733 -1349.8453369140625 
0.0 0.0 0.0 1.0

DataSet_-36
0.2274804562330246 0.5586864948272705 -0.7975726127624512 159.85076904296875 
-0.0871288850903511 -0.8040832281112671 -0.5880975723266602 15.141560554504395 
-0.9698768854141235 0.20327229797840118 -0.13423548638820648 -1354.2978515625 
0.0 0.0 0.0 1.0

DataSet_-35
0.21988600492477417 0.5496426820755005 -0.8059422969818115 156.4976348876953 
-0.10003779828548431 -0.8091019988059998 -0.57909095287323 14.163063049316406 
-0.9703826904296875 0.20795868337154388 -0.12292516231536865 -1352.1138916015625 
0.0 0.0 0.0 1.0

DataSet_-38
0.24109040200710297 0.5770706534385681 -0.7802979946136475 166.52232360839844 
-0.062379807233810425 -0.7931374311447144 -0.605839729309082 17.315534591674805 
-0.9684958457946777 0.19473697245121002 -0.15522028505802155 -1358.2064208984375 
0.0 0.0 0.0 1.0

DataSet_-40
0.25353747606277466 0.5945647954940796 -0.7630278468132019 172.8507080078125 
-0.03714859485626221 -0.7822349667549133 -0.621874988079071 19.59085464477539 
-0.9666120409965515 0.18601404130458832 -0.17623864114284515 -1362.114501953125 
0.0 0.0 0.0 1.0

DataSet_-42
0.26472029089927673 0.610156238079071 -0.7467479705810547 178.5727996826172 
-0.013234824873507023 -0.7720018029212952 -0.6354825496673584 21.809661865234375 
-0.9642344117164612 0.17810821533203125 -0.19628924131393433 -1365.8209228515625 
0.0 0.0 0.0 1.0

DataSet_-44
0.27879777550697327 0.6319075226783752 -0.7231630086898804 186.5100555419922 
0.018033653497695923 -0.7563323974609375 -0.653938889503479 25.317829132080078 
-0.9601805210113525 0.1692754477262497 -0.22225937247276306 -1370.095703125 
0.0 0.0 0.0 1.0

DataSet_-46
0.28917258977890015 0.6475790739059448 -0.7049968242645264 192.51531982421875 
0.04325559735298157 -0.7445477843284607 -0.666166365146637 28.154769897460938 
-0.9562991857528687 0.16214194893836975 -0.2433142215013504 -1373.6212158203125 
0.0 0.0 0.0 1.0

DataSet_-48
0.2997545599937439 0.6655973196029663 -0.6834672689437866 199.2878875732422 
0.0705779492855072 -0.7299188375473022 -0.6798803210258484 31.68429183959961 
-0.9514020681381226 0.15555953979492188 -0.2657729983329773 -1377.0260009765625 
0.0 0.0 0.0 1.0

DataSet_-47
0.2958119511604309 0.6586155295372009 -0.6918966174125671 196.6630859375 
0.059777285903692245 -0.7356557250022888 -0.6747127175331116 30.28607940673828 
-0.9533740282058716 0.15822838246822357 -0.25698599219322205 -1375.6881103515625 
0.0 0.0 0.0 1.0

DataSet_-45
0.2841337025165558 0.6398665308952332 -0.7140300273895264 189.54212951660156 
0.031196147203445435 -0.7504995465278625 -0.6601342558860779 26.71788787841797 
-0.9582769870758057 0.16529139876365662 -0.23320357501506805 -1371.982421875 
0.0 0.0 0.0 1.0

DataSet_-43
0.2725828289985657 0.6220386624336243 -0.7340071797370911 182.90440368652344 
0.0035799145698547363 -0.7635467052459717 -0.6457427144050598 23.72056770324707 
-0.9621256589889526 0.1733907014131546 -0.21035657823085785 -1368.1087646484375 
0.0 0.0 0.0 1.0

DataSet_-41
0.2601201832294464 0.6027252078056335 -0.7543604969978333 175.8612823486328 
-0.022880492731928825 -0.7771872878074646 -0.6288532018661499 20.731943130493164 
-0.9653050899505615 0.18083754181861877 -0.1883714646100998 -1364.4151611328125 
0.0 0.0 0.0 1.0

DataSet_-39
0.2463909089565277 0.5830105543136597 -0.7742030024528503 168.67539978027344 
-0.05088391527533531 -0.7899469137191772 -0.6110603213310242 18.03242301940918 
-0.9678338766098022 0.18995419144630432 -0.16496987640857697 -1360.2008056640625 
0.0 0.0 0.0 1.0

DataSet_-37
0.23157133162021637 0.563716471195221 -0.7928420305252075 161.51116943359375 
-0.07791735231876373 -0.8016291856765747 -0.5927221179008484 15.608053207397461 
-0.9696925282478333 0.19903360307216644 -0.1417110562324524 -1355.931640625 
0.0 0.0 0.0 1.0

DataSet_-35
0.2172248661518097 0.5451096892356873 -0.8097338080406189 154.7232666015625 
-0.10303135216236115 -0.8121036887168884 -0.5743449926376343 13.60723876953125 
-0.9706688523292542 0.2081899791955948 -0.12024572491645813 -1351.7874755859375 
0.0 0.0 0.0 1.0

DataSet_-33
0.20110538601875305 0.5243740081787109 -0.8273986577987671 147.4137725830078 
-0.12950268387794495 -0.8230091333389282 -0.5530686974525452 11.731006622314453 
-0.9709715247154236 0.21837542951107025 -0.09760373085737228 -1347.2037353515625 
0.0 0.0 0.0 1.0

DataSet_-31
0.18461909890174866 0.5040308237075806 -0.8437231183052063 140.37200927734375 
-0.15573976933956146 -0.8326296210289001 -0.5314818620681763 10.231575012207031 
-0.9703921675682068 0.2295229285955429 -0.07522168755531311 -1342.4918212890625 
0.0 0.0 0.0 1.0

DataSet_-29
0.16728048026561737 0.48457467555999756 -0.8586061596870422 133.33621215820312 
-0.1796168088912964 -0.841323971748352 -0.5098154544830322 8.937213897705078 
-0.9694096446037292 0.23950228095054626 -0.053699325770139694 -1338.0457763671875 
0.0 0.0 0.0 1.0

DataSet_-27
0.14942172169685364 0.4641563892364502 -0.8730590343475342 126.27523040771484 
-0.20447027683258057 -0.8493812680244446 -0.4865628480911255 8.005305290222168 
-0.9674012064933777 0.25121769309043884 -0.03200981765985489 -1333.1199951171875 
0.0 0.0 0.0 1.0

DataSet_-25
0.1318090856075287 0.44530022144317627 -0.8856263756752014 119.76998138427734 
-0.22697526216506958 -0.8561278581619263 -0.4642491638660431 7.406067848205566 
-0.9649397134780884 0.2622075080871582 -0.011773311533033848 -1328.47705078125 
0.0 0.0 0.0 1.0

DataSet_-23
0.11246989667415619 0.42453911900520325 -0.8983969688415527 112.8133316040039 
-0.25147509574890137 -0.8625383377075195 -0.43907612562179565 7.089642524719238 
-0.9613068103790283 0.275307297706604 0.009751426987349987 -1323.2977294921875 
0.0 0.0 0.0 1.0

DataSet_-21
0.09178633242845535 0.4036744236946106 -0.9102869033813477 105.69332122802734 
-0.2752055525779724 -0.8682569265365601 -0.41278550028800964 7.036171913146973 
-0.956993818283081 0.28840407729148865 0.03139931708574295 -1317.93505859375 
0.0 0.0 0.0 1.0

DataSet_-19
0.07165531069040298 0.3831748068332672 -0.9208922386169434 98.9660873413086 
-0.2974419593811035 -0.8730487823486328 -0.38641175627708435 7.255063056945801 
-0.9520471096038818 0.30160045623779297 0.05141369253396988 -1312.8162841796875 
0.0 0.0 0.0 1.0

DataSet_-17
0.05057896301150322 0.3631059229373932 -0.930374026298523 92.24713134765625 
-0.31966689229011536 -0.8766723275184631 -0.3595256507396698 7.8379621505737305 
-0.9461790323257446 0.31559422612190247 0.07173176109790802 -1307.29638671875 
0.0 0.0 0.0 1.0

DataSet_-15
0.02986811101436615 0.34330862760543823 -0.9387475848197937 85.8294906616211 
-0.3402729034423828 -0.8795796036720276 -0.3324967920780182 8.666311264038086 
-0.939852237701416 0.3293614387512207 0.09054724872112274 -1302.0478515625 
0.0 0.0 0.0 1.0

DataSet_-13
0.006059317383915186 0.3202034533023834 -0.9473294615745544 78.3339614868164 
-0.3577738404273987 -0.8839437365531921 -0.301067054271698 9.392878532409668 
-0.9337886571884155 0.3407539427280426 0.10920431464910507 -1297.3963623046875 
0.0 0.0 0.0 1.0

DataSet_-11
-0.015887271612882614 0.3003867566585541 -0.9536851644515991 71.92300415039062 
-0.37438878417015076 -0.8862059712409973 -0.2728956341743469 10.542135238647461 
-0.927135705947876 0.3527134358882904 0.12654082477092743 -1292.6644287109375 
0.0 0.0 0.0 1.0

DataSet_-9
-0.03947701305150986 0.2789803445339203 -0.9594849944114685 65.11139678955078 
-0.3915679454803467 -0.8877524137496948 -0.24201269447803497 12.074942588806152 
-0.9193019270896912 0.3661496341228485 0.14428558945655823 -1287.4541015625 
0.0 0.0 0.0 1.0

DataSet_-7
-0.06701411306858063 0.25620001554489136 -0.9642980098724365 57.73549270629883 
-0.41260385513305664 -0.887076735496521 -0.207009419798851 14.490365982055664 
-0.9084421396255493 0.3840005397796631 0.16515576839447021 -1280.6439208984375 
0.0 0.0 0.0 1.0

DataSet_-5
-0.08970271050930023 0.23785357177257538 -0.9671499729156494 52.035701751708984 
-0.4287869334220886 -0.8856863379478455 -0.1780492216348648 16.710102081298828 
-0.898941159248352 0.39872977137565613 0.18143697082996368 -1275.2042236328125 
0.0 0.0 0.0 1.0

DataSet_-3
-0.11474276334047318 0.21784907579421997 -0.9692140817642212 45.95797348022461 
-0.445463627576828 -0.8833466172218323 -0.14581145346164703 19.46461296081543 
-0.8879168629646301 0.41501879692077637 0.19840145111083984 -1269.2210693359375 
0.0 0.0 0.0 1.0

DataSet_-1
-0.1376640349626541 0.2008395791053772 -0.9699031114578247 40.64369583129883 
-0.45943039655685425 -0.8804596662521362 -0.11710871756076813 22.190357208251953 
-0.8774806261062622 0.4294813275337219 0.2134794443845749 -1263.8492431640625 
0.0 0.0 0.0 1.0

DataSet_-1
-0.1627616286277771 0.1824716180562973 -0.9696456789970398 34.93980407714844 
-0.4737425148487091 -0.8765105605125427 -0.08542418479919434 25.48579978942871 
-0.8654921650886536 0.4454585909843445 0.2291068434715271 -1257.8482666015625 
0.0 0.0 0.0 1.0

DataSet_3
-0.19055718183517456 0.1630338579416275 -0.968043327331543 29.05854606628418 
-0.48806649446487427 -0.8713343143463135 -0.05067172646522522 29.25848388671875 
-0.8517505526542664 0.4628136456012726 0.24561037123203278 -1251.5361328125 
0.0 0.0 0.0 1.0

DataSet_5
-0.21419717371463776 0.14756521582603455 -0.9655796885490417 24.24311065673828 
-0.4985825717449188 -0.8665672540664673 -0.021831676363945007 32.70423889160156 
-0.8399613499641418 0.4767448902130127 0.2591896951198578 -1246.2501220703125 
0.0 0.0 0.0 1.0

DataSet_7
-0.2378028929233551 0.13081391155719757 -0.9624642729759216 19.422365188598633 
-0.508310079574585 -0.8611316680908203 0.008550554513931274 36.352027893066406 
-0.8276898860931396 0.49126365780830383 0.2712736129760742 -1241.1007080078125 
0.0 0.0 0.0 1.0

DataSet_9
-0.26510003209114075 0.11232499033212662 -0.9576560258865356 14.256705284118652 
-0.5197545289993286 -0.8531917333602905 0.04380715265870094 40.915077209472656 
-0.8121435642242432 0.5093593597412109 0.2845625877380371 -1234.8887939453125 
0.0 0.0 0.0 1.0

DataSet_11
-0.2915635406970978 0.09619747847318649 -0.9517020583152771 9.524415016174316 
-0.529145359992981 -0.8450583815574646 0.07669104635715485 45.575294494628906 
-0.7968663573265076 0.5259490013122559 0.2972906529903412 -1228.9432373046875 
0.0 0.0 0.0 1.0

DataSet_13
-0.3158373236656189 0.08128273487091064 -0.9453253149986267 5.38234806060791 
-0.5366718769073486 -0.8369355201721191 0.1073414534330368 49.97563934326172 
-0.782451331615448 0.5412319302558899 0.30795764923095703 -1223.7388916015625 
0.0 0.0 0.0 1.0

DataSet_15
-0.34184080362319946 0.06552764773368835 -0.937470555305481 1.012208342552185 
-0.5426295399665833 -0.8282273411750793 0.13997359573841095 54.89973068237305 
-0.7672666311264038 0.5565479397773743 0.31867915391921997 -1218.2435302734375 
0.0 0.0 0.0 1.0

DataSet_17
-0.3678642809391022 0.05056682229042053 -0.9285035133361816 -3.0078227519989014 
-0.5489139556884766 -0.8177934885025024 0.17293702065944672 60.13954162597656 
-0.750579297542572 0.5732859373092651 0.3285938501358032 -1212.6240234375 
0.0 0.0 0.0 1.0

DataSet_19
-0.3925563097000122 0.036163896322250366 -0.9190167188644409 -6.649703025817871 
-0.5541972517967224 -0.8067523837089539 0.2049781233072281 65.41272735595703 
-0.7340061068534851 0.5897819995880127 0.33673766255378723 -1207.2567138671875 
0.0 0.0 0.0 1.0

DataSet_21
-0.4126627743244171 0.023083984851837158 -0.9105913043022156 -9.983317375183105 
-0.5511666536331177 -0.8022294044494629 0.2294413447380066 68.77935791015625 
-0.7252066731452942 0.5965694785118103 0.34377333521842957 -1204.59033203125 
0.0 0.0 0.0 1.0

DataSet_23
-0.4385126233100891 0.009991496801376343 -0.8986694812774658 -13.333197593688965 
-0.5547518134117126 -0.7897156476974487 0.2619152069091797 74.6000747680664 
-0.7070764303207397 0.613391637802124 0.35184308886528015 -1199.0858154296875 
0.0 0.0 0.0 1.0

DataSet_25
-0.463761568069458 -0.0038897693157196045 -0.8859514594078064 -16.693035125732422 
-0.554851233959198 -0.7783226370811462 0.293860524892807 80.1498794555664 
-0.6906991600990295 0.6278524994850159 0.3587978780269623 -1194.3648681640625 
0.0 0.0 0.0 1.0

DataSet_27
-0.4893280267715454 -0.016742408275604248 -0.8719390630722046 -19.66521453857422 
-0.555846631526947 -0.764431893825531 0.3266165852546692 86.48937225341797 
-0.672006368637085 0.6444870233535767 0.36475175619125366 -1188.9249267578125 
0.0 0.0 0.0 1.0

DataSet_29
-0.5116528868675232 -0.02684509940445423 -0.8587727546691895 -21.976951599121094 
-0.5558508038520813 -0.7518213987350464 0.35467517375946045 92.14901733398438 
-0.6551650762557983 0.6588200926780701 0.36974969506263733 -1184.3431396484375 
0.0 0.0 0.0 1.0

DataSet_31
-0.5349211692810059 -0.03762626647949219 -0.8440637588500977 -24.305370330810547 
-0.5541772246360779 -0.738467812538147 0.38412612676620483 98.19882202148438 
-0.6377671360969543 0.6732380986213684 0.3741704523563385 -1179.6549072265625 
0.0 0.0 0.0 1.0

DataSet_33
-0.5590622425079346 -0.04777723550796509 -0.8277480006217957 -26.34920883178711 
-0.5531619191169739 -0.7221812605857849 0.41529038548469543 105.05828857421875 
-0.6176255345344543 0.6900518536567688 0.3773157298564911 -1174.4647216796875 
0.0 0.0 0.0 1.0

DataSet_35
-0.5805586576461792 -0.0572277307510376 -0.8122047781944275 -28.291465759277344 
-0.5494791269302368 -0.7085882425308228 0.44269099831581116 110.86428833007812 
-0.6008530259132385 0.7032976746559143 0.37993162870407104 -1170.4190673828125 
0.0 0.0 0.0 1.0

DataSet_37
-0.6038464307785034 -0.06678874045610428 -0.7942976951599121 -30.020801544189453 
-0.5453850626945496 -0.6921011805534363 0.47281190752983093 117.73214721679688 
-0.581312894821167 0.7187038660049438 0.38149726390838623 -1165.7557373046875 
0.0 0.0 0.0 1.0

DataSet_39
-0.6261522769927979 -0.0749792754650116 -0.7760872840881348 -31.323402404785156 
-0.541063666343689 -0.674913763999939 0.501738429069519 124.7446060180664 
-0.56141197681427 0.7340772747993469 0.3820302486419678 -1161.119384765625 
0.0 0.0 0.0 1.0

DataSet_41
-0.6484858989715576 -0.08400307595729828 -0.7565775513648987 -32.880401611328125 
-0.5317482352256775 -0.6612105369567871 0.5291922092437744 130.94061279296875 
-0.5447108149528503 0.7454824447631836 0.3841172158718109 -1157.5445556640625 
0.0 0.0 0.0 1.0

DataSet_43
-0.6686558127403259 -0.09057073295116425 -0.7380355000495911 -33.60289764404297 
-0.5261936783790588 -0.6436600685119629 0.5557174682617188 138.0010223388672 
-0.5253757238388062 0.7599332928657532 0.38272929191589355 -1153.2313232421875 
0.0 0.0 0.0 1.0

DataSet_44
-0.6881623864173889 -0.09595923125743866 -0.719183087348938 -34.10243606567383 
-0.520583987236023 -0.6251419186592102 0.5815409421920776 145.1519775390625 
-0.5053957104682922 0.7745898365974426 0.38024431467056274 -1149.0440673828125 
0.0 0.0 0.0 1.0

DataSet_47
-0.7074952721595764 -0.10077929496765137 -0.6994954943656921 -34.24116897583008 
-0.5140648484230042 -0.6058161854743958 0.607226550579071 152.71531677246094 
-0.4849615693092346 0.7891960144042969 0.37680500745773315 -1144.8416748046875 
0.0 0.0 0.0 1.0

DataSet_49
-0.7275819778442383 -0.10542884469032288 -0.6778711080551147 -34.31819152832031 
-0.5053566098213196 -0.5858719944953918 0.6335366368293762 160.3865509033203 
-0.46393871307373047 0.8035165071487427 0.3729907274246216 -1140.8826904296875 
0.0 0.0 0.0 1.0

DataSet_48
-0.7179195284843445 -0.10397294908761978 -0.6883176565170288 -34.368431091308594 
-0.5091965794563293 -0.5957889556884766 0.6210913062095642 156.52711486816406 
-0.4746687710285187 0.7963825464248657 0.3747858703136444 -1142.8326416015625 
0.0 0.0 0.0 1.0

DataSet_46
-0.7004836797714233 -0.09817580133676529 -0.7068833708763123 -33.97407531738281 
-0.517962634563446 -0.6114547848701477 0.5981954336166382 150.31520080566406 
-0.49095553159713745 0.7851653099060059 0.3774627149105072 -1146.0340576171875 
0.0 0.0 0.0 1.0

DataSet_44
-0.6783159971237183 -0.09199989587068558 -0.7289878726005554 -33.551170349121094 
-0.5260128974914551 -0.6319195628166199 0.5691994428634644 142.270751953125 
-0.5130280256271362 0.7695541977882385 0.3802480399608612 -1150.5413818359375 
0.0 0.0 0.0 1.0

DataSet_42
-0.6588921546936035 -0.08516336977481842 -0.7474010586738586 -32.68341827392578 
-0.5342376828193665 -0.6464980244636536 0.54463791847229 136.0841827392578 
-0.5295764803886414 0.7581474781036377 0.3804750144481659 -1154.0113525390625 
0.0 0.0 0.0 1.0

DataSet_40
-0.6375634670257568 -0.07815422862768173 -0.7664233446121216 -31.678537368774414 
-0.5404857397079468 -0.6635506749153137 0.5172771215438843 129.04969787597656 
-0.5489881634712219 0.744037926197052 0.38081440329551697 -1158.2452392578125 
0.0 0.0 0.0 1.0

DataSet_38
-0.6153485774993896 -0.07016666233539581 -0.7851259708404541 -30.484926223754883 
-0.5458903312683105 -0.6805917620658875 0.4886702299118042 122.13666534423828 
-0.5686386227607727 0.7292951941490173 0.38049787282943726 -1162.642333984375 
0.0 0.0 0.0 1.0

DataSet_36
-0.5925938487052917 -0.06115100905299187 -0.8031768202781677 -28.97345733642578 
-0.5504827499389648 -0.6971889734268188 0.45923444628715515 115.25228118896484 
-0.5880486965179443 0.714274525642395 0.3794873356819153 -1167.2078857421875 
0.0 0.0 0.0 1.0

DataSet_34
-0.5693883895874023 -0.05179974436759949 -0.8204350471496582 -27.19326400756836 
-0.553684651851654 -0.7135298848152161 0.4293115735054016 108.49004364013672 
-0.6076431274414062 0.6987072825431824 0.37759488821029663 -1171.8836669921875 
0.0 0.0 0.0 1.0

DataSet_32
-0.5451533794403076 -0.04148513078689575 -0.8373092412948608 -25.13239288330078 
-0.5563144087791443 -0.7292752861976624 0.39833638072013855 101.81442260742188 
-0.6271539330482483 0.6829615831375122 0.37448805570602417 -1176.7615966796875 
0.0 0.0 0.0 1.0

DataSet_30
-0.5226029753684998 -0.03170815110206604 -0.851986289024353 -23.0477237701416 
-0.5573821663856506 -0.7434698939323425 0.36956414580345154 95.54827880859375 
-0.6451443433761597 0.6680173277854919 0.37086600065231323 -1181.5406494140625 
0.0 0.0 0.0 1.0

DataSet_28
-0.4994700849056244 -0.021046966314315796 -0.8660753965377808 -20.66961097717285 
-0.5576820969581604 -0.7572168111801147 0.3400196135044098 89.47314453125 
-0.6629632115364075 0.6528244018554688 0.3664696216583252 -1186.37109375 
0.0 0.0 0.0 1.0

DataSet_26
-0.4737381041049957 -0.008583366870880127 -0.8806239366531372 -17.821746826171875 
-0.5562628507614136 -0.7723093032836914 0.3067733347415924 82.82861328125 
-0.6827472448348999 0.635188639163971 0.3610977530479431 -1191.9490966796875 
0.0 0.0 0.0 1.0

DataSet_24
-0.4483332335948944 0.0067300498485565186 -0.8938411474227905 -14.020590782165527 
-0.5616961121559143 -0.7799981832504272 0.2758629024028778 78.45244598388672 
-0.6953378915786743 0.6257455945014954 0.3534793555736542 -1195.24365234375 
0.0 0.0 0.0 1.0

DataSet_22
-0.42340099811553955 0.019855916500091553 -0.905724823474884 -10.799262046813965 
-0.5594608187675476 -0.7920767664909363 0.24416783452033997 72.76395416259766 
-0.7125554084777832 0.6100984215736389 0.34647470712661743 -1200.3228759765625 
0.0 0.0 0.0 1.0

DataSet_20
-0.3990156054496765 0.03271159529685974 -0.9163604378700256 -7.395729064941406 
-0.5566241145133972 -0.8028045892715454 0.2137158066034317 67.35187530517578 
-0.7286673784255981 0.5953442454338074 0.33853960037231445 -1205.4560546875 
0.0 0.0 0.0 1.0

DataSet_18
-0.37302887439727783 0.04802590236067772 -0.9265758991241455 -3.6905767917633057 
-0.5504483580589294 -0.8153790831565857 0.17934183776378632 61.62940216064453 
-0.7468975782394409 0.576931893825531 0.3305957317352295 -1211.26513671875 
0.0 0.0 0.0 1.0

DataSet_16
-0.3488422930240631 0.06088739261031151 -0.9352014660835266 -0.004775947891175747 
-0.5452219843864441 -0.8248216509819031 0.14967390894889832 56.71323776245117 
-0.762261152267456 0.5621049404144287 0.3209298253059387 -1216.43115234375 
0.0 0.0 0.0 1.0

DataSet_14
-0.32464492321014404 0.07526946067810059 -0.9428362250328064 3.9301834106445312 
-0.5388578176498413 -0.8339539170265198 0.11896680295467377 51.87139129638672 
-0.7773273587226868 0.5466766357421875 0.3112984299659729 -1221.810302734375 
0.0 0.0 0.0 1.0

DataSet_12
-0.30033639073371887 0.09073501825332642 -0.9495078921318054 8.088664054870605 
-0.531629741191864 -0.8424288034439087 0.0876559168100357 47.371822357177734 
-0.7919393181800842 0.5311129093170166 0.3012494444847107 -1227.0303955078125 
0.0 0.0 0.0 1.0

DataSet_10
-0.2751031219959259 0.10607485473155975 -0.9555450677871704 12.582252502441406 
-0.523022472858429 -0.8504660725593567 0.0561690628528595 42.80593490600586 
-0.8067005276679993 0.5152238607406616 0.2894454002380371 -1232.76806640625 
0.0 0.0 0.0 1.0

DataSet_8
-0.24538283050060272 0.12545634806156158 -0.9612741470336914 17.99070167541504 
-0.5107743740081787 -0.8595219850540161 0.01820787787437439 37.697574615478516 
-0.8239519596099854 0.4954620897769928 0.27499181032180786 -1239.5631103515625 
0.0 0.0 0.0 1.0

DataSet_6
-0.22266334295272827 0.14137804508209229 -0.9645897150039673 22.49042320251465 
-0.5011297464370728 -0.8653003573417664 -0.011145934462547302 34.08232116699219 
-0.8362356424331665 0.4809028208255768 0.26351940631866455 -1244.6522216796875 
0.0 0.0 0.0 1.0

DataSet_4
-0.19509710371494293 0.16015227138996124 -0.9676199555397034 28.085325241088867 
-0.48907047510147095 -0.8710535764694214 -0.045560240745544434 30.05311393737793 
-0.8501453399658203 0.46434569358825684 0.24826578795909882 -1250.72705078125 
0.0 0.0 0.0 1.0

DataSet_2
-0.1730637103319168 0.17428332567214966 -0.9693679809570312 32.582523345947266 
-0.4756210744380951 -0.8766410946846008 -0.07269804924726486 26.56867027282715 
-0.8624578714370728 0.44847044348716736 0.23460757732391357 -1256.5450439453125 
0.0 0.0 0.0 1.0

DataSet_0
-0.14940567314624786 0.19160312414169312 -0.970034122467041 37.77511978149414 
-0.4629318416118622 -0.8804354071617126 -0.10260416567325592 23.48249053955078 
-0.8737116456031799 0.43373000621795654 0.2202412337064743 -1261.91650390625 
0.0 0.0 0.0 1.0

