DataSet: 1
-6.6796875 -0.791015625 1.7578125 3.955078125 0 -18.896484375 -79.98046875
817.837 344.037 86.261 891.437
0.2246827 0.3232499 0.9192536 817.8375 -0.0563463 0.9461052 -0.31892 344.0372 -0.9728015 0.0198593 0.2307875 86.26067 0 0 0 1
DataSet: 2
-6.6796875 -0.791015625 1.7578125 3.955078125 -1.97186345451766 -18.984375 -79.98046875
817.643 343.661 97.834 892.309
0.2246799 0.3227029 0.9194465 817.6431 -0.02268128 0.9450474 -0.3261457 343.6612 -0.9741686 0.05242417 0.2196525 97.83423 0 0 0 1
DataSet: 3
-6.6796875 -0.791015625 1.7578125 3.955078125 -3.94293251245011 -18.896484375 -80.859375
816.420 343.241 109.338 892.362
0.2106293 0.3192606 0.9239632 816.4196 0.01656375 0.9438658 -0.3299135 343.2413 -0.9774256 0.08479376 0.1935177 109.3384 0 0 0 1
DataSet: 4
-6.6796875 -0.791015625 1.7578125 3.955078125 -5.91366987910766 -18.896484375 -80.859375
815.713 342.248 120.839 892.818
0.2105585 0.3172725 0.9246638 815.7131 0.05054763 0.9410703 -0.3344123 342.2478 -0.9762735 0.1171529 0.182113 120.8388 0 0 0 1
DataSet: 5
-6.6796875 -0.791015625 1.7578125 3.955078125 -8.00039265198535 -18.984375 -79.8046875
815.484 340.589 132.978 893.699
0.227318 0.3166277 0.920909 815.4839 0.0799614 0.9364038 -0.3416929 340.5893 -0.9705322 0.1513101 0.1875434 132.9783 0 0 0 1
DataSet: 6
-6.767578125 -0.791015625 1.7578125 3.955078125 -10.0812034884896 -18.720703125 -77.783203125
812.971 339.192 146.253 892.952
0.2612468 0.3099009 0.9141726 812.9709 0.1042105 0.9324719 -0.345885 339.1919 -0.9596303 0.1856278 0.2113104 146.253 0 0 0 1
DataSet: 7
-6.767578125 -0.791015625 1.7578125 3.955078125 -11.9336261974928 -18.80859375 -76.376953125
812.817 336.943 156.910 893.769
0.2832652 0.3094679 0.9077392 812.817 0.1266645 0.9261428 -0.3552684 336.9425 -0.9506403 0.2156135 0.2231455 156.91 0 0 0 1
DataSet: 8
-6.767578125 -0.791015625 1.7578125 3.955078125 -14.017847085325 -18.984375 -72.685546875
813.102 333.852 168.791 895.032
0.3405619 0.310271 0.8875526 813.1024 0.1373137 0.9174474 -0.3734102 333.8522 -0.9301412 0.2490424 0.2698432 168.7906 0 0 0 1
DataSet: 9
-6.767578125 -0.791015625 1.7578125 3.955078125 -16.0967120211271 -18.984375 -68.90625
812.362 330.685 180.542 895.478
0.398028 0.3081887 0.8640564 812.3624 0.1461936 0.9085348 -0.3913973 330.6847 -0.9056496 0.2821066 0.3165671 180.5416 0 0 0 1
DataSet: 10
-6.767578125 -0.791015625 1.7578125 3.955078125 -18.0599415987453 -19.072265625 -67.412109375
812.188 327.134 191.504 896.293
0.4199151 0.3076992 0.8538106 812.1884 0.166906 0.8985443 -0.405907 327.1341 -0.8920839 0.3129526 0.3259555 191.5042 0 0 0 1
DataSet: 11
-6.767578125 -0.791015625 1.7578125 3.955078125 -19.9058643664687 -19.16015625 -64.775390625
812.063 323.446 201.688 897.074
0.4582189 0.3073469 0.8340104 812.0632 0.1764939 0.8881678 -0.4242734 323.4462 -0.8711403 0.3416078 0.3527304 201.6883 0 0 0 1
DataSet: 12
-6.767578125 -0.791015625 1.7578125 3.955078125 -22.0057737148824 -20.0390625 -59.677734375
816.510 317.350 212.794 901.488
0.5277357 0.3198585 0.7868835 816.5098 0.1630476 0.871016 -0.4634077 317.3505 -0.8336129 0.3728563 0.4075141 212.794 0 0 0 1
DataSet: 13
-6.767578125 -0.791015625 1.7578125 3.955078125 -24.0757243526037 -20.0390625 -58.623046875
815.812 312.630 223.872 901.890
0.5417444 0.3178955 0.7781102 815.8122 0.1853948 0.857733 -0.4795028 312.6297 -0.8198426 0.4040256 0.4057358 223.8716 0 0 0 1
DataSet: 14
-6.6796875 -0.791015625 1.7578125 3.955078125 -26.0520413350764 -20.654296875 -55.458984375
819.122 306.559 232.670 905.027
0.5803195 0.3268645 0.7459149 819.1221 0.1820924 0.8406518 -0.5100461 306.559 -0.7937706 0.4318151 0.428327 232.6698 0 0 0 1
DataSet: 15
-6.767578125 -0.791015625 1.7578125 3.955078125 -28.0091365789267 -20.830078125 -50.9765625
819.157 301.056 243.907 906.170
0.6370392 0.3273079 0.6978902 819.1573 0.1671631 0.8251674 -0.5395881 301.0559 -0.7524876 0.4604002 0.4709502 243.9072 0 0 0 1
DataSet: 16
-6.767578125 -0.791015625 1.7578125 3.955078125 -30.0732812182352 -20.91796875 -50.2734375
819.014 295.079 254.283 906.927
0.6448402 0.3269054 0.6908792 819.0143 0.1879334 0.8083498 -0.5578992 295.0789 -0.7408524 0.4895951 0.45982 254.283 0 0 0 1
DataSet: 17
-6.6796875 -0.791015625 1.7578125 3.955078125 -31.9094012280544 -21.09375 -48.1640625
819.873 289.269 261.985 908.022
0.6676991 0.3289769 0.6677964 819.8728 0.1900461 0.7920036 -0.5801834 289.2695 -0.7197641 0.5143001 0.4662993 261.9849 0 0 0 1
DataSet: 18
-6.6796875 -0.791015625 1.7578125 3.955078125 -33.8465513834222 -21.09375 -44.82421875
819.296 283.184 271.382 908.343
0.7051208 0.3273525 0.6290032 819.2955 0.1806228 0.7748806 -0.6057521 283.184 -0.6856968 0.5407407 0.4872571 271.3819 0 0 0 1
DataSet: 19
-6.6796875 -0.791015625 1.7578125 3.955078125 -36.0108952160684 -23.02734375 -29.619140625
829.923 272.369 279.669 917.154
0.8353298 0.3572541 0.4178441 829.9225 0.01550535 0.7444502 -0.6674979 272.369 -0.5495305 0.5640597 0.6163221 279.6695 0 0 0 1
DataSet: 20
-6.6796875 -0.791015625 1.7578125 3.955078125 -35.0140397940661 -21.62109375 -29.8828125
822.036 278.388 276.449 910.861
0.8407876 0.3350645 0.4252152 822.0364 0.02421569 0.7613866 -0.6478457 278.3882 -0.5408233 0.5549976 0.6320505 276.4488 0 0 0 1
DataSet: 21
-6.6796875 -0.791015625 1.7578125 3.955078125 -38.0556636561072 -21.26953125 -29.1796875
819.116 268.576 290.880 909.778
0.8476055 0.3268481 0.4180135 819.1163 0.0511496 0.7337771 -0.6774621 268.5758 -0.5281559 0.5956018 0.6052353 290.8796 0 0 0 1
DataSet: 22
-6.6796875 -0.791015625 1.7578125 3.955078125 -39.9648964806492 -21.09375 -27.509765625
817.560 261.931 299.629 909.280
0.8602252 0.3224696 0.3950013 817.5601 0.0520377 0.7150812 -0.6971018 261.9313 -0.5072521 0.6202195 0.5983503 299.6287 0 0 0 1
DataSet: 23
-6.6796875 -0.791015625 1.7578125 3.955078125 -41.9737658569237 -20.830078125 -27.7734375
815.473 254.744 308.687 908.394
0.8595564 0.3165983 0.4011588 815.4734 0.07772721 0.6948585 -0.7149337 254.7441 -0.5050954 0.6457068 0.5726618 308.6869 0 0 0 1
DataSet: 24
-6.6796875 -0.791015625 1.7578125 3.955078125 -44.0945924198616 -18.984375 -22.67578125
804.012 249.153 319.704 900.402
0.9006571 0.2843493 0.3285763 804.0121 0.05268394 0.6791276 -0.7321271 249.1533 -0.431325 0.6767061 0.5966804 319.704 0 0 0 1
DataSet: 25
-6.6796875 -0.791015625 1.7578125 3.955078125 -46.0411980923583 -19.775390625 -21.181640625
808.209 239.940 326.867 904.221
0.9051042 0.2961592 0.3050838 808.2094 0.04111177 0.6532048 -0.7560644 239.9404 -0.4231976 0.6968595 0.5790427 326.8666 0 0 0 1
DataSet: 26
-6.6796875 -0.791015625 1.7578125 3.955078125 -47.9242977213188 -19.6875 -21.09375
807.229 232.027 334.456 904.055
0.9058958 0.2934006 0.3053996 807.229 0.05650897 0.6309398 -0.773771 232.0274 -0.4197137 0.7182137 0.554986 334.4558 0 0 0 1
DataSet: 27
-6.6796875 -0.791015625 1.7578125 3.955078125 -47.036198294044 -19.6875 -21.181640625
807.444 235.850 330.957 903.949
0.9054776 0.2940054 0.3060575 807.444 0.05032203 0.6416963 -0.7653062 235.8503 -0.4214001 0.708369 0.5662467 330.957 0 0 0 1
DataSet: 28
-6.6796875 -0.791015625 1.7578125 3.955078125 -44.9324963232978 -19.86328125 -20.0390625
809.008 244.424 322.239 904.475
0.9106043 0.2984049 0.2859272 809.0076 0.01603322 0.6658213 -0.745939 244.4243 -0.4129683 0.6838396 0.6015153 322.2393 0 0 0 1
DataSet: 29
-6.767578125 -0.791015625 1.7578125 3.955078125 -43.015453999534 -19.599609375 -20.478515625
807.458 252.593 315.727 903.037
0.9103317 0.2943891 0.2909146 807.458 0.008903039 0.6888055 -0.7248915 252.5929 -0.4137837 0.6624817 0.6244205 315.7269 0 0 0 1
DataSet: 30
-6.6796875 -0.791015625 1.7578125 3.955078125 -40.9971882654426 -19.599609375 -21.005859375
808.479 260.485 305.741 902.756
0.9069865 0.2969169 0.29869 808.4787 -0.001189548 0.7110118 -0.7031791 260.485 -0.4211579 0.6374186 0.6452314 305.7413 0 0 0 1
DataSet: 31
-6.767578125 -0.791015625 1.7578125 3.955078125 -39.0450827394586 -18.896484375 -22.5
804.391 268.937 298.908 899.288
0.9028856 0.2857606 0.3211518 804.3914 0.008685119 0.7347931 -0.6782357 268.9369 -0.4297931 0.6151585 0.6609523 298.9082 0 0 0 1
DataSet: 32
-6.767578125 -0.791015625 1.7578125 3.955078125 -37.0066375084018 -18.720703125 -23.73046875
803.940 276.587 289.650 898.174
0.8966162 0.2844912 0.3393289 803.9403 0.007595413 0.7563171 -0.654161 276.5865 -0.4427433 0.5891088 0.6759654 289.6501 0 0 0 1
DataSet: 33
-6.767578125 -0.791015625 1.7578125 3.955078125 -35.0849035151528 -18.720703125 -24.43359375
804.514 283.229 280.540 897.867
0.8923997 0.2861054 0.3489506 804.514 -0.001361489 0.7750084 -0.6319494 283.2294 -0.4512438 0.5634764 0.6920068 280.5404 0 0 0 1
DataSet: 34
-6.767578125 -0.791015625 1.7578125 3.955078125 -33.0444657750823 -18.720703125 -26.279296875
805.138 289.943 270.630 897.527
0.8807191 0.2878615 0.3761244 805.1381 0.0001917965 0.7938996 -0.6080489 289.9433 -0.4736389 0.5355924 0.6991473 270.6304 0 0 0 1
DataSet: 35
-6.767578125 -0.791015625 1.7578125 3.955078125 -31.0140911974415 -19.072265625 -27.861328125
807.856 295.664 260.305 898.781
0.8684284 0.2955078 0.3981296 807.8556 -0.006791367 0.8099952 -0.5863971 295.6637 -0.495768 0.5065401 0.7054298 260.3053 0 0 0 1
DataSet: 36
-6.767578125 -0.791015625 1.7578125 3.955078125 -29.0688038615494 -18.896484375 -28.916015625
807.436 301.683 250.560 897.634
0.8617356 0.2943277 0.413259 807.4362 -0.01284888 0.8269309 -0.5621568 301.6826 -0.5071949 0.4791206 0.7163776 250.5604 0 0 0 1
DataSet: 37
-6.767578125 -0.791015625 1.7578125 3.955078125 -27.0160856642128 -18.984375 -30.5859375
808.624 307.188 239.902 897.658
0.848919 0.2976702 0.4367252 808.6241 -0.01835834 0.8424217 -0.5385059 307.1881 -0.528204 0.4491304 0.7206126 239.9018 0 0 0 1
DataSet: 38
-6.6796875 -0.791015625 1.7578125 3.955078125 -25.0957988231298 -19.6875 -32.783203125
813.757 310.828 228.203 900.495
0.8275251 0.3117681 0.4669077 813.7568 -0.02684291 0.8526622 -0.5217726 310.8275 -0.5607866 0.4192468 0.7139682 228.203 0 0 0 1
DataSet: 39
-6.767578125 -0.791015625 1.7578125 3.955078125 -23.0288992988298 -19.6875 -34.189453125
814.099 315.749 218.451 900.097
0.8166459 0.3130738 0.4848447 814.0985 -0.03663719 0.8665102 -0.497813 315.7491 -0.5759751 0.3887736 0.7191021 218.451 0 0 0 1
DataSet: 40
-6.767578125 -0.791015625 1.7578125 3.955078125 -20.9498954024728 -19.423828125 -34.892578125
813.256 320.807 207.314 898.488
0.8117197 0.3107022 0.4945455 813.2557 -0.05020352 0.8807404 -0.470931 320.8065 -0.5818855 0.3574361 0.7305127 207.3137 0 0 0 1
DataSet: 41
-6.767578125 -0.791015625 1.7578125 3.955078125 -19.001790925764 -19.775390625 -35.5078125
815.994 324.008 196.516 899.692
0.8046671 0.3184073 0.5011263 815.9941 -0.07129642 0.8897482 -0.4508493 324.0079 -0.5894299 0.3270551 0.7386524 196.5163 0 0 0 1
DataSet: 42
-6.767578125 -0.791015625 1.7578125 3.955078125 -17.0466921508825 -20.0390625 -37.08984375
818.221 327.006 185.620 900.485
0.7891911 0.3246737 0.5213102 818.2211 -0.08453902 0.8981852 -0.4314122 327.0064 -0.6083013 0.2963957 0.7362874 185.6199 0 0 0 1
DataSet: 43
-6.767578125 -0.791015625 1.7578125 3.955078125 -15.0813917997651 -20.0390625 -39.19921875
818.913 330.175 174.637 900.073
0.7692953 0.3266198 0.549094 818.9128 -0.09195428 0.9071016 -0.4107446 330.1753 -0.6322414 0.2654923 0.7278631 174.6369 0 0 0 1
DataSet: 44
-6.767578125 -0.791015625 1.7578125 3.955078125 -12.9980496485541 -20.0390625 -46.93359375
819.653 333.120 162.883 899.628
0.6882856 0.3287026 0.6466975 819.653 -0.06367249 0.9153881 -0.3975052 333.1203 -0.7226402 0.2324203 0.6509777 162.8831 0 0 0 1
DataSet: 45
-6.767578125 -0.791015625 1.7578125 3.955078125 -11.0269594613623 -19.951171875 -47.373046875
819.846 335.694 151.674 898.800
0.6834884 0.3292444 0.6514919 819.8456 -0.08608181 0.9226291 -0.3759594 335.6938 -0.7248679 0.2008823 0.6589482 151.6745 0 0 0 1
DataSet: 46
-6.767578125 -0.791015625 1.7578125 3.955078125 -9.05599414298078 -19.951171875 -47.548828125
820.557 337.697 140.381 898.365
0.6812743 0.3312455 0.6527954 820.5568 -0.1113013 0.9282668 -0.35487 337.6974 -0.7235174 0.1691068 0.6692724 140.3815 0 0 0 1
DataSet: 47
-6.767578125 -0.791015625 1.7578125 3.955078125 -6.99382421839502 -7.3828125 -50.888671875
745.713 357.623 125.982 836.572
0.6733881 0.1206545 0.7293771 745.7127 0.01402084 0.9843307 -0.1757739 357.6225 -0.7391562 0.1285905 0.6611449 125.982 0 0 0 1
DataSet: 48
-6.6796875 -0.791015625 1.7578125 3.955078125 -5.04959085416142 -8.7890625 -51.15234375
755.261 357.655 113.389 843.323
0.6668093 0.1471757 0.7305509 755.2607 -0.02692051 0.984422 -0.1737485 357.655 -0.744742 0.09619034 0.6603838 113.3887 0 0 0 1
DataSet: 49
-6.767578125 -0.791015625 1.7578125 3.955078125 -2.98518813858784 -9.31640625 -51.328125
759.105 358.028 102.125 845.490
0.6647333 0.1583363 0.7301091 759.1049 -0.06035991 0.9854704 -0.1587605 358.0276 -0.7446384 0.0614641 0.6646321 102.1252 0 0 0 1
DataSet: 50
-6.767578125 -0.791015625 1.7578125 3.955078125 -1.03350879174288 -9.4921875 -51.416015625
760.929 358.268 90.275 845.883
0.6631453 0.1634689 0.730422 760.929 -0.08873362 0.9861476 -0.1401398 358.2683 -0.7432124 0.0281201 0.6684644 90.27479 0 0 0 1
DataSet: 51
-6.767578125 -0.791015625 1.7578125 3.955078125 1.0337624053019 -9.84375 -53.349609375
763.869 357.902 77.795 847.137
0.6372812 0.1717411 0.7512507 763.8689 -0.1165104 0.9851173 -0.1263696 357.9021 -0.7617729 -0.006995563 0.6478063 77.79468 0 0 0 1
DataSet: 52
-6.767578125 -0.791015625 1.7578125 3.955078125 3.10490468607586 -11.42578125 -66.26953125
774.283 355.637 65.875 854.594
0.450861 0.2010436 0.8696584 774.283 -0.1291893 0.9787433 -0.1592851 355.6367 -0.8831956 -0.04053507 0.4672499 65.87474 0 0 0 1
DataSet: 53
-6.767578125 -0.791015625 1.7578125 3.955078125 5.05933372777284 -11.42578125 -66.26953125
775.028 354.791 54.046 854.088
0.4505509 0.2031396 0.8693321 775.028 -0.160142 0.9763632 -0.1451528 354.7909 -0.8782701 -0.07381791 0.4724325 54.04602 0 0 0 1
DataSet: 54
-6.767578125 -0.791015625 1.7578125 3.955078125 6.90337711254527 -12.3046875 -68.73046875
781.045 352.510 43.388 858.008
0.4112837 0.2200699 0.8845422 781.045 -0.1887547 0.969945 -0.1535529 352.5098 -0.8917496 -0.1038077 0.4404618 43.38765 0 0 0 1
DataSet: 55
-6.767578125 -0.791015625 1.7578125 3.955078125 9.08815485995005 -12.392578125 -71.19140625
782.399 350.553 30.354 857.880
0.3723347 0.2238809 0.900691 782.3994 -0.2178423 0.964439 -0.1496731 350.553 -0.9021705 -0.1404801 0.4078649 30.35429 0 0 0 1
DataSet: 56
-6.767578125 -0.791015625 1.7578125 3.955078125 11.0428486787749 -12.568359375 -74.267578125
784.192 348.252 18.830 858.249
0.3227912 0.2289244 0.9183678 784.1918 -0.2422774 0.957965 -0.1536383 348.2522 -0.9149358 -0.1729067 0.3646859 18.82987 0 0 0 1
DataSet: 57
-6.767578125 -0.791015625 1.7578125 3.955078125 13.0020132049169 -13.18359375 -79.453125
788.622 344.953 7.677 860.800
0.2374788 0.2413892 0.9409224 788.6218 -0.2618603 0.9486821 -0.1772892 344.953 -0.935432 -0.2042878 0.2885021 7.677017 0 0 0 1
DataSet: 58
-6.767578125 -0.791015625 1.7578125 3.955078125 15.0740779581916 -13.623046875 -82.001953125
792.021 341.308 -4.108 862.441
0.1945205 0.2509532 0.9482533 792.0209 -0.2891822 0.9384248 -0.1890306 341.3076 -0.9373022 -0.2374476 0.255114 -4.107987 0 0 0 1
DataSet: 59
-6.767578125 -0.791015625 1.7578125 3.955078125 17.0341885285383 -14.23828125 -85.95703125
796.414 337.162 -14.939 864.972
0.1278292 0.2633151 0.9562033 796.4143 -0.3087935 0.926759 -0.2139261 337.1615 -0.9425 -0.2679234 0.1997769 -14.93906 0 0 0 1
DataSet: 60
-6.767578125 -0.791015625 1.7578125 3.955078125 18.9840566183629 -14.326171875 -91.142578125
797.640 333.410 -25.989 864.908
0.04024008 0.2667626 0.9629219 797.6395 -0.3205746 0.9162033 -0.2404233 333.4101 -0.9463682 -0.2990137 0.1223854 -25.98855 0 0 0 1
DataSet: 61
-6.767578125 -0.791015625 1.7578125 3.955078125 21.0478480076088 -14.501953125 -119.70703125
799.420 328.912 -37.455 865.250
-0.4250774 0.2717718 0.863394 799.4198 -0.1961285 0.9035457 -0.3809709 328.9115 -0.8836531 -0.3312784 -0.3307747 -37.45543 0 0 0 1
DataSet: 62
-6.767578125 -0.791015625 1.7578125 3.955078125 23.0220637021178 -15.732421875 -120.673828125
807.415 322.632 -47.183 870.768
-0.4369158 0.2942687 0.8500062 807.4152 -0.2090592 0.8858764 -0.4141463 322.6319 -0.8748707 -0.3586487 -0.3255338 -47.18285 0 0 0 1
DataSet: 63
-6.767578125 -0.791015625 1.7578125 3.955078125 24.9665092568275 -15.8203125 -120.673828125
808.601 317.777 -57.672 870.715
-0.4371599 0.2976065 0.8487176 808.6014 -0.2369504 0.8722156 -0.4278953 317.7768 -0.8676092 -0.3881627 -0.3107798 -57.67211 0 0 0 1
DataSet: 64
-6.767578125 -0.791015625 1.7578125 3.955078125 27.1244295767494 -15.556640625 -124.189453125
807.770 312.516 -69.519 868.902
-0.4896844 0.2952665 0.8203822 807.7698 -0.2430033 0.8574134 -0.4536427 312.5161 -0.8373521 -0.4214973 -0.3481112 -69.51926 0 0 0 1
DataSet: 65
-6.767578125 -0.791015625 1.7578125 3.955078125 29.0240451883241 -14.501953125 -134.208984375
802.145 308.658 -80.733 863.264
-0.6290081 0.2794406 0.7254391 802.1453 -0.1950957 0.8465565 -0.4952573 308.6576 -0.7525201 -0.4530509 -0.4779732 -80.73338 0 0 0 1
DataSet: 66
-6.767578125 -0.791015625 1.7578125 3.955078125 30.9396471056111 -14.150390625 -134.6484375
800.680 303.372 -91.087 861.058
-0.6361802 0.2753184 0.7207459 800.6802 -0.2184168 0.8316842 -0.5104856 303.3719 -0.739979 -0.4821838 -0.4689669 -91.08722 0 0 0 1
DataSet: 67
-6.767578125 -0.791015625 1.7578125 3.955078125 33.047309737898 -12.919921875 -134.6484375
794.012 298.153 -103.255 854.407
-0.6407428 0.2565543 0.7236218 794.0115 -0.2562581 0.8169997 -0.5165687 298.1531 -0.7237267 -0.5164216 -0.4577426 -103.2553 0 0 0 1
DataSet: 68
-6.767578125 -0.791015625 1.7578125 3.955078125 34.9339413324218 -12.041015625 -136.7578125
789.336 292.742 -113.701 849.516
-0.6702591 0.2433985 0.7010777 789.3359 -0.2677166 0.8017757 -0.5343066 292.7425 -0.6921565 -0.545814 -0.4722356 -113.7014 0 0 0 1
DataSet: 69
-6.767578125 -0.791015625 1.7578125 3.955078125 37.0712994314666 -12.216796875 -139.658203125
791.050 284.938 -123.965 849.893
-0.7048884 0.2482225 0.6644681 791.0504 -0.261535 0.779817 -0.5687574 284.9384 -0.6593419 -0.5746921 -0.4847651 -123.9647 0 0 0 1
DataSet: 70
-6.767578125 -0.791015625 1.7578125 3.955078125 38.9445057442774 -11.337890625 -143.96484375
786.330 278.811 -133.928 844.978
-0.7562698 0.2349415 0.6106214 786.3303 -0.246129 0.7625771 -0.5982446 278.8113 -0.6061984 -0.602726 -0.5188881 -133.9279 0 0 0 1
DataSet: 71
-6.6796875 -0.791015625 1.7578125 3.955078125 41.0315601392947 -10.37109375 -144.404296875
780.887 271.507 -145.941 839.523
-0.7655371 0.219282 0.6048706 780.8873 -0.271684 0.7420238 -0.6128527 271.5067 -0.583216 -0.6334951 -0.5084714 -145.9415 0 0 0 1
DataSet: 72
-6.767578125 -0.791015625 1.7578125 3.955078125 43.0321176633092 -10.458984375 -145.634765625
782.211 263.262 -153.691 839.513
-0.7777762 0.2233506 0.587519 782.2109 -0.275663 0.7188263 -0.6381996 263.2623 -0.5648664 -0.6583337 -0.4975165 -153.6909 0 0 0 1
DataSet: 73
-6.767578125 -0.791015625 1.7578125 3.955078125 44.9725836943218 -8.7890625 -152.841796875
772.631 256.265 -164.051 830.387
-0.8512285 0.1963951 0.4866611 772.6309 -0.2264256 0.6991379 -0.678187 256.265 -0.4734358 -0.6874846 -0.5506572 -164.0511 0 0 0 1
DataSet: 74
-6.6796875 -0.791015625 1.7578125 3.955078125 46.9237042010073 -7.646484375 -156.09375
765.932 248.361 -174.705 823.928
-0.8819551 0.1772033 0.4367541 765.9325 -0.2129262 0.6768986 -0.7046068 248.3612 -0.4204969 -0.7144279 -0.5592629 -174.705 0 0 0 1
DataSet: 75
-6.767578125 -0.791015625 1.7578125 3.955078125 49.0299224658289 -8.525390625 -155.478515625
772.095 238.240 -181.263 828.097
-0.8744695 0.1948866 0.4442098 772.0948 -0.2249387 0.6484199 -0.7272924 238.2398 -0.4297739 -0.735915 -0.5231858 -181.2633 0 0 0 1
DataSet: 76
-6.767578125 -0.791015625 1.7578125 3.955078125 48.0251861815094 -7.822265625 -157.1484375
767.559 243.273 -177.921 824.611
-0.8889498 0.1821231 0.4202374 767.5587 -0.2048303 0.6625807 -0.7204384 243.2726 -0.4096497 -0.7265109 -0.5516966 -177.9211 0 0 0 1
DataSet: 77
-6.6796875 -0.791015625 1.7578125 3.955078125 46.042309587577 -7.55859375 -155.7421875
765.167 252.341 -171.066 823.663
-0.8793023 0.1750508 0.4429274 765.1675 -0.2125027 0.6880956 -0.6938062 252.3406 -0.4262278 -0.7041886 -0.5678452 -171.066 0 0 0 1
DataSet: 78
-6.767578125 -0.791015625 1.7578125 3.955078125 44.0691748352743 -7.998046875 -154.6875
767.570 260.663 -160.913 826.439
-0.8686197 0.1821541 0.4607817 767.5697 -0.2070024 0.7115116 -0.6714918 260.6626 -0.4501665 -0.6786539 -0.5803266 -160.9127 0 0 0 1
DataSet: 79
-6.767578125 -0.791015625 1.7578125 3.955078125 42.0739757977587 -7.822265625 -152.2265625
765.935 269.143 -152.146 825.980
-0.8480198 0.1775559 0.4993358 765.9355 -0.2228595 0.7353734 -0.6399685 269.1431 -0.4808284 -0.6539877 -0.5840412 -152.1463 0 0 0 1
DataSet: 80
-6.767578125 -0.791015625 1.7578125 3.955078125 40.0801321775601 -7.998046875 -151.5234375
766.427 277.079 -142.764 827.384
-0.8408619 0.1789382 0.5108153 766.4268 -0.21341 0.757702 -0.6167203 277.0787 -0.4974006 -0.6275896 -0.5989355 -142.7645 0 0 0 1
DataSet: 81
-6.6796875 -0.791015625 1.7578125 3.955078125 38.0776281325151 -8.0859375 -150.99609375
766.157 284.772 -134.330 828.334
-0.8362052 0.1778358 0.5187826 766.1573 -0.202196 0.7793499 -0.5930687 284.7724 -0.509782 -0.6008229 -0.6157387 -134.3298 0 0 0 1
DataSet: 82
-6.767578125 -0.791015625 1.7578125 3.955078125 36.0688027194841 -8.173828125 -146.865234375
766.280 292.147 -123.252 829.292
-0.7950662 0.1785242 0.5796541 766.2796 -0.2255851 0.8000992 -0.5558351 292.1466 -0.5630108 -0.572687 -0.5958594 -123.2521 0 0 0 1
DataSet: 83
-6.767578125 -0.791015625 1.7578125 3.955078125 34.0522392380496 -8.173828125 -146.513671875
765.643 299.259 -113.138 829.798
-0.7910082 0.1767319 0.5857234 765.6426 -0.2106998 0.8201106 -0.5320002 299.2587 -0.5743794 -0.5442283 -0.6114768 -113.1378 0 0 0 1
DataSet: 84
-6.767578125 -0.791015625 1.7578125 3.955078125 32.031802420819 -8.26171875 -144.4921875
765.525 305.956 -102.685 830.772
-0.7691488 0.1764009 0.6142417 765.525 -0.2088935 0.8389558 -0.5025102 305.9563 -0.603965 -0.5148163 -0.6084328 -102.6848 0 0 0 1
DataSet: 85
-6.6796875 -0.791015625 1.7578125 3.955078125 30.0107544500382 -8.61328125 -142.734375
766.858 312.073 -92.956 833.127
-0.7495726 0.1798071 0.6370324 766.8579 -0.1996451 0.8561653 -0.476574 312.0725 -0.6310965 -0.4844073 -0.6058604 -92.95567 0 0 0 1
DataSet: 86
-6.6796875 -0.791015625 1.7578125 3.955078125 28.0942292645059 -8.7890625 -140.625
767.299 317.635 -82.557 834.539
-0.7247671 0.1810479 0.6647813 767.2989 -0.1945534 0.8718154 -0.4495407 317.6346 -0.660955 -0.4551478 -0.5966397 -82.55685 0 0 0 1
DataSet: 87
-6.6796875 -0.791015625 1.7578125 3.955078125 25.9496284509006 -9.140625 -137.900390625
768.722 323.302 -70.588 836.923
-0.6910511 0.1850512 0.6987163 768.7216 -0.1873777 0.8877608 -0.4204407 323.3016 -0.698096 -0.4214698 -0.5788136 -70.5877 0 0 0 1
DataSet: 88
-6.6796875 -0.791015625 1.7578125 3.955078125 24.0418082399993 -10.37109375 -133.2421875
775.548 327.057 -59.032 843.757
-0.628747 0.2042582 0.7503037 775.5478 -0.184147 0.8983281 -0.3988689 327.0572 -0.7554913 -0.3889539 -0.5272076 -59.03153 0 0 0 1
DataSet: 89
-6.6796875 -0.791015625 1.7578125 3.955078125 21.9958375650286 -10.458984375 -131.8359375
775.376 331.847 -47.494 844.740
-0.6095406 0.2037754 0.7661173 775.3762 -0.1667852 0.9118056 -0.3752244 331.8471 -0.7750115 -0.3564915 -0.5217958 -47.49441 0 0 0 1
DataSet: 90
-6.6796875 -0.791015625 1.7578125 3.955078125 20.0641583337396 -10.810546875 -128.935546875
776.833 335.697 -36.248 847.039
-0.5688475 0.2078732 0.7957394 776.8326 -0.156141 0.9226389 -0.3526435 335.6973 -0.8074853 -0.324848 -0.4923833 -36.24829 0 0 0 1
DataSet: 91
-6.767578125 -0.791015625 1.7578125 3.955078125 17.905340364889 -11.513671875 -123.486328125
780.360 339.173 -22.116 851.169
-0.4875579 0.2181418 0.8454002 780.3597 -0.1516208 0.9324175 -0.3280377 339.1726 -0.8598246 -0.2881177 -0.4215327 -22.11612 0 0 0 1
DataSet: 92
-6.767578125 -0.791015625 1.7578125 3.955078125 15.9807992965811 -12.919921875 -119.1796875
788.133 340.807 -9.906 858.720
-0.4196264 0.2400129 0.8753899 788.1327 -0.1355783 0.9370159 -0.3219002 340.8069 -0.8975145 -0.2537617 -0.3606561 -9.905998 0 0 0 1
DataSet: 93
-6.767578125 -0.791015625 1.7578125 3.955078125 14.0350771863109 -13.18359375 -116.015625
789.003 343.495 1.623 860.533
-0.36989 0.242462 0.8968799 789.0031 -0.120893 0.9445785 -0.3052153 343.4946 -0.9211766 -0.2213226 -0.3200781 1.622846 0 0 0 1
DataSet: 94
-6.767578125 -0.791015625 1.7578125 3.955078125 12.1053304720794 -14.94140625 -108.80859375
798.810 343.540 14.172 869.665
-0.251623 0.2700563 0.9293845 798.8101 -0.1172329 0.9447055 -0.3062481 343.5397 -0.9606988 -0.1860135 -0.2060502 14.1717 0 0 0 1
DataSet: 95
-6.767578125 -0.791015625 1.7578125 3.955078125 10.1659853441716 -16.435546875 -103.623046875
806.970 343.318 26.555 877.367
-0.1645985 0.2930172 0.9418324 806.9705 -0.1059401 0.9440807 -0.3122312 343.3177 -0.9806549 -0.1511706 -0.1243519 26.55487 0 0 0 1
DataSet: 96
-6.767578125 -0.791015625 1.7578125 3.955078125 8.04350509892297 -10.8984375 -98.96484375
772.963 353.348 35.768 850.651
-0.09098306 0.1973308 0.9761059 772.9634 -0.1090432 0.9723034 -0.206726 353.348 -0.9898645 -0.1252463 -0.06694556 35.76836 0 0 0 1
DataSet: 97
-6.6796875 -0.791015625 1.7578125 3.955078125 6.1018525964525 -12.919921875 -97.822265625
784.526 352.231 47.323 861.271
-0.07180107 0.2295214 0.9706516 784.5264 -0.07504894 0.9691615 -0.2347206 352.2314 -0.9945915 -0.08969956 -0.05236149 47.32346 0 0 0 1
DataSet: 98
-6.767578125 -0.791015625 1.7578125 3.955078125 4.01040877045423 -5.625 -93.33984375
739.153 360.614 57.783 824.457
0.004753319 0.1021979 0.9947527 739.1533 -0.06412258 0.9927479 -0.1016855 360.614 -0.9979307 -0.06330277 0.01127204 57.7831 0 0 0 1
DataSet: 99
-6.767578125 -0.791015625 1.7578125 3.955078125 2.0774814771314 -15.1171875 -88.505859375
796.117 350.667 73.693 873.041
0.08789618 0.2624781 0.9609264 796.1168 -0.04303427 0.9647599 -0.2595889 350.6671 -0.9951996 -0.0185359 0.09609426 73.69324 0 0 0 1
DataSet: 100
-6.767578125 -0.791015625 1.7578125 3.955078125 0.115476751056916 -15.556640625 -86.8359375
798.002 350.171 85.583 875.643
0.115822 0.2677827 0.9564924 798.0021 -0.01681519 0.9633638 -0.2676702 350.1709 -0.9931276 0.01491849 0.1160815 85.58294 0 0 0 1
