DataSet_1
0.30852657556533813 0.6488332748413086 0.6955766081809998 -87.45484161376953 
-0.9371681213378906 0.08213262259960175 0.3390725255012512 133.81790161132812 
0.16287197172641754 -0.756485104560852 0.6334059238433838 -1336.800537109375 
0.0 0.0 0.0 1.0

DataSet_2
0.30792489647865295 0.6511289477348328 0.6936954259872437 -87.49270629882812 
-0.9369779229164124 0.0810234323143959 0.3398640751838684 133.89852905273438 
0.16508972644805908 -0.7546299695968628 0.6350426077842712 -1336.78857421875 
0.0 0.0 0.0 1.0

DataSet_3
0.30833685398101807 0.6510806679725647 0.6935577988624573 -87.47166442871094 
-0.9367184042930603 0.0807376429438591 0.3406465947628021 133.87155151367188 
0.16579216718673706 -0.7547022700309753 0.6347735524177551 -1336.8018798828125 
0.0 0.0 0.0 1.0

DataSet_4
0.24082720279693604 0.643163800239563 0.7268718481063843 -87.59281921386719 
-0.9656865000724792 0.08376765996217728 0.2458305060863495 133.84085083007812 
0.09722092747688293 -0.7611330151557922 0.6412680745124817 -1336.8907470703125 
0.0 0.0 0.0 1.0

DataSet_5
0.3944852948188782 0.6393962502479553 0.6599650382995605 -87.73191833496094 
-0.8757433891296387 0.0440770722925663 0.4807605743408203 133.84898376464844 
0.2783071994781494 -0.7676129341125488 0.5773347616195679 -1336.7528076171875 
0.0 0.0 0.0 1.0

DataSet_6
0.3229997456073761 0.6513485908508301 0.6865975856781006 -87.48917388916016 
-0.9209336042404175 0.04915609955787659 0.3866071403026581 133.771728515625 
0.2180655300617218 -0.7571847438812256 0.615726113319397 -1336.7230224609375 
0.0 0.0 0.0 1.0

DataSet_7
0.2981044352054596 0.6529993414878845 0.6962224245071411 -87.4314956665039 
-0.9439030885696411 0.0931117981672287 0.3168236315250397 133.90066528320312 
0.1420590877532959 -0.7516130208969116 0.6441250443458557 -1336.782958984375 
0.0 0.0 0.0 1.0

DataSet_8
0.2592499852180481 0.661075234413147 0.7041086554527283 -87.47744750976562 
-0.9586457014083862 0.08749941736459732 0.2708178162574768 133.7807159423828 
0.11742185056209564 -0.7452002167701721 0.6564211249351501 -1336.7811279296875 
0.0 0.0 0.0 1.0

DataSet_9
0.32449835538864136 0.6503856778144836 0.6868036389350891 -87.45404052734375 
-0.9315555095672607 0.0938291847705841 0.3512839078903198 133.9521942138672 
0.16402782499790192 -0.7537868022918701 0.636317789554596 -1336.7774658203125 
0.0 0.0 0.0 1.0

DataSet_10
0.3357357978820801 0.6654310822486877 0.6666954755783081 -88.19029235839844 
-0.9160512685775757 0.0658063217997551 0.39562538266181946 133.852294921875 
0.2193886637687683 -0.7435528635978699 0.6316626071929932 -1335.8724365234375 
0.0 0.0 0.0 1.0

DataSet_11
0.3312382698059082 0.635205090045929 0.6977075338363647 -87.56858825683594 
-0.9331322908401489 0.11096736788749695 0.3419801592826843 134.02426147460938 
0.13980472087860107 -0.7643303275108337 0.6294869780540466 -1336.866455078125 
0.0 0.0 0.0 1.0

DataSet_12
0.32967129349708557 0.6542630195617676 0.6806296706199646 -87.48529815673828 
-0.9266855716705322 0.08643702417612076 0.3657628893852234 133.96762084960938 
0.18047350645065308 -0.7513112425804138 0.634791910648346 -1336.75146484375 
0.0 0.0 0.0 1.0

DataSet_13
0.3353743255138397 0.6592684388160706 0.6729704737663269 -87.81755828857422 
-0.922494649887085 0.08489391952753067 0.3765590488910675 133.90176391601562 
0.1911223828792572 -0.7470998764038086 0.6366428136825562 -1336.22314453125 
0.0 0.0 0.0 1.0

DataSet_14
0.2694055736064911 0.6630451679229736 0.6984208822250366 -87.58248901367188 
-0.9523826241493225 0.07590655982494354 0.2953057885169983 133.90658569335938 
0.14278633892536163 -0.7447209358215332 0.651922345161438 -1336.6103515625 
0.0 0.0 0.0 1.0

DataSet_15
0.2846412658691406 0.6652687191963196 0.6902151107788086 -87.89662170410156 
-0.9439271092414856 0.06886865198612213 0.3228912651538849 133.88381958007812 
0.1672752946615219 -0.7434208989143372 0.6475679874420166 -1336.2225341796875 
0.0 0.0 0.0 1.0

DataSet_16
0.3324202001094818 0.6591556072235107 0.6745448112487793 -139.09498596191406 
-0.9156644344329834 0.05421127751469612 0.3982710540294647 139.89581298828125 
0.22595463693141937 -0.7500500679016113 0.621586263179779 -1397.585693359375 
0.0 0.0 0.0 1.0

DataSet_17
0.25423210859298706 0.6635200381278992 0.7036385536193848 -139.22415161132812 
-0.9559030532836914 0.06179318204522133 0.2871079444885254 139.8351287841797 
0.1470218151807785 -0.7456023097038269 0.6499705910682678 -1397.459228515625 
0.0 0.0 0.0 1.0

DataSet_18
0.28810790181159973 0.662717878818512 0.6912299394607544 -139.0985870361328 
-0.9451642632484436 0.08085569739341736 0.31642839312553406 139.84815979003906 
0.15381285548210144 -0.7444913983345032 0.6496723890304565 -1397.649658203125 
0.0 0.0 0.0 1.0

DataSet_19
0.2731706202030182 0.6654531955718994 0.6946580410003662 -139.26695251464844 
-0.9487215876579285 0.06695375591516495 0.3089408874511719 139.740478515625 
0.15907573699951172 -0.7434307336807251 0.6496196985244751 -1397.4022216796875 
0.0 0.0 0.0 1.0

DataSet_20
0.25727471709251404 0.6649916172027588 0.7011390328407288 -139.07052612304688 
-0.9576113224029541 0.07815475761890411 0.2772587835788727 139.8337860107422 
0.1295773983001709 -0.742750346660614 0.6569107174873352 -1397.5997314453125 
0.0 0.0 0.0 1.0

DataSet_21
0.23336248099803925 0.6646905541419983 0.7097383141517639 -139.12371826171875 
-0.9661362767219543 0.07584710419178009 0.24663330614566803 139.78121948242188 
0.11010321974754333 -0.7432588338851929 0.6598814725875854 -1397.604736328125 
0.0 0.0 0.0 1.0

DataSet_22
0.24257035553455353 0.6631428003311157 0.7080969214439392 -139.0782012939453 
-0.96009361743927 0.059356678277254105 0.2733076512813568 139.7269287109375 
0.1392117142677307 -0.7461356520652771 0.6510773301124573 -1397.634033203125 
0.0 0.0 0.0 1.0

DataSet_23
0.26294487714767456 0.6677696704864502 0.6963789463043213 -139.51150512695312 
-0.9511938095092773 0.05858481675386429 0.3029821217060089 139.84701538085938 
0.16152504086494446 -0.7420589327812195 0.6505829691886902 -1397.041748046875 
0.0 0.0 0.0 1.0

DataSet_24
0.2683705687522888 0.6598955392837524 0.7017942667007446 -139.03439331054688 
-0.9479472041130066 0.05129459872841835 0.3142688572406769 139.75064086914062 
0.17138636112213135 -0.7496044039726257 0.6393120884895325 -1397.5771484375 
0.0 0.0 0.0 1.0

DataSet_25
0.20949333906173706 0.6609737873077393 0.7205734848976135 -139.04214477539062 
-0.9713330864906311 0.05599474534392357 0.23103371262550354 139.67034912109375 
0.11235889792442322 -0.7483168840408325 0.6537562608718872 -1397.6353759765625 
0.0 0.0 0.0 1.0

DataSet_26
0.31079232692718506 0.6641297936439514 0.6799556612968445 -116.43798828125 
-0.9286572933197021 0.0597669743001461 0.366092324256897 76.94822692871094 
0.20249392092227936 -0.7452244758605957 0.6353241205215454 -1370.195556640625 
0.0 0.0 0.0 1.0

DataSet_27
0.3005497455596924 0.6593577861785889 0.6891422867774963 -116.06504821777344 
-0.935236930847168 0.0620068795979023 0.34854990243911743 76.92845916748047 
0.1870875209569931 -0.7492679357528687 0.6352919340133667 -1370.70654296875 
0.0 0.0 0.0 1.0

DataSet_28
0.2778667211532593 0.6604394316673279 0.697574257850647 -116.29439544677734 
-0.9432582855224609 0.05014902725815773 0.32825133204460144 76.84219360351562 
0.18180742859840393 -0.7492027878761292 0.6368997097015381 -1370.5042724609375 
0.0 0.0 0.0 1.0

DataSet_29
0.28959253430366516 0.6663928627967834 0.6870638728141785 -116.53347778320312 
-0.9389009475708008 0.0582750141620636 0.3392183184623718 76.84690856933594 
0.18601396679878235 -0.7433200478553772 0.6425528526306152 -1370.13720703125 
0.0 0.0 0.0 1.0

DataSet_30
0.28230908513069153 0.6616636514663696 0.6946242451667786 -116.12651062011719 
-0.9438889622688293 0.062218040227890015 0.3243495225906372 76.84857940673828 
0.17139211297035217 -0.7472149729728699 0.6421017050743103 -1370.599853515625 
0.0 0.0 0.0 1.0

DataSet_31
0.3107316493988037 0.6591522693634033 0.6848095059394836 -116.04850769042969 
-0.9261705875396729 0.048011891543865204 0.37403595447540283 76.8670654296875 
0.2136676162481308 -0.750475287437439 0.6254062652587891 -1370.692138671875 
0.0 0.0 0.0 1.0

DataSet_32
0.3132956624031067 0.6601904630661011 0.6826378107070923 -116.1111831665039 
-0.9307575225830078 0.07077549397945404 0.35872167348861694 76.98600006103516 
0.18851061165332794 -0.7477562427520752 0.6366509199142456 -1370.7093505859375 
0.0 0.0 0.0 1.0

DataSet_33
0.2694090008735657 0.6605855226516724 0.7007464170455933 -116.10231018066406 
-0.9489052891731262 0.057940609753131866 0.3101962208747864 76.8034439086914 
0.16430944204330444 -0.7485116124153137 0.6424428224563599 -1370.741943359375 
0.0 0.0 0.0 1.0

DataSet_34
0.2945822477340698 0.6615159511566162 0.6896505355834961 -116.02579498291016 
-0.9388919472694397 0.0658852607011795 0.3378475606441498 76.94038391113281 
0.17805378139019012 -0.7470312118530273 0.6405007243156433 -1370.714599609375 
0.0 0.0 0.0 1.0

DataSet_35
0.3075839579105377 0.6605778932571411 0.6848568916320801 -116.05883026123047 
-0.9333585500717163 0.06950318813323975 0.3521521985530853 76.9129638671875 
0.1850241720676422 -0.7475334405899048 0.6379340887069702 -1370.716064453125 
0.0 0.0 0.0 1.0

DataSet_36
0.3201081454753876 0.645675778388977 0.6932773590087891 -93.29814910888672 
-0.934366762638092 0.09429086744785309 0.34361010789871216 14.378608703613281 
0.15649104118347168 -0.7577677369117737 0.6334813237190247 -1343.6158447265625 
0.0 0.0 0.0 1.0

DataSet_37
0.3082730174064636 0.6556150913238525 0.6893015503883362 -92.95000457763672 
-0.9382417798042297 0.0899038091301918 0.3340952396392822 14.367166519165039 
0.15706703066825867 -0.7497240900993347 0.6428403854370117 -1343.8809814453125 
0.0 0.0 0.0 1.0

DataSet_38
0.3324289321899414 0.6539653539657593 0.679573655128479 -92.9544448852539 
-0.9187672734260559 0.0618399903178215 0.3899262547492981 14.24660873413086 
0.2129734456539154 -0.7539927959442139 0.6213994026184082 -1343.895751953125 
0.0 0.0 0.0 1.0

DataSet_39
0.36522921919822693 0.6578581929206848 0.6586579084396362 -93.14904022216797 
-0.8972298502922058 0.06014278903603554 0.43744879961013794 14.278593063354492 
0.24816575646400452 -0.750736653804779 0.6122158765792847 -1343.653076171875 
0.0 0.0 0.0 1.0

DataSet_40
0.34605154395103455 0.6563971638679504 0.6703663468360901 -93.22166442871094 
-0.9027116298675537 0.038245122879743576 0.4285429120063782 14.255364418029785 
0.2556561231613159 -0.7534454464912415 0.6057721376419067 -1343.658447265625 
0.0 0.0 0.0 1.0

DataSet_41
0.30923745036125183 0.6662173271179199 0.6786211729049683 -93.66488647460938 
-0.925925612449646 0.048192501068115234 0.3746187686920166 14.11611557006836 
0.21687307953834534 -0.7441988587379456 0.6317706108093262 -1343.0389404296875 
0.0 0.0 0.0 1.0

DataSet_42
0.29574158787727356 0.6582096219062805 0.6923127770423889 -93.36587524414062 
-0.9270526170730591 0.02291615679860115 0.374230295419693 14.036040306091309 
0.23045679926872253 -0.7524858713150024 0.6169722080230713 -1343.4674072265625 
0.0 0.0 0.0 1.0

DataSet_43
0.2952808737754822 0.6637295484542847 0.6872206926345825 -93.47093963623047 
-0.930751621723175 0.037474263459444046 0.36372652649879456 14.028575897216797 
0.21566295623779297 -0.7470332980155945 0.6288328170776367 -1343.130615234375 
0.0 0.0 0.0 1.0

DataSet_44
0.3272209167480469 0.6561493873596191 0.6799958944320679 -92.95780181884766 
-0.9166951775550842 0.045771047472953796 0.39695706963539124 14.199867248535156 
0.22933903336524963 -0.7532415986061096 0.6164662837982178 -1343.8280029296875 
0.0 0.0 0.0 1.0

DataSet_45
0.31672751903533936 0.664038896560669 0.6773005127906799 -93.57501220703125 
-0.9191118478775024 0.03844224661588669 0.3921167552471161 14.137168884277344 
0.23434381186962128 -0.7467091679573059 0.6225017309188843 -1343.070556640625 
0.0 0.0 0.0 1.0

DataSet_46
0.32110199332237244 0.6586917638778687 0.6804547309875488 -144.60018920898438 
-0.9306842088699341 0.08650032430887222 0.3554497957229614 20.309791564941406 
0.17527228593826294 -0.7474240660667419 0.6408094763755798 -1404.80810546875 
0.0 0.0 0.0 1.0

DataSet_47
0.3347376883029938 0.663050651550293 0.6695628762245178 -145.02413940429688 
-0.9091237783432007 0.04032542556524277 0.41456928849220276 20.213603973388672 
0.24788004159927368 -0.7474875450134277 0.6162936091423035 -1404.243408203125 
0.0 0.0 0.0 1.0

DataSet_48
0.35610881447792053 0.6559434533119202 0.6655259132385254 -144.57266235351562 
-0.9082292318344116 0.0754442811012268 0.4116162061691284 20.315414428710938 
0.21978680789470673 -0.7510302662849426 0.6226133108139038 -1404.7794189453125 
0.0 0.0 0.0 1.0

DataSet_49
0.316679984331131 0.6609519124031067 0.6803354620933533 -144.53713989257812 
-0.9317740797996521 0.08253893256187439 0.3535313308238983 20.27136993408203 
0.1775130331516266 -0.7458752393722534 0.6419962644577026 -1404.7850341796875 
0.0 0.0 0.0 1.0

DataSet_50
0.3215482532978058 0.6578478813171387 0.6810601353645325 -144.56710815429688 
-0.9328615665435791 0.09671897441148758 0.34700846672058105 20.244056701660156 
0.16240732371807098 -0.746914803981781 0.6447807550430298 -1404.82666015625 
0.0 0.0 0.0 1.0

DataSet_51
0.24332690238952637 0.6658209562301636 0.7053187489509583 -144.6869659423828 
-0.9621021151542664 0.0733991265296936 0.26262545585632324 20.11456298828125 
0.12309175729751587 -0.7424924373626709 0.6584476828575134 -1404.60009765625 
0.0 0.0 0.0 1.0

DataSet_52
0.3010072708129883 0.6596889495849609 0.6886255741119385 -144.62545776367188 
-0.9344150424003601 0.0598350428044796 0.3511243462562561 20.187992095947266 
0.19042888283729553 -0.7491530776023865 0.6344340443611145 -1404.7852783203125 
0.0 0.0 0.0 1.0

DataSet_53
0.299905002117157 0.6627021431922913 0.6862090229988098 -144.67271423339844 
-0.9373074173927307 0.07084708660840988 0.34122639894485474 20.212318420410156 
0.17751558125019073 -0.7455242872238159 0.6424030661582947 -1404.6939697265625 
0.0 0.0 0.0 1.0

DataSet_54
0.278685986995697 0.6697316765785217 0.6883265972137451 -145.39816284179688 
-0.9415284395217896 0.04920976981520653 0.33332058787345886 20.15969467163086 
0.18936295807361603 -0.7409708499908447 0.6442855000495911 -1403.8465576171875 
0.0 0.0 0.0 1.0

DataSet_55
0.2801995575428009 0.6583524942398071 0.6986130475997925 -144.54981994628906 
-0.9393415451049805 0.03808332607150078 0.34086230397224426 20.058778762817383 
0.19780205190181732 -0.7517457008361816 0.629088819026947 -1404.8173828125 
0.0 0.0 0.0 1.0

DataSet_56
0.3235341012477875 0.6583201885223389 0.6796618103981018 -78.10810089111328 
-0.9268829822540283 0.07603619992733002 0.3675681948661804 133.92254638671875 
0.1902986615896225 -0.748887836933136 0.6347861289978027 -1344.615478515625 
0.0 0.0 0.0 1.0

DataSet_57
0.3221527934074402 0.6610978841781616 0.6776188015937805 -78.22737884521484 
-0.9252619743347168 0.068455271422863 0.37310072779655457 133.91757202148438 
0.20026955008506775 -0.7471702694892883 0.6337417364120483 -1344.4481201171875 
0.0 0.0 0.0 1.0

DataSet_58
0.2948777377605438 0.6681586503982544 0.6830893754959106 -78.66133117675781 
-0.9404644966125488 0.07647742331027985 0.3311762809753418 134.0718231201172 
0.1690373718738556 -0.7400778532028198 0.6509310007095337 -1344.00341796875 
0.0 0.0 0.0 1.0

DataSet_59
0.29507917165756226 0.6727140545845032 0.678516149520874 -79.0595703125 
-0.9383879899978638 0.0703483372926712 0.33834776282310486 134.10536193847656 
0.17987877130508423 -0.7365507483482361 0.652025043964386 -1343.62841796875 
0.0 0.0 0.0 1.0

DataSet_60
0.30427980422973633 0.6766412258148193 0.6705001592636108 -79.36114501953125 
-0.9340112805366516 0.07361241430044174 0.3495771884918213 133.79898071289062 
0.18718120455741882 -0.7326239943504333 0.6543892621994019 -1343.14306640625 
0.0 0.0 0.0 1.0

DataSet_61
0.33401763439178467 0.6633694767951965 0.6696067452430725 -78.47615814208984 
-0.9156111478805542 0.05967520549893379 0.3976117968559265 133.7770538330078 
0.22380462288856506 -0.7459087371826172 0.6273210644721985 -1344.1217041015625 
0.0 0.0 0.0 1.0

DataSet_62
0.2990368902683258 0.6598344445228577 0.6893441677093506 -77.82308959960938 
-0.9352992177009583 0.05944857373833656 0.3488282859325409 133.74647521972656 
0.1891883909702301 -0.7490556240081787 0.6349200010299683 -1344.7496337890625 
0.0 0.0 0.0 1.0

DataSet_63
0.31736093759536743 0.6576484441757202 0.6832134127616882 -77.98400115966797 
-0.9311403632164001 0.07965031266212463 0.3558560907840729 133.96580505371094 
0.17961005866527557 -0.7491023540496826 0.6376408338546753 -1344.8082275390625 
0.0 0.0 0.0 1.0

DataSet_64
0.2884161174297333 0.6589303612709045 0.6947135329246521 -77.98153686523438 
-0.9417029023170471 0.06393362581729889 0.3303152322769165 133.84869384765625 
0.17323921620845795 -0.7494819760322571 0.6389561295509338 -1344.8232421875 
0.0 0.0 0.0 1.0

DataSet_65
0.2542506158351898 0.662718653678894 0.7043866515159607 -77.92886352539062 
-0.9579070210456848 0.07216967642307281 0.2778591513633728 133.77296447753906 
0.1333070695400238 -0.7453827857971191 0.6531720757484436 -1344.82666015625 
0.0 0.0 0.0 1.0

DataSet_66
0.26930612325668335 0.6643919348716736 0.697178304195404 -129.550048828125 
-0.9513794779777527 0.07115509361028671 0.2996901273727417 139.8374786376953 
0.1495039016008377 -0.7439895272254944 0.6512513160705566 -1405.6162109375 
0.0 0.0 0.0 1.0

DataSet_67
0.2703242599964142 0.6639291644096375 0.6972250938415527 -129.70632934570312 
-0.950456976890564 0.06858587265014648 0.30319538712501526 139.838623046875 
0.15348048508167267 -0.7446435689926147 0.6495765447616577 -1405.5335693359375 
0.0 0.0 0.0 1.0

DataSet_68
0.2768387794494629 0.6635227203369141 0.695052444934845 -129.58438110351562 
-0.9478431940078735 0.06965097039937973 0.3110337555408478 139.76953125 
0.15796689689159393 -0.7449069619178772 0.648197591304779 -1405.6514892578125 
0.0 0.0 0.0 1.0

DataSet_69
0.31395742297172546 0.6605534553527832 0.6819822788238525 -129.64959716796875 
-0.9261569380760193 0.05498487874865532 0.37310850620269775 139.86573791503906 
0.2089594304561615 -0.748762845993042 0.6290391087532043 -1405.62451171875 
0.0 0.0 0.0 1.0

DataSet_70
0.3006345331668854 0.6601078510284424 0.6883869171142578 -129.62747192382812 
-0.9307720065116882 0.04562116786837578 0.36274266242980957 139.8235626220703 
0.20804427564144135 -0.7497841715812683 0.6281251907348633 -1405.648681640625 
0.0 0.0 0.0 1.0

DataSet_71
0.31852030754089355 0.660593569278717 0.6798242330551147 -129.58670043945312 
-0.9244436621665955 0.0578673779964447 0.3769022226333618 139.9342803955078 
0.2096395641565323 -0.7485101819038391 0.629113495349884 -1405.62451171875 
0.0 0.0 0.0 1.0

DataSet_72
0.2808148264884949 0.6638280153274536 0.693163275718689 -129.548828125 
-0.9453443288803101 0.06659644842147827 0.3192005753517151 139.9285430908203 
0.16573208570480347 -0.7449142336845398 0.646247386932373 -1405.6148681640625 
0.0 0.0 0.0 1.0

DataSet_73
0.28697794675827026 0.6619469523429871 0.6924376487731934 -129.62118530273438 
-0.9420158863067627 0.06376925855875015 0.32945340871810913 139.89207458496094 
0.17392444610595703 -0.746833086013794 0.6418649554252625 -1405.6434326171875 
0.0 0.0 0.0 1.0

DataSet_74
0.287259042263031 0.6617923974990845 0.6924688220024109 -129.58578491210938 
-0.9405539631843567 0.05811097100377083 0.3346363306045532 139.8677215576172 
0.18121974170207977 -0.7474315762519836 0.6391443014144897 -1405.63037109375 
0.0 0.0 0.0 1.0

DataSet_75
0.295833557844162 0.6613606214523315 0.6892638206481934 -129.63900756835938 
-0.9363210201263428 0.05787010118365288 0.3463436961174011 139.8913116455078 
0.18917031586170197 -0.7478322982788086 0.6363658308982849 -1405.5263671875 
0.0 0.0 0.0 1.0

DataSet_76
0.3225415050983429 0.6610224843025208 0.6775073409080505 -129.62063598632812 
-0.9247620701789856 0.06735315173864365 0.3745378851890564 139.99899291992188 
0.2019457221031189 -0.7473371028900146 0.6330127120018005 -1405.6417236328125 
0.0 0.0 0.0 1.0

DataSet_77
0.2792685627937317 0.6568590998649597 0.7003893256187439 -106.80667114257812 
-0.9376606345176697 0.029396720230579376 0.34630683064460754 76.90229797363281 
0.20688563585281372 -0.7534400820732117 0.6241204738616943 -1378.6099853515625 
0.0 0.0 0.0 1.0

DataSet_78
0.280241996049881 0.657293438911438 0.6995925903320312 -106.94203186035156 
-0.9352782368659973 0.022860683500766754 0.35317423939704895 76.90296936035156 
0.21614593267440796 -0.7532879710197449 0.6211587190628052 -1378.4432373046875 
0.0 0.0 0.0 1.0

DataSet_79
0.29735374450683594 0.6622388958930969 0.6877648234367371 -106.58343505859375 
-0.9385659694671631 0.07060837745666504 0.3377993404865265 77.01795959472656 
0.17514190077781677 -0.7459585666656494 0.642550528049469 -1378.7542724609375 
0.0 0.0 0.0 1.0

DataSet_80
0.32164427638053894 0.6597438454627991 0.6791781783103943 -106.61009216308594 
-0.9258777499198914 0.06897611171007156 0.3714735805988312 77.05621337890625 
0.1982303410768509 -0.7483183145523071 0.633027970790863 -1378.73583984375 
0.0 0.0 0.0 1.0

DataSet_81
0.32216355204582214 0.6599302291870117 0.6787508130073547 -106.73131561279297 
-0.9233075976371765 0.06068702042102814 0.37923622131347656 77.07520294189453 
0.2090781033039093 -0.748871922492981 0.6288698315620422 -1378.65673828125 
0.0 0.0 0.0 1.0

DataSet_82
0.32792842388153076 0.6569015979766846 0.678928017616272 -106.62578582763672 
-0.9172128438949585 0.04928354173898697 0.3953375518321991 77.02201080322266 
0.22623789310455322 -0.7523638606071472 0.6186800599098206 -1378.7066650390625 
0.0 0.0 0.0 1.0

DataSet_83
0.30795884132385254 0.6554349064826965 0.6896132826805115 -106.71237182617188 
-0.9245654344558716 0.035236746072769165 0.3793904781341553 76.92372131347656 
0.22436600923538208 -0.754429280757904 0.6168438792228699 -1378.748291015625 
0.0 0.0 0.0 1.0

DataSet_84
0.32492783665657043 0.6557701230049133 0.6814597845077515 -106.77049255371094 
-0.914176881313324 0.03318658843636513 0.40395450592041016 76.94600677490234 
0.24228598177433014 -0.7542308568954468 0.6102731823921204 -1378.6572265625 
0.0 0.0 0.0 1.0

DataSet_85
0.29942139983177185 0.6570339798927307 0.6918476223945618 -106.70606994628906 
-0.9321416020393372 0.046696651726961136 0.35907021164894104 76.93011474609375 
0.20361436903476715 -0.752413272857666 0.6264307498931885 -1378.7943115234375 
0.0 0.0 0.0 1.0

DataSet_86
0.3086550831794739 0.6594396829605103 0.6854715943336487 -106.59133911132812 
-0.9287664294242859 0.05344340205192566 0.3667924106121063 77.04376220703125 
0.2052435427904129 -0.7498553395271301 0.6289610266685486 -1378.73681640625 
0.0 0.0 0.0 1.0

DataSet_87
0.3855857253074646 0.656361997127533 0.6484693884849548 -135.10787963867188 
-0.8764450550079346 0.040881313383579254 0.4797632098197937 20.307435989379883 
0.28838810324668884 -0.7533376216888428 0.5910285115242004 -1412.7703857421875 
0.0 0.0 0.0 1.0

DataSet_88
0.34652838110923767 0.6588199734687805 0.667738139629364 -135.1157989501953 
-0.9091944694519043 0.060725580900907516 0.41191962361335754 20.342700958251953 
0.23083211481571198 -0.7498456835746765 0.6200386881828308 -1412.7935791015625 
0.0 0.0 0.0 1.0

DataSet_89
0.32129061222076416 0.6557769179344177 0.6831756234169006 -135.13473510742188 
-0.9156507253646851 0.031098533421754837 0.4007699191570282 20.131656646728516 
0.24156992137432098 -0.7543138861656189 0.6104543209075928 -1412.804443359375 
0.0 0.0 0.0 1.0

DataSet_90
0.3515453636646271 0.6562211513519287 0.6676748394966125 -135.15017700195312 
-0.8973787426948547 0.03303314745426178 0.4400229752063751 20.188095092773438 
0.2666969895362854 -0.7538452744483948 0.6004915237426758 -1412.7952880859375 
0.0 0.0 0.0 1.0

DataSet_91
0.361487478017807 0.6600070595741272 0.6585723161697388 -135.39450073242188 
-0.8935630321502686 0.043558306992053986 0.44681963324546814 20.297452926635742 
0.2662178575992584 -0.7499955892562866 0.6055036783218384 -1412.459716796875 
0.0 0.0 0.0 1.0

DataSet_92
0.35615816712379456 0.6587258577346802 0.6627455949783325 -135.3035125732422 
-0.9015601277351379 0.055793680250644684 0.4290413558483124 20.36225128173828 
0.24564363062381744 -0.7503114938735962 0.6137523055076599 -1412.694580078125 
0.0 0.0 0.0 1.0

DataSet_93
0.34647372364997864 0.6581301689147949 0.66844642162323 -135.13760375976562 
-0.906391978263855 0.05128602683544159 0.41931280493736267 20.26618003845215 
0.24168044328689575 -0.7511553764343262 0.6142932176589966 -1412.850830078125 
0.0 0.0 0.0 1.0

DataSet_94
0.3467150330543518 0.6666433215141296 0.6598297357559204 -135.69644165039062 
-0.9086612462997437 0.0642404556274414 0.4125625193119049 20.262935638427734 
0.23264428973197937 -0.7426033616065979 0.6280261278152466 -1412.10302734375 
0.0 0.0 0.0 1.0

DataSet_95
0.32244056463241577 0.6571022868156433 0.6813579797744751 -135.134521484375 
-0.9215908646583557 0.05358855798840523 0.3844456970691681 20.202560424804688 
0.21610714495182037 -0.7518941760063171 0.6228585839271545 -1412.8619384765625 
0.0 0.0 0.0 1.0

DataSet_96
0.3022940456867218 0.6698539853096008 0.6781695485115051 -135.87789916992188 
-0.9323746562004089 0.05983195826411247 0.35650762915611267 20.247974395751953 
0.19823181629180908 -0.7400782704353333 0.6426417231559753 -1411.9136962890625 
0.0 0.0 0.0 1.0

DataSet_97
0.3119893968105316 0.6585776209831238 0.6847906112670898 -83.47213745117188 
-0.9272899627685547 0.054134901612997055 0.37040895223617554 14.181689262390137 
0.20687198638916016 -0.7505630850791931 0.6275818943977356 -1351.941162109375 
0.0 0.0 0.0 1.0

DataSet_98
0.44590896368026733 0.6502770185470581 0.6150650978088379 -84.05233764648438 
-0.7983677983283997 -0.021734101697802544 0.6017778515815735 14.059913635253906 
0.4046901762485504 -0.7593862414360046 0.5094687342643738 -1351.9205322265625 
0.0 0.0 0.0 1.0

DataSet_99
0.323436975479126 0.6636755466461182 0.6744800209999084 -83.85954284667969 
-0.923076868057251 0.06451547145843506 0.37916597723960876 14.24316120147705 
0.20812878012657166 -0.7452332377433777 0.633490264415741 -1351.439697265625 
0.0 0.0 0.0 1.0

DataSet_100
0.36900800466537476 0.6569666862487793 0.6574404239654541 -83.59559631347656 
-0.8920379877090454 0.051729876548051834 0.44899022579193115 14.273158073425293 
0.2609623074531555 -0.7521427869796753 0.6051279306411743 -1351.78515625 
0.0 0.0 0.0 1.0

DataSet_101
0.37017178535461426 0.6562342047691345 0.6575177311897278 -83.55259704589844 
-0.8921768069267273 0.05393119528889656 0.4484551250934601 14.24039077758789 
0.25883087515830994 -0.7526274919509888 0.6054407358169556 -1351.8465576171875 
0.0 0.0 0.0 1.0

DataSet_104
0.34226366877555847 0.6563460230827332 0.6723581552505493 -83.51329803466797 
-0.9110426902770996 0.05672557279467583 0.4083912968635559 14.200515747070312 
0.2299060970544815 -0.7523245215415955 0.6173743605613708 -1351.914306640625 
0.0 0.0 0.0 1.0

DataSet_105
0.3351885676383972 0.6643458604812622 0.6680517792701721 -83.86715698242188 
-0.9156807065010071 0.06281512975692749 0.3969673216342926 14.250858306884766 
0.2217598706483841 -0.7447810769081116 0.6293836236000061 -1351.31884765625 
0.0 0.0 0.0 1.0

DataSet_106
0.33043593168258667 0.6596372127532959 0.6750487685203552 -83.39204406738281 
-0.921255350112915 0.06993028521537781 0.3826201856136322 14.230305671691895 
0.2051841765642166 -0.7483237385749817 0.6308018565177917 -1351.8790283203125 
0.0 0.0 0.0 1.0

DataSet_107
0.3104603886604309 0.6594315767288208 0.6846636533737183 -83.52647399902344 
-0.9297718405723572 0.06075526028871536 0.36308833956718445 14.16071605682373 
0.19783498346805573 -0.7493055462837219 0.6319830417633057 -1351.837646484375 
0.0 0.0 0.0 1.0

DataSet_108
0.3307443857192993 0.6590785980224609 0.6754432916641235 -83.39190673828125 
-0.9201149940490723 0.06613004207611084 0.38602495193481445 14.306779861450195 
0.20975372195243835 -0.7491610050201416 0.6283001899719238 -1351.8992919921875 
0.0 0.0 0.0 1.0

