DataSet: 1
26.3671875 -52.20703125 -1.142578125 1.58203125 0.343466669085511 2.373046875 -107.841796875 0.263671875
617.065 282.802 77.745 683.220
0.1396823 -0.08479221 0.9865592 617.0649 -0.0281674 0.9955834 0.0895559 282.8016 -0.9897957 -0.04029818 0.136677 77.74519 0 0 0 1
DataSet: 2
26.455078125 -52.3828125 -1.142578125 1.58203125 0.34346169072405 2.28515625 -107.75390625 0.263671875
617.088 282.841 77.999 683.286
0.142179 -0.08337617 0.9863232 617.0875 -0.02756426 0.9957262 0.08814443 282.8406 -0.9894571 -0.03971956 0.1392731 77.99913 0 0 0 1
DataSet: 3
26.455078125 -52.3828125 -1.142578125 1.58203125 0.34346169072405 2.28515625 -107.75390625 0.263671875
617.088 282.841 77.999 683.286
0.142179 -0.08337617 0.9863232 617.0875 -0.02756426 0.9957262 0.08814443 282.8406 -0.9894571 -0.03971956 0.1392731 77.99913 0 0 0 1
DataSet: 4
24.78515625 -50.361328125 -1.142578125 1.58203125 0.687080712607887 3.427734375 -113.203125 0.52734375
617.136 282.294 78.814 683.197
0.04353248 -0.09891947 0.9941428 617.1357 -0.04907826 0.993673 0.1010218 282.2943 -0.9978458 -0.05318853 0.03840225 78.81423 0 0 0 1
DataSet: 5
26.015625 -52.119140625 -1.23046875 1.58203125 0.915935006368819 2.548828125 -99.404296875 0.703125
617.016 282.320 78.063 683.014
0.2874902 -0.08290718 0.9541885 617.0162 -0.02521751 0.9952459 0.09407242 282.3203 -0.9574515 -0.05110716 0.2840328 78.06254 0 0 0 1
DataSet: 6
-44.384765625 57.744140625 -0.3515625 1.494140625 -0.458008796787359 2.98828125 -67.5 -0.3515625
603.938 285.752 103.678 676.124
0.190023 -0.09952477 0.9767221 603.9376 0.0538994 0.9944058 0.09084046 285.752 -0.980299 0.03538296 0.1943243 103.6781 0 0 0 1
DataSet: 7
-44.033203125 58.095703125 -0.3515625 1.58203125 -1.71767489703965 3.427734375 -70.927734375 -1.318359375
603.734 285.298 102.418 675.558
0.1147327 -0.1014119 0.9882064 603.7338 0.07280207 0.992959 0.09344712 285.2978 -0.9907251 0.06122203 0.1213079 102.4175 0 0 0 1
DataSet: 8
-44.47265625 58.53515625 -0.263671875 1.58203125 -1.14499303414876 2.900390625 -73.740234375 -0.87890625
604.053 286.100 102.665 676.220
0.0704299 -0.09493588 0.9929888 604.0531 0.05540306 0.9942966 0.09113132 286.1002 -0.995977 0.04859626 0.07528794 102.6655 0 0 0 1
DataSet: 9
-43.857421875 58.0078125 -0.263671875 1.58203125 -2.06128330292181 3.603515625 -68.642578125 -1.58203125
603.765 285.479 102.342 675.651
0.1510261 -0.1028196 0.9831679 603.7646 0.08352416 0.9923467 0.09094918 285.479 -0.9849948 0.06838258 0.1584582 102.3423 0 0 0 1
DataSet: 10
-45.263671875 60.380859375 -0.52734375 1.58203125 -1.25929724131554 2.021484375 -65.56640625 -0.966796875
603.662 285.321 100.395 675.200
0.1989186 -0.0789432 0.9768313 603.6623 0.06339035 0.9956995 0.06755944 285.3211 -0.9779637 0.04848285 0.2030673 100.3948 0 0 0 1
DataSet: 11
-42.451171875 55.986328125 -0.263671875 1.58203125 -2.63478814690998 4.833984375 -69.609375 -2.021484375
604.279 284.526 103.452 675.878
0.1398408 -0.1218475 0.9826483 604.2795 0.09937243 0.9891164 0.1085078 284.5262 -0.985175 0.08247433 0.1504271 103.4523 0 0 0 1
DataSet: 12
-44.208984375 58.798828125 -0.3515625 1.58203125 -1.71760340948745 3.251953125 -68.115234375 -1.318359375
603.106 285.383 99.977 674.667
0.1559145 -0.09798005 0.9828991 603.106 0.0761639 0.9932982 0.08693502 285.3833 -0.9848298 0.061307 0.1623321 99.97653 0 0 0 1
DataSet: 13
28.125 -54.66796875 -1.318359375 1.58203125 0.457879188028946 0.966796875 -106.259765625 0.3515625
618.077 282.582 76.197 683.869
0.1745475 -0.06165369 0.9827166 618.0767 -0.0207202 0.9975868 0.06626688 282.5821 -0.9844307 -0.03192881 0.1728488 76.19656 0 0 0 1
DataSet: 14
26.982421875 -53.96484375 -1.142578125 1.58203125 1.48820198346593 1.7578125 -111.26953125 1.142578125
617.729 283.036 78.289 683.979
0.09818301 -0.06512673 0.993035 617.7286 -0.04896631 0.9963315 0.07018431 283.0358 -0.993963 -0.05551616 0.09463381 78.28875 0 0 0 1
DataSet: 15
27.333984375 -54.580078125 -1.40625 1.58203125 1.83156445953298 1.494140625 -110.0390625 1.40625
618.255 281.952 77.023 683.863
0.1226306 -0.05785439 0.9907647 618.2552 -0.05207463 0.9965491 0.06463763 281.9516 -0.9910852 -0.05952025 0.1191946 77.02319 0 0 0 1
DataSet: 16
42.1875 -78.837890625 -0.703125 1.58203125 2.06068768066926 2.197265625 -113.994140625 1.58203125
542.180 284.703 77.460 617.264
0.2068419 -0.05549842 0.976799 542.1804 -0.0651776 0.9953903 0.07035639 284.7026 -0.9762009 -0.07821807 0.2022712 77.45987 0 0 0 1
DataSet: 17
41.66015625 -78.837890625 -0.703125 1.58203125 2.74768856661444 2.548828125 -121.376953125 2.109375
542.386 284.435 77.941 617.382
0.08733032 -0.0527998 0.9947792 542.3859 -0.08694182 0.99438 0.06041112 284.4354 -0.9923782 -0.09176363 0.08224902 77.94118 0 0 0 1
DataSet: 18
42.890625 -79.27734375 -0.703125 1.58203125 1.71712987348689 1.669921875 -119.267578125 1.318359375
542.358 284.966 77.025 617.488
0.1125898 -0.0520219 0.9922788 542.3581 -0.06134384 0.9963598 0.05919629 284.9662 -0.9917462 -0.06753509 0.1089887 77.02534 0 0 0 1
DataSet: 19
42.275390625 -79.189453125 -0.615234375 1.58203125 2.74756458360893 2.28515625 -120.41015625 2.109375
542.612 284.936 75.781 617.543
0.1006877 -0.04939597 0.9936911 542.612 -0.08359326 0.9948152 0.0579221 284.9362 -0.9914001 -0.08889793 0.09603648 75.78134 0 0 0 1
DataSet: 20
42.5390625 -79.27734375 -0.703125 1.58203125 2.1750798207308 1.93359375 -121.728515625 1.669921875
542.323 284.802 77.379 617.425
0.07543175 -0.05047575 0.9958726 542.3231 -0.07329501 0.9957357 0.0560205 284.8018 -0.9944535 -0.07721822 0.07141046 77.37886 0 0 0 1
DataSet: 21
-61.5234375 84.0234375 0.17578125 1.58203125 -0.457992252326031 2.8125 -69.697265625 -0.3515625
522.258 288.147 109.026 606.357
0.04556231 -0.09223494 0.9946943 522.2584 0.04931819 0.9947219 0.08997846 288.1472 -0.9977434 0.0449569 0.04987068 109.0259 0 0 0 1
DataSet: 22
-60.908203125 83.056640625 0.3515625 1.58203125 0.11451136940589 3.33984375 -68.37890625 0.087890625
521.820 288.677 108.601 606.156
0.0745336 -0.1043602 0.9917427 521.82 0.04500855 0.9938475 0.1011991 288.6775 -0.9962023 0.03709417 0.07877214 108.6013 0 0 0 1
DataSet: 23
-62.05078125 83.583984375 0.087890625 1.494140625 -0.228977874150874 2.373046875 -66.181640625 -0.17578125
523.933 287.993 114.881 608.804
0.1238939 -0.08689491 0.9884835 523.9326 0.04776722 0.9955258 0.08152697 287.9926 -0.9911451 0.03711641 0.1274903 114.8805 0 0 0 1
DataSet: 24
-61.083984375 82.177734375 0.3515625 1.58203125 0.229008950898669 3.076171875 -65.91796875 0.17578125
524.242 288.818 115.177 609.517
0.1343604 -0.1011392 0.9857576 524.2419 0.04565336 0.9943533 0.09579846 288.8179 -0.9898803 0.03213163 0.138219 115.1768 0 0 0 1
DataSet: 25
-61.083984375 79.453125 0.263671875 1.58203125 0.801528341799133 3.076171875 -71.630859375 0.615234375
528.632 288.472 131.618 616.434
0.08174222 -0.1048533 0.9911226 528.6319 0.02640231 0.9943293 0.1030151 288.4716 -0.9963037 0.01774725 0.08404706 131.6183 0 0 0 1
DataSet: 26
-49.74609375 72.7734375 0.17578125 1.58203125 -1.03044206317013 2.63671875 -57.919921875 -0.791015625
567.557 288.107 72.516 640.613
0.2228306 -0.08471924 0.9711689 567.5574 0.07394405 0.9948156 0.06981588 288.1066 -0.9720488 0.05625505 0.2279399 72.51612 0 0 0 1
DataSet: 27
-49.482421875 72.0703125 0.263671875 1.58203125 -0.801513204533226 2.98828125 -59.326171875 -0.615234375
567.530 288.350 73.579 640.820
0.2046769 -0.0921959 0.9744779 567.5299 0.07171892 0.9942909 0.07900675 288.3505 -0.9761986 0.05371766 0.2101206 73.57896 0 0 0 1
DataSet: 28
-49.833984375 71.982421875 0.17578125 1.58203125 0 2.63671875 -60.908203125 0
567.521 288.248 74.012 640.816
0.1869364 -0.09151301 0.9781003 567.5212 0.05356567 0.9951199 0.08286782 288.2476 -0.9809105 0.03690159 0.1909261 74.01205 0 0 0 1
DataSet: 29
-50.09765625 72.7734375 0 1.58203125 -0.686931803051395 2.373046875 -59.765625 -0.52734375
567.717 287.532 74.747 640.753
0.1990985 -0.08281322 0.9764742 567.7172 0.0639217 0.9953985 0.07138482 287.5319 -0.9778925 0.04820528 0.203476 74.74655 0 0 0 1
DataSet: 30
-49.5703125 72.24609375 0.263671875 1.58203125 -0.572500071788739 2.900390625 -60.8203125 -0.439453125
567.071 288.435 72.135 640.288
0.1781433 -0.09204512 0.9796901 567.0712 0.06521331 0.9945309 0.08158131 288.4354 -0.9818412 0.04935567 0.1831716 72.13525 0 0 0 1
DataSet: 31
41.748046875 -73.037109375 -0.52734375 1.58203125 2.06091258601366 2.8125 -106.34765625 1.58203125
562.264 285.174 43.087 631.919
0.2464039 -0.07173858 0.9665085 562.2642 -0.05824325 0.9943581 0.08865437 285.1743 -0.9674156 -0.07813738 0.2408354 43.08733 0 0 0 1
DataSet: 32
43.06640625 -73.740234375 -0.615234375 1.58203125 0.915845592139592 1.93359375 -107.314453125 0.703125
561.159 285.286 43.614 631.023
0.2220073 -0.06986659 0.9725387 561.1594 -0.03474165 0.9962294 0.07949921 285.2855 -0.9744259 -0.05143701 0.2187429 43.61403 0 0 0 1
DataSet: 33
42.01171875 -73.4765625 -0.615234375 1.58203125 2.28981078513596 2.63671875 -110.830078125 1.7578125
562.207 284.851 43.254 631.734
0.1738163 -0.06681837 0.9825086 562.2072 -0.06753928 0.9945374 0.07958484 284.8507 -0.9824593 -0.08019107 0.1683539 43.25377 0 0 0 1
DataSet: 34
42.099609375 -73.125 -0.52734375 1.58203125 1.48838144923365 2.548828125 -108.45703125 1.142578125
561.796 285.369 43.993 631.653
0.2071305 -0.07349315 0.9755489 561.7957 -0.0498157 0.9950884 0.08554213 285.3689 -0.9770442 -0.06631603 0.202452 43.99334 0 0 0 1
DataSet: 35
42.71484375 -73.564453125 -0.52734375 1.58203125 1.37379384704143 2.109375 -107.578125 1.0546875
562.075 285.573 43.036 631.927
0.2199161 -0.06813129 0.9731367 562.075 -0.04409488 0.9958442 0.07968596 285.5727 -0.9745217 -0.06043457 0.2159979 43.03632 0 0 0 1
DataSet: 36
39.462890625 -60.029296875 -0.703125 1.58203125 -0.915935006368819 2.548828125 -97.91015625 -0.703125
597.691 284.490 -9.037 662.005
0.2060973 -0.09912349 0.973498 597.6913 0.009916862 0.9950166 0.09921507 284.49 -0.9784812 -0.01079391 0.2060532 -9.037466 0 0 0 1
DataSet: 37
40.166015625 -61.171875 -0.615234375 1.58203125 -0.228962534898198 1.93359375 -98.701171875 -0.17578125
598.771 285.231 -10.028 663.314
0.2009093 -0.08462249 0.975948 598.7715 -0.00239461 0.9962165 0.08687289 285.2314 -0.9796069 -0.01979059 0.1999465 -10.02835 0 0 0 1
DataSet: 38
39.19921875 -60.46875 -0.52734375 1.58203125 0.572480020505903 2.724609375 -95.361328125 0.439453125
598.307 285.286 -11.165 662.936
0.2604347 -0.09254923 0.9610455 598.3068 -0.01262853 0.9949834 0.09923969 285.2863 -0.9654089 -0.03798205 0.2579594 -11.16474 0 0 0 1
DataSet: 39
40.78125 -62.138671875 -0.615234375 1.58203125 0.572398613942333 1.845703125 -93.076171875 0.439453125
597.787 285.292 -12.631 662.496
0.3020752 -0.07811069 0.9500785 597.787 -0.007841849 0.9964001 0.0844123 285.2922 -0.9532518 -0.03294924 0.3003752 -12.63133 0 0 0 1
DataSet: 40
39.990234375 -62.138671875 -0.703125 1.58203125 1.83170815087878 2.109375 -93.8671875 1.40625
599.152 284.738 -12.440 663.486
0.300056 -0.07348574 0.9510869 599.1517 -0.03273259 0.9956481 0.08725549 284.7384 -0.9533598 -0.05731308 0.2963448 -12.44044 0 0 0 1
DataSet: 41
-39.0234375 61.171875 0.087890625 1.58203125 -0.457955293451254 2.373046875 -55.458984375 -0.3515625
606.127 287.930 11.144 671.131
0.2279671 -0.08207534 0.9702034 606.1266 0.06560636 0.9954711 0.06879746 287.9296 -0.9714561 0.04796796 0.2323193 11.14431 0 0 0 1
DataSet: 42
-39.111328125 60.1171875 0.17578125 1.58203125 1.14488027376027 2.373046875 -56.07421875 0.87890625
605.893 288.382 11.641 671.122
0.2361796 -0.09284601 0.9672636 605.8926 0.04101683 0.9954901 0.08554023 288.3817 -0.9708434 0.01947123 0.2389227 11.64077 0 0 0 1
DataSet: 43
-39.111328125 60.556640625 0.087890625 1.58203125 0 2.28515625 -56.42578125 0
607.277 288.020 13.986 672.262
0.2234698 -0.08420505 0.9710668 607.2772 0.05650051 0.9957053 0.0733392 288.0198 -0.9730719 0.03847668 0.2272677 13.98553 0 0 0 1
DataSet: 44
-38.056640625 59.58984375 0.3515625 1.494140625 -0.343526826046977 3.251953125 -54.228515625 -0.263671875
605.922 288.629 12.304 671.267
0.2579429 -0.09760541 0.9612173 605.9218 0.07426257 0.9939437 0.08100018 288.6292 -0.9633019 0.05048904 0.2636292 12.30394 0 0 0 1
DataSet: 45
-39.111328125 60.908203125 0.087890625 1.58203125 -0.343466669085511 2.373046875 -54.228515625 -0.263671875
606.523 287.939 13.349 671.534
0.2545648 -0.08312135 0.9634768 606.5233 0.06534278 0.9955007 0.06861959 287.9386 -0.9648456 0.04548812 0.2588508 13.349 0 0 0 1
DataSet: 46
-51.591796875 84.111328125 1.0546875 1.58203125 -2.29094278225772 4.5703125 -49.130859375 -1.7578125
529.103 290.452 26.938 604.184
0.2210059 -0.09385549 0.9707459 529.1035 0.1232677 0.9900643 0.06765941 290.4518 -0.967451 0.1047085 0.2303794 26.93827 0 0 0 1
DataSet: 47
-53.173828125 85.341796875 0.703125 1.58203125 -0.686999460515934 2.900390625 -45.87890625 -0.52734375
528.008 290.276 24.375 603.031
0.2869444 -0.08277566 0.9543642 528.0075 0.08556118 0.9944925 0.06053084 290.2761 -0.9541185 0.06428754 0.2924464 24.37506 0 0 0 1
DataSet: 48
-51.50390625 84.0234375 0.966796875 1.58203125 -2.29100879265622 4.658203125 -45.87890625 -1.7578125
528.919 289.994 26.808 603.797
0.2753523 -0.09517406 0.9566206 528.9195 0.1279645 0.9898609 0.06164803 289.9944 -0.9527887 0.1054385 0.2847393 26.80827 0 0 0 1
DataSet: 49
-51.50390625 83.84765625 1.0546875 1.58203125 -2.06192090181483 4.658203125 -49.658203125 -1.58203125
529.022 290.462 26.829 604.113
0.2143961 -0.09746999 0.9718714 529.0222 0.1203795 0.9900596 0.07273824 290.4615 -0.9693003 0.1013986 0.2239983 26.82931 0 0 0 1
DataSet: 50
-51.064453125 83.759765625 1.0546875 1.58203125 -2.52055718350836 5.185546875 -49.5703125 -1.93359375
528.326 289.948 26.207 603.228
0.2088056 -0.100794 0.9727491 528.3255 0.13287 0.9883752 0.07389192 289.9478 -0.9688889 0.1138201 0.2197708 26.20689 0 0 0 1
DataSet: 51
59.58984375 -86.572265625 -0.17578125 1.58203125 2.17584184503308 3.69140625 -111.181640625 1.669921875
513.558 286.233 -16.267 588.163
0.129817 -0.08692967 0.98772 513.558 -0.07282442 0.9926232 0.09693258 286.2334 -0.98886 -0.08451363 0.1225287 -16.26714 0 0 0 1
DataSet: 52
59.4140625 -86.30859375 -0.087890625 1.58203125 2.06142731737492 3.8671875 -106.083984375 1.58203125
513.256 286.521 -16.422 588.044
0.2154987 -0.09068117 0.9722846 513.2556 -0.06290063 0.9923221 0.1064914 286.5209 -0.9744762 -0.08410607 0.2081403 -16.42155 0 0 0 1
DataSet: 53
60.029296875 -86.66015625 -0.087890625 1.58203125 1.48865848108449 3.427734375 -106.611328125 1.142578125
512.428 286.834 -14.914 587.434
0.2037783 -0.08927733 0.9749379 512.428 -0.05139505 0.9934847 0.1017181 286.8343 -0.9776671 -0.07083493 0.1978622 -14.91394 0 0 0 1
DataSet: 54
59.94140625 -87.451171875 -0.3515625 1.58203125 3.09168577100305 3.427734375 -107.666015625 2.373046875
513.680 285.439 -16.334 587.886
0.199783 -0.07421489 0.9770256 513.6804 -0.0807119 0.9924924 0.09189378 285.4386 -0.9765103 -0.0972164 0.1922931 -16.33431 0 0 0 1
DataSet: 55
58.18359375 -85.78125 0 1.58203125 2.74933344145111 4.833984375 -106.69921875 2.109375
512.745 286.190 -14.565 587.388
0.2164559 -0.09863477 0.9712971 512.7448 -0.08016836 0.9897278 0.1183721 286.1902 -0.9729953 -0.1034896 0.2063251 -14.565 0 0 0 1
DataSet: 56
27.421875 -57.65625 1.7578125 1.58203125 0.572532509136093 3.1640625 -106.69921875 0.439453125
596.647 295.043 98.426 672.849
0.2315432 -0.09155097 0.9685072 596.647 -0.03408407 0.9941873 0.102127 295.0432 -0.9722273 -0.05665748 0.2270768 98.42585 0 0 0 1
DataSet: 57
27.421875 -58.0078125 1.669921875 1.58203125 1.03055373797736 3.1640625 -106.69921875 0.791015625
596.442 294.654 98.765 672.546
0.2377159 -0.08700333 0.9674304 596.4416 -0.04203846 0.9941257 0.09973374 294.6543 -0.9704246 -0.06437758 0.232662 98.76523 0 0 0 1
DataSet: 58
27.861328125 -58.623046875 1.58203125 1.58203125 1.25944603624591 2.724609375 -109.3359375 0.966796875
597.508 294.486 97.903 673.293
0.1951779 -0.07813836 0.9776502 597.5085 -0.0480177 0.9948645 0.08910045 294.4864 -0.9795917 -0.06433494 0.1904235 97.90266 0 0 0 1
DataSet: 59
28.125 -59.326171875 1.494140625 1.58203125 1.60289461722754 2.63671875 -109.51171875 1.23046875
596.701 294.118 98.017 672.432
0.1989114 -0.07301171 0.977294 596.7014 -0.05396447 0.994892 0.08530997 294.1183 -0.9785306 -0.06970828 0.1939553 98.01722 0 0 0 1
DataSet: 60
28.828125 -60.029296875 1.40625 1.58203125 1.71723079713736 2.109375 -109.16015625 1.318359375
597.734 293.960 95.724 672.950
0.2042741 -0.06404 0.9768168 597.7339 -0.05251056 0.9957044 0.07625939 293.9601 -0.9775043 -0.06687102 0.2000339 95.72379 0 0 0 1
DataSet: 61
-45.439453125 56.337890625 2.4609375 1.58203125 -1.03075954833729 3.955078125 -65.654296875 -0.791015625
598.103 297.350 134.163 681.281
0.2698548 -0.1162261 0.9558608 598.1028 0.07330028 0.9922876 0.09996149 297.3504 -0.960107 0.04308977 0.276293 134.1629 0 0 0 1
DataSet: 62
-44.384765625 53.876953125 2.724609375 1.58203125 -0.114571686855292 5.09765625 -69.521484375 -0.087890625
597.232 297.879 131.380 680.205
0.2174465 -0.1386701 0.9661716 597.2315 0.0574619 0.9899586 0.1291517 297.8792 -0.9743794 0.02743445 0.2232313 131.3803 0 0 0 1
DataSet: 63
-44.384765625 54.580078125 2.8125 1.58203125 -1.71865482354809 5.2734375 -68.37890625 -1.318359375
596.937 297.865 135.031 680.655
0.2252642 -0.1370543 0.9646099 596.9369 0.0886483 0.9888331 0.1197941 297.8652 -0.9702564 0.0585257 0.2348983 135.031 0 0 0 1
DataSet: 64
-44.912109375 54.84375 2.548828125 1.58203125 -0.229101797146167 4.5703125 -70.576171875 -0.17578125
597.464 297.472 132.584 680.464
0.1968282 -0.1292561 0.9718804 597.4642 0.05405001 0.9911947 0.1208785 297.4724 -0.978947 0.02873784 0.2020814 132.5843 0 0 0 1
DataSet: 65
-44.560546875 54.31640625 2.724609375 1.494140625 -0.34369330878351 4.921875 -73.828125 -0.263671875
597.482 298.003 132.171 680.632
0.1430685 -0.1350498 0.9804555 597.4816 0.05084308 0.9903413 0.1289924 298.0029 -0.988406 0.03139462 0.148553 132.1715 0 0 0 1
DataSet: 66
-61.259765625 80.5078125 3.1640625 1.58203125 -1.03101149496438 4.74609375 -66.533203125 -0.791015625
520.258 299.901 137.002 615.937
0.153491 -0.1244198 0.9802858 520.2584 0.07720887 0.9905186 0.1136294 299.9009 -0.9851291 0.05824567 0.161642 137.0021 0 0 0 1
DataSet: 67
-61.5234375 80.859375 3.076171875 1.494140625 -0.687284144702667 4.482421875 -66.181640625 -0.52734375
520.002 299.748 134.821 615.164
0.1594634 -0.1215487 0.9796925 520.0016 0.07031441 0.9912692 0.11154 299.7481 -0.9846966 0.05109995 0.1666178 134.8211 0 0 0 1
DataSet: 68
-61.083984375 80.419921875 3.251953125 1.58203125 -0.916511311186515 4.921875 -65.830078125 -0.703125
519.725 300.177 135.808 615.357
0.164027 -0.1278096 0.978141 519.7255 0.07793093 0.9901508 0.1163105 300.1775 -0.9833727 0.05714938 0.1723718 135.8077 0 0 0 1
DataSet: 69
-60.908203125 80.068359375 3.251953125 1.494140625 -0.572857294330275 5.09765625 -62.138671875 -0.439453125
519.255 300.084 135.410 614.827
0.2308295 -0.1325597 0.963922 519.2555 0.08110327 0.9898497 0.1167036 300.0841 -0.9696082 0.0512386 0.2392375 135.4104 0 0 0 1
DataSet: 70
-61.083984375 79.98046875 3.251953125 1.58203125 -0.114568067678581 5.009765625 -62.841796875 -0.087890625
518.835 300.201 134.846 614.405
0.2216554 -0.1332846 0.9659731 518.8347 0.07140137 0.9901738 0.1202399 300.2006 -0.9725074 0.04231998 0.2289941 134.8461 0 0 0 1
DataSet: 71
42.099609375 -82.265625 2.28515625 1.58203125 2.06147759822791 3.955078125 -115.3125 1.58203125
519.378 296.816 93.536 605.477
0.2451752 -0.07419964 0.9666352 519.3778 -0.07981554 0.9921372 0.09640143 296.8156 -0.9661877 -0.1007877 0.2373251 93.53584 0 0 0 1
DataSet: 72
42.5390625 -82.880859375 2.109375 1.58203125 2.40480721692869 3.603515625 -118.564453125 1.845703125
520.053 296.204 92.836 605.649
0.1918485 -0.06554677 0.9792333 520.0531 -0.08735634 0.9926664 0.08356053 296.2043 -0.977529 -0.1015732 0.1847157 92.83613 0 0 0 1
DataSet: 73
42.01171875 -82.353515625 2.28515625 1.58203125 2.17599746176884 3.955078125 -118.30078125 1.669921875
519.332 296.804 94.271 605.545
0.19711 -0.07268352 0.9776834 519.3316 -0.08644123 0.9920756 0.09118082 296.8037 -0.9765632 -0.1024848 0.1892652 94.2709 0 0 0 1
DataSet: 74
41.572265625 -82.001953125 2.197265625 1.58203125 2.17616389895707 4.21875 -117.861328125 1.669921875
519.172 296.263 95.011 605.259
0.2057459 -0.07610783 0.9756414 519.1718 -0.08787233 0.9915071 0.09587623 296.263 -0.9746523 -0.105458 0.1973108 95.01098 0 0 0 1
DataSet: 75
42.01171875 -82.529296875 2.109375 1.58203125 2.51955033534422 3.955078125 -117.509765625 1.93359375
519.650 295.983 93.922 605.362
0.2129847 -0.06869334 0.9746377 519.6501 -0.09033616 0.9918682 0.08964864 295.9834 -0.9728705 -0.1071388 0.2050472 93.92209 0 0 0 1
DataSet: 76
42.275390625 -82.353515625 2.197265625 1.58203125 1.71782923237714 3.779296875 -115.13671875 1.318359375
518.786 296.579 94.527 605.007
0.2469592 -0.07598863 0.9660419 518.7861 -0.07247484 0.99268 0.09661147 296.5787 -0.9663118 -0.09387282 0.2396442 94.52705 0 0 0 1
DataSet: 77
41.396484375 -73.564453125 2.021484375 1.58203125 3.32203826301304 4.833984375 -108.896484375 2.548828125
554.627 294.863 38.818 629.335
0.217711 -0.0890303 0.9719442 554.6268 -0.09447406 0.9892325 0.1117757 294.8634 -0.9714302 -0.1161583 0.2069557 38.81782 0 0 0 1
DataSet: 78
41.220703125 -73.564453125 1.93359375 1.58203125 3.66564178408866 4.833984375 -108.896484375 2.8125
555.473 294.387 38.813 629.857
0.2200785 -0.08546533 0.971731 555.473 -0.1003714 0.9888833 0.1097061 294.3871 -0.9703046 -0.1216779 0.2090536 38.81334 0 0 0 1
DataSet: 79
42.71484375 -73.564453125 2.373046875 1.58203125 1.14528658440292 3.955078125 -108.6328125 0.87890625
553.359 297.275 39.372 629.388
0.2029259 -0.09796712 0.974281 553.3591 -0.05175032 0.992519 0.1105797 297.275 -0.9778256 -0.07285884 0.196338 39.37205 0 0 0 1
DataSet: 80
42.978515625 -73.740234375 2.28515625 1.58203125 0.916166471577274 3.69140625 -106.611328125 0.703125
553.346 297.048 39.863 629.300
0.2359083 -0.09620127 0.9670019 553.3458 -0.04248804 0.9931152 0.1091645 297.0483 -0.9708461 -0.06683881 0.2301967 39.86277 0 0 0 1
DataSet: 81
42.978515625 -74.091796875 2.109375 1.58203125 1.37420935502207 3.603515625 -105.99609375 1.0546875
553.624 296.310 40.275 629.222
0.2520387 -0.0902024 0.963504 553.6237 -0.04902532 0.9931777 0.1058047 296.3096 -0.9664745 -0.07390298 0.245897 40.27462 0 0 0 1
DataSet: 82
42.451171875 -73.65234375 2.28515625 1.58203125 2.06163527722179 4.21875 -105.64453125 1.58203125
554.144 296.639 37.394 629.658
0.2587461 -0.09277947 0.9614793 554.1441 -0.06372336 0.9915686 0.1128317 296.6391 -0.9638412 -0.09046345 0.2506523 37.39441 0 0 0 1
DataSet: 83
-49.5703125 71.54296875 3.1640625 1.58203125 0.343662455973499 4.658203125 -58.0078125 0.263671875
558.416 300.066 75.597 638.422
0.2360319 -0.1267208 0.9634473 558.4161 0.07126059 0.9910485 0.1128933 300.0657 -0.9691289 0.04200941 0.2429493 75.59683 0 0 0 1
DataSet: 84
-49.658203125 71.630859375 3.076171875 1.58203125 0 4.5703125 -56.25 0
558.970 299.715 77.552 638.977
0.2660792 -0.1234814 0.9560095 558.9704 0.07874152 0.9912312 0.1061152 299.7155 -0.9607298 0.0470426 0.2734691 77.55193 0 0 0 1
DataSet: 85
-49.21875 72.0703125 3.1640625 1.58203125 -0.114564512241318 4.921875 -59.150390625 -0.087890625
557.330 299.861 69.665 636.700
0.1991273 -0.1276539 0.9716238 557.33 0.07821563 0.9903868 0.1140892 299.8611 -0.9768473 0.05327788 0.2071976 69.66453 0 0 0 1
DataSet: 86
-48.955078125 71.71875 3.251953125 1.58203125 -0.687472704250462 5.2734375 -58.18359375 -0.52734375
557.887 299.920 72.047 637.480
0.2151612 -0.1299372 0.9678956 557.8871 0.09235815 0.989374 0.1122896 299.9196 -0.9722015 0.06523269 0.2248756 72.0465 0 0 0 1
DataSet: 87
-51.50390625 84.990234375 3.779296875 1.58203125 -1.3750725738765 5.537109375 -41.396484375 -1.0546875
519.228 301.806 18.709 600.862
0.3320453 -0.1149656 0.9362312 519.2282 0.1325658 0.9883814 0.07435341 301.806 -0.9339016 0.09942352 0.3434279 18.70918 0 0 0 1
DataSet: 88
-51.416015625 85.078125 3.8671875 1.58203125 -1.71895019835411 5.712890625 -45.791015625 -1.318359375
519.258 301.996 19.297 601.002
0.2564968 -0.1142469 0.9597693 519.2584 0.1331465 0.9876993 0.08198836 301.9964 -0.9573303 0.1067602 0.2685532 19.29744 0 0 0 1
DataSet: 89
-52.20703125 84.90234375 3.69140625 1.58203125 -0.114557592417065 4.74609375 -47.373046875 -0.087890625
519.778 302.218 18.702 601.544
0.2475754 -0.1152053 0.9619949 519.7784 0.09779753 0.9908057 0.09348682 302.2176 -0.9639202 0.07093568 0.2565659 18.70191 0 0 0 1
DataSet: 90
-51.85546875 84.638671875 3.779296875 1.58203125 -0.458315896299343 5.2734375 -44.736328125 -0.3515625
519.114 302.172 19.591 600.975
0.2885247 -0.1200705 0.949914 519.1143 0.1129564 0.9894462 0.09075828 302.1717 -0.9507862 0.08111291 0.2990424 19.59071 0 0 0 1
DataSet: 91
-52.119140625 85.693359375 3.603515625 1.58203125 -1.37480051271393 5.009765625 -43.59375 -1.0546875
519.297 301.445 19.641 600.770
0.2977207 -0.107078 0.9486288 519.2971 0.1230247 0.9897074 0.07310436 301.4452 -0.9466928 0.09494009 0.3078296 19.64137 0 0 0 1
DataSet: 92
60.205078125 -85.95703125 2.8125 1.58203125 1.48879224050596 3.779296875 -100.986328125 1.142578125
512.835 299.248 -21.549 594.149
0.2847233 -0.09570084 0.9538207 512.8352 -0.04233877 0.9927778 0.112248 299.2476 -0.9576743 -0.07234324 0.2786152 -21.54902 0 0 0 1
DataSet: 93
59.23828125 -85.166015625 2.98828125 1.58203125 1.60368706115765 4.5703125 -101.337890625 1.23046875
512.619 299.519 -21.985 594.116
0.2792757 -0.1068474 0.9542477 512.6194 -0.04787559 0.9910042 0.1249746 299.5186 -0.9590167 -0.08058754 0.271648 -21.9854 0 0 0 1
DataSet: 94
60.99609375 -86.66015625 2.548828125 1.58203125 1.3740644829526 3.1640625 -102.392578125 1.0546875
512.811 298.451 -21.436 593.724
0.2604068 -0.0872779 0.9615461 512.8113 -0.04064287 0.9940321 0.1012335 298.4513 -0.9646432 -0.06544189 0.2553055 -21.43627 0 0 0 1
DataSet: 95
58.798828125 -84.990234375 2.8125 1.58203125 1.6038283615959 4.833984375 -103.7109375 1.23046875
512.315 298.587 -19.976 593.313
0.2438178 -0.110542 0.9635006 512.3147 -0.05408981 0.9903865 0.1273143 298.5873 -0.9683115 -0.08315706 0.2354947 -19.97555 0 0 0 1
DataSet: 96
60.556640625 -86.923828125 2.4609375 1.58203125 2.29015171897976 3.33984375 -105.732421875 1.7578125
513.698 297.878 -20.846 594.181
0.2149193 -0.08131478 0.9732408 513.6978 -0.06350793 0.993255 0.09701134 297.8784 -0.9745647 -0.08265812 0.2083055 -20.84603 0 0 0 1
DataSet: 97
38.84765625 -59.765625 2.548828125 1.58203125 0.916568707072115 5.09765625 -97.470703125 0.703125
589.629 297.278 -19.071 660.606
0.2181133 -0.1293685 0.9673109 589.629 -0.02777113 0.9899508 0.1386583 297.2779 -0.9755282 -0.05710655 0.2123288 -19.07137 0 0 0 1
DataSet: 98
38.84765625 -60.8203125 2.548828125 1.58203125 2.86414398016534 5.09765625 -82.880859375 2.197265625
590.024 297.006 -21.252 660.903
0.4709605 -0.1157201 0.8745313 590.0239 -0.02704048 0.9889991 0.1454288 297.0062 -0.8817397 -0.09213898 0.4626504 -21.25196 0 0 0 1
DataSet: 99
40.869140625 -62.05078125 2.109375 1.58203125 0.801610645414803 3.515625 -97.03125 0.615234375
590.624 296.356 -18.175 661.055
0.233354 -0.1039469 0.96682 590.6241 -0.02127052 0.9934864 0.1119478 296.3565 -0.9721592 -0.04668823 0.229623 -18.17541 0 0 0 1
DataSet: 100
40.517578125 -61.435546875 2.28515625 1.58203125 0.801684440954103 3.8671875 -92.373046875 0.615234375
590.405 296.904 -19.630 661.147
0.3066095 -0.109888 0.9454709 590.4045 -0.01236114 0.99277 0.119394 296.9044 -0.9517552 -0.04829441 0.3030343 -19.62954 0 0 0 1
DataSet: 101
40.4296875 -61.34765625 2.28515625 1.58203125 0.572632881954423 3.8671875 -92.4609375 0.439453125
590.239 296.904 -18.325 660.962
0.3050278 -0.1113033 0.9458169 590.2394 -0.008441906 0.9927918 0.1195538 296.9039 -0.952306 -0.04445173 0.3018895 -18.32519 0 0 0 1
DataSet: 104
-37.6171875 60.1171875 3.1640625 1.58203125 -1.03127437369357 5.44921875 -53.525390625 -0.791015625
595.440 299.327 11.503 666.542
0.2502315 -0.1274125 0.9597657 595.4399 0.1080236 0.9887877 0.1031012 299.3269 -0.9621409 0.07787819 0.2611893 11.50301 0 0 0 1
DataSet: 105
-38.232421875 61.34765625 2.98828125 1.58203125 -1.83299344617828 4.921875 -53.173828125 -1.40625
596.341 298.772 12.736 667.120
0.2476385 -0.1126087 0.9622861 596.3408 0.1150224 0.9896152 0.0862065 298.772 -0.9620005 0.08933636 0.2580194 12.73643 0 0 0 1
DataSet: 106
-37.265625 59.94140625 3.076171875 1.58203125 -1.60441520504217 5.80078125 -54.66796875 -1.23046875
595.461 298.564 12.740 666.240
0.228374 -0.1289528 0.9649956 595.4608 0.1180464 0.9875439 0.1040293 298.5639 -0.9663904 0.09015671 0.2407517 12.74036 0 0 0 1
DataSet: 107
-37.96875 60.64453125 3.076171875 1.58203125 -0.916628143965362 5.2734375 -55.986328125 -0.703125
594.785 299.108 10.674 665.844
0.2061238 -0.1251383 0.9704913 594.7845 0.1000654 0.9892853 0.1063087 299.1082 -0.9733961 0.07519981 0.2164373 10.674 0 0 0 1
DataSet: 108
-37.6171875 60.380859375 3.1640625 1.58203125 -1.37521896610787 5.80078125 -54.580078125 -1.0546875
593.879 298.997 12.113 665.009
0.2280755 -0.1303755 0.964875 593.8787 0.1147492 0.9876871 0.1063337 298.9967 -0.9668579 0.08646651 0.2402277 12.11255 0 0 0 1
