DataSet_1
0.2742946743965149 0.5252922177314758 0.8055001497268677 50.522544860839844 
-0.5198580026626587 -0.6236849427223206 0.5837505459785461 104.10592651367188 
0.8090179562568665 -0.5788654088973999 0.10200392454862595 -1486.7958984375 
0.0 0.0 0.0 1.0

DataSet_2
0.25597113370895386 0.55495285987854 0.791521430015564 50.608768463134766 
-0.3465881645679474 -0.7116784453392029 0.6110568046569824 104.18940734863281 
0.902416467666626 -0.43074485659599304 0.010170952416956425 -1486.77001953125 
0.0 0.0 0.0 1.0

DataSet_3
0.26871031522750854 0.6005738973617554 0.7530642747879028 51.20270538330078 
-0.33888715505599976 -0.6728872060775757 0.6575548052787781 106.19107055664062 
0.9016375541687012 -0.43189558386802673 0.022715041413903236 -1486.4583740234375 
0.0 0.0 0.0 1.0

DataSet_4
0.17402034997940063 0.5265468955039978 0.8321450352668762 50.744285583496094 
-0.5535569190979004 -0.6465795636177063 0.5248900651931763 105.39137268066406 
0.8144272565841675 -0.5519811511039734 0.17895567417144775 -1486.923583984375 
0.0 0.0 0.0 1.0

DataSet_5
0.24793806672096252 0.7076556086540222 0.661626935005188 51.17565155029297 
-0.09745696187019348 -0.6612676978111267 0.7437924146652222 104.92941284179688 
0.9638614058494568 -0.2488945722579956 -0.09498747438192368 -1486.8643798828125 
0.0 0.0 0.0 1.0

DataSet_6
0.20883674919605255 0.5493311882019043 0.8090874552726746 50.70355987548828 
-0.43315425515174866 -0.6897937059402466 0.580139696598053 105.3193359375 
0.8767922520637512 -0.47161415219306946 0.09389086812734604 -1487.1328125 
0.0 0.0 0.0 1.0

DataSet_1
0.31873956322669983 0.6232292056083679 0.7141361832618713 45.378082275390625 
-0.36724403500556946 -0.6133806109428406 0.699211061000824 52.08930206298828 
0.8738059997558594 -0.4851284623146057 0.0333685465157032 -1494.181884765625 
0.0 0.0 0.0 1.0

DataSet_2
0.2657528519630432 0.5138480067253113 0.8156810998916626 45.35551071166992 
-0.5049040913581848 -0.646593451499939 0.5718293190002441 52.06256866455078 
0.821247398853302 -0.5638059973716736 0.08760988712310791 -1494.1488037109375 
0.0 0.0 0.0 1.0

DataSet_3
0.34242138266563416 0.6840757131576538 0.6440403461456299 45.78596496582031 
-0.20281995832920074 -0.615498423576355 0.7615941762924194 52.04814147949219 
0.9173939228057861 -0.39141038060188293 -0.07201563566923141 -1493.8675537109375 
0.0 0.0 0.0 1.0

DataSet_4
0.09464476257562637 0.31263574957847595 0.9451462030410767 45.168113708496094 
-0.6464095115661621 -0.7027361392974854 0.2971811890602112 52.148094177246094 
0.7570978403091431 -0.6390780806541443 0.1355803906917572 -1494.2325439453125 
0.0 0.0 0.0 1.0

DataSet_5
0.33320605754852295 0.6845073103904724 0.6484006643295288 45.83457565307617 
-0.0834709107875824 -0.6635837554931641 0.7434306740760803 51.7382698059082 
0.9391518831253052 -0.301838219165802 -0.16397368907928467 -1493.8839111328125 
0.0 0.0 0.0 1.0

DataSet_6
0.2755105495452881 0.6081918478012085 0.7444438934326172 45.749507904052734 
-0.08881322294473648 -0.7549988031387329 0.6496837735176086 51.5253791809082 
0.9571866393089294 -0.24511118233203888 -0.15399466454982758 -1494.0240478515625 
0.0 0.0 0.0 1.0

DataSet_1
0.2652909457683563 0.5390529036521912 0.7994014024734497 30.060386657714844 
-0.5519521236419678 -0.5949034094810486 0.5843276381492615 133.1768341064453 
0.7905501127243042 -0.5962481498718262 0.13970892131328583 -1511.416015625 
0.0 0.0 0.0 1.0

DataSet_2
0.37568414211273193 0.7539448738098145 0.5389142036437988 30.411041259765625 
-0.3425925374031067 -0.427334189414978 0.8366695046424866 132.78419494628906 
0.8610991835594177 -0.4989514648914337 0.09775324165821075 -1511.274169921875 
0.0 0.0 0.0 1.0

DataSet_3
0.4010179936885834 0.6233072876930237 0.6713215112686157 30.64449691772461 
-0.2941068410873413 -0.6064307689666748 0.7387441396713257 133.08840942382812 
0.8675746321678162 -0.49368995428085327 -0.05987071245908737 -1511.041015625 
0.0 0.0 0.0 1.0

DataSet_4
0.33444181084632874 0.5840231776237488 0.7396388053894043 30.605812072753906 
-0.27302107214927673 -0.6911330819129944 0.6691744923591614 132.85128784179688 
0.9020022749900818 -0.4257369041442871 -0.07169314473867416 -1511.194580078125 
0.0 0.0 0.0 1.0

DataSet_5
0.2888924479484558 0.5358371138572693 0.7933598160743713 30.176570892333984 
-0.49276939034461975 -0.6272633671760559 0.6030912399291992 132.74771118164062 
0.8208041787147522 -0.5651719570159912 0.082832470536232 -1511.358154296875 
0.0 0.0 0.0 1.0

DataSet_6
0.2549191415309906 0.4286373257637024 0.8667677640914917 30.493703842163086 
-0.44466400146484375 -0.7440168857574463 0.4987111985683441 132.72579956054688 
0.8586560487747192 -0.5125514268875122 0.0009354232461191714 -1511.154541015625 
0.0 0.0 0.0 1.0

