0.2425516 -0.1903225 0.9512866 618.7151 0.2337309 0.963148 0.1331007 420.4966 -0.9415618 0.1900613 0.2780973 111.4132 0 0 0 1
0.2970585 -0.1899195 0.9357814 617.7398 0.1594384 0.9761274 0.147495 421.3933 -0.941454 0.1053849 0.3202474 110.0348 0 0 0 1
0.1400324 -0.1875373 0.9722246 619.5579 0.2506664 0.9566277 0.1484246 419.6606 -0.9578921 0.2229198 0.1809682 116.1101 0 0 0 1
-0.03307632 -0.1661345 0.9855482 616.9535 -0.09891056 0.9817911 0.1621816 421.9148 -0.9945465 -0.09211675 -0.04890649 101.2604 0 0 0 1
-0.7396875 -0.149643 0.6561017 622.7789 -0.1648459 0.9855505 0.03893649 421.3828 -0.6524479 -0.07935482 -0.7536674 100.6002 0 0 0 1
0.1985597 -0.1390612 0.9701732 624.192 0.4705119 0.8818798 0.03010863 414.9246 -0.8597631 0.4504997 0.2405358 128.5152 0 0 0 1
0.1190161 -0.1597996 0.9799486 621.9539 0.3782572 0.9198335 0.1040568 419.0488 -0.9180178 0.3582881 0.1699204 125.0968 0 0 0 1
-0.106364 -0.180885 0.9777358 616.5742 0.1169061 0.9742189 0.1929521 422.9469 -0.9874308 0.1348265 -0.08247527 115.9536 0 0 0 1
-0.515415 -0.1614577 0.841593 617.323 -0.116306 0.9861828 0.1179679 424.967 -0.8490114 -0.03707989 -0.527072 104.8068 0 0 0 1
-0.6927982 -0.1611486 0.7028953 618.1441 -0.127736 0.9867217 0.1003188 425.1585 -0.7097282 -0.02028437 -0.7041835 106.6338 0 0 0 1
-0.1794936 -0.1487609 0.9724465 616.8463 -0.1574647 0.9801 0.1208669 424.6655 -0.9710751 -0.1314311 -0.1993463 94.59061 0 0 0 1
-0.1608238 -0.1628644 0.973453 627.4774 -0.04194668 0.9865282 0.158122 424.3444 -0.9860914 -0.01540334 -0.1654888 57.69929 0 0 0 1
0.169506 -0.1127367 0.9790598 633.459 0.0221426 0.9936206 0.1105798 427.2378 -0.9852804 0.002934996 0.1709209 45.10157 0 0 0 1
0.07661261 -0.1128163 0.9906579 634.4993 0.1714638 0.9802667 0.09837276 427.6919 -0.9822071 0.1623254 0.09444471 56.46431 0 0 0 1
-0.2845432 -0.1150677 0.9517324 632.9923 -0.1290613 0.9883305 0.08090657 424.239 -0.949936 -0.09981042 -0.2960736 46.96562 0 0 0 1
0.2926572 -0.1081541 0.9500813 636.296 0.2759745 0.960856 0.02437119 426.3241 -0.9155271 0.2550658 0.3110492 61.99826 0 0 0 1
-0.257396 -0.1914218 0.9471563 623.5226 -0.06581842 0.9813792 0.1804517 421.7684 -0.9640619 -0.01589278 -0.2652021 70.81042 0 0 0 1
-0.4890689 -0.1953378 0.850091 617.4977 -0.01847475 0.9767022 0.2138023 422.3423 -0.8720495 0.08885883 -0.4812835 112.2549 0 0 0 1
-0.280113 -0.1875271 0.9414724 620.7452 0.2551909 0.9309002 0.2613473 418.6094 -0.9254265 0.313462 -0.212902 113.9731 0 0 0 1
-0.07476133 -0.16261 0.983854 623.2299 0.4200201 0.8896938 0.1789639 416.9869 -0.9044302 0.4266181 0.001784773 111.5777 0 0 0 1
-0.02973467 -0.1829543 0.9826717 616.4342 -0.06677165 0.9812739 0.1806736 422.8499 -0.9973251 -0.06024233 -0.04139402 99.49304 0 0 0 1
0.04256975 -0.07124503 0.99655 620.712 0.07489307 0.9948754 0.06792609 423.1993 -0.9962825 0.07174309 0.04768735 277.1222 0 0 0 1
-0.03074274 -0.1075842 0.9937205 616.9078 0.201525 0.9731064 0.111587 422.18 -0.9790008 0.20369 -0.008235062 292.8348 0 0 0 1
0.03854872 -0.04847011 0.9980805 624.7726 0.006556862 0.9988136 0.04825247 424.2242 -0.9992352 0.004684205 0.0388208 263.5394 0 0 0 1
0.1541162 -0.08401509 0.9844743 628.6776 0.2143698 0.9754879 0.0496893 423.3979 -0.9645174 0.2033836 0.1683488 276.0025 0 0 0 1
-0.2372651 -0.08538888 0.9676849 619.418 0.1020415 0.9884281 0.1122386 422.7794 -0.9660708 0.1253743 -0.2258062 292.0653 0 0 0 1
-0.08189695 -0.1101627 0.9905337 613.2247 0.1465066 0.9817446 0.1212983 421.8983 -0.9858137 0.1550537 -0.06426233 298.0936 0 0 0 1
-0.3818107 -0.05669938 0.9224997 620.3876 -0.001351976 0.9981497 0.06078947 422.8629 -0.9242396 0.02196287 -0.3811809 283.0977 0 0 0 1
0.014062 -0.05943099 0.9981334 618.1159 0.02600506 0.9979162 0.05905169 423.1552 -0.9995629 0.02512613 0.0155782 286.8377 0 0 0 1
0.3063067 -0.1265871 0.9434786 611.3887 0.2485711 0.9673688 0.04909215 421.9967 -0.9189062 0.2194842 0.3277775 303.8186 0 0 0 1
0.2937054 -0.1501518 0.9440294 610.6816 0.3938985 0.918851 0.02359786 419.4254 -0.8709657 0.3649209 0.3290161 313.1108 0 0 0 1
-0.4435711 -0.03905932 0.8953876 621.001 -0.03839624 0.9989608 0.02455615 423.1512 -0.8954163 -0.02348712 -0.4446099 279.4308 0 0 0 1
-0.1477791 -0.0999518 0.9839568 614.4918 0.1161763 0.9862382 0.1176319 423.4953 -0.9821733 0.131696 -0.1341333 294.7122 0 0 0 1
0.316541 -0.1398439 0.938214 609.6536 0.3061726 0.951198 0.0384806 421.4211 -0.8978086 0.2750747 0.3439095 308.7859 0 0 0 1
-0.1801933 -0.08560831 0.9798988 617.1169 0.07935016 0.9916935 0.1012304 423.1919 -0.9804254 0.09599616 -0.1719034 290.1301 0 0 0 1
0.1192196 -0.1293088 0.9844115 613.7548 0.277194 0.9563936 0.09205817 422.1626 -0.9533888 0.2618978 0.1498645 304.1308 0 0 0 1
0.2995301 -0.04339046 0.9530997 630.4373 0.15064 0.9885859 -0.002335552 423.5829 -0.9421196 0.1442745 0.3026476 260.3622 0 0 0 1
0.01367485 -0.07876518 0.9967994 620.4222 0.1516858 0.9855186 0.07579285 423.9856 -0.9883342 0.1501639 0.02542438 284.0746 0 0 0 1
-0.174936 -0.07426248 0.9817752 622.467 0.1282985 0.98693 0.09751305 424.86 -0.9761848 0.1430188 -0.1631218 280.1782 0 0 0 1
-0.08596149 -0.1145502 0.9896913 616.0182 0.3207868 0.9372861 0.1363472 422.3398 -0.9432425 0.3292005 -0.04382432 305.4637 0 0 0 1
-0.3310541 -0.01945911 0.9434111 631.5025 -0.03152188 0.9994574 0.009553743 425.2024 -0.9430851 -0.02657528 -0.3314878 251.1801 0 0 0 1
0.1679364 -0.0328478 0.9852504 628.3989 0.01299056 0.9994317 0.03110634 424.8186 -0.9857122 0.00757507 0.1682676 259.0952 0 0 0 1
-0.7957814 0.01949856 0.60527 516.8119 0.1049606 0.9887956 0.1061437 431.0931 -0.5964186 0.1479967 -0.7889118 45.6637 0 0 0 1
-0.6659929 -0.1711277 0.7260638 490.2756 -0.06199082 0.9826606 0.1747436 424.0876 -0.7433778 0.07136871 -0.6650534 13.50095 0 0 0 1
-0.3429108 -0.3036547 0.8889353 488.5679 0.02190793 0.9434696 0.3307343 413.5029 -0.9391125 0.1328871 -0.3168735 47.41389 0 0 0 1
-0.7306546 -0.2337705 0.641479 498.7438 0.09864624 0.8935506 0.4379911 409.7079 -0.6755833 0.3832997 -0.6298163 89.73506 0 0 0 1
-0.4256464 -0.2963028 0.8550028 482.856 -0.1605889 0.9546063 0.2508745 418.9422 -0.8905259 -0.03052019 -0.4539076 18.87111 0 0 0 1
0.1036764 -0.2456073 0.9638093 494.8113 0.3909073 0.9011132 0.1875808 410.5774 -0.9145724 0.3573124 0.1894338 82.57752 0 0 0 1
-0.1107373 -0.141002 0.9837965 548.1246 0.04991677 0.9878462 0.1472012 425.9306 -0.9925954 0.0654086 -0.102353 44.54608 0 0 0 1
-0.2410457 -0.07698635 0.9674554 550.7433 -0.09146803 0.9942138 0.05632602 425.5831 -0.9661939 -0.07491411 -0.2466927 39.56125 0 0 0 1
-0.7086801 -0.123714 0.6945987 543.9853 -0.07062612 0.9920007 0.1046259 427.7794 -0.7019861 0.02508949 -0.7117485 55.70045 0 0 0 1
-0.3485213 -0.3523417 0.8685552 521.8403 -0.1964938 0.9335299 0.2998534 410.341 -0.9164732 -0.06616043 -0.3945881 48.40814 0 0 0 1
0.1754654 -0.3245729 0.929443 524.4209 0.2840746 0.920625 0.2678643 415.6884 -0.94261 0.2170303 0.2537407 59.82137 0 0 0 1
-0.1831214 -0.2005465 0.9624176 535.6951 -0.2650718 0.9527866 0.1481038 416.4434 -0.9466802 -0.2279888 -0.2276348 27.33215 0 0 0 1
-0.479037 -0.1420808 0.8662197 546.031 0.1707245 0.9528889 0.2507107 426.4242 -0.8610323 0.2679847 -0.4322124 62.0656 0 0 0 1
-0.377684 -0.1265972 0.9172393 546.0324 -0.07841406 0.9914237 0.1045482 425.3382 -0.9226083 -0.03243828 -0.3843719 46.81508 0 0 0 1
-0.63005 -0.1111651 0.7685567 546.2253 -0.2056636 0.9782473 -0.02710457 422.1468 -0.7488254 -0.1751414 -0.6392074 35.00034 0 0 0 1
-0.7164665 -0.2461518 0.6527519 534.9653 -0.09931429 0.962141 0.2538137 420.5093 -0.690516 0.1170215 -0.7137882 60.25824 0 0 0 1
0.932596 -0.2763752 0.2321236 160.2176 0.2536319 0.9594101 0.1233007 424.7076 -0.256779 -0.05611581 0.9648396 611.506 0 0 0 1
0.8372569 -0.3943692 0.3787793 157.292 0.3275611 0.9163917 0.230065 420.7233 -0.4378408 -0.06855017 0.8964353 585.0333 0 0 0 1
0.9396517 -0.2520931 0.2313088 128.596 0.2399801 0.9675113 0.07956988 428.6895 -0.2438529 -0.01925845 0.969621 639.2158 0 0 0 1
0.9941344 -0.02039242 -0.1062121 204.5604 0.02638794 0.9981181 0.05535259 430.6974 0.1048834 -0.05783064 0.9928016 630.6808 0 0 0 1
0.9868398 0.1082741 0.1200991 256.1617 -0.1188695 0.9892766 0.08486415 430.1533 -0.1096227 -0.09802345 0.9891281 613.5971 0 0 0 1
