0.3886848986148834 0.7865115404129028 0.4799203872680664 14.838279724121094 
0.04553043469786644 -0.5366361141204834 0.842584490776062 62.61447525024414 
0.9202450513839722 -0.3056488335132599 -0.24439257383346558 -1537.3099365234375 
0.0 0.0 0.0 1.0
0.38056397438049316 0.7777277231216431 0.5003105998039246 14.897384643554688 
0.1251029521226883 -0.5793445110321045 0.8054248690605164 62.65779113769531 
0.9162534475326538 -0.24392534792423248 -0.317773699760437 -1536.9825439453125 
0.0 0.0 0.0 1.0
0.4054551124572754 0.7558044791221619 0.5141650438308716 14.965229034423828 
-0.06615754216909409 -0.5367358922958374 0.8411526083946228 62.7707633972168 
0.9117177724838257 -0.37506550550460815 -0.16762013733386993 -1537.0714111328125 
0.0 0.0 0.0 1.0
0.35630127787590027 0.519995391368866 0.7763080596923828 14.747501373291016 
-0.1432597041130066 -0.7906092405319214 0.5953265428543091 62.722076416015625 
0.923323392868042 -0.32332926988601685 -0.20720067620277405 -1537.1090087890625 
0.0 0.0 0.0 1.0
0.04296780750155449 0.17807984352111816 0.9830774664878845 15.372127532958984 
-0.7604703903198242 -0.6323330402374268 0.1477823555469513 61.57817459106445 
0.6479494571685791 -0.7539511919021606 0.10825449973344803 -1533.7706298828125 
0.0 0.0 0.0 1.0
0.3682457506656647 0.8673862218856812 0.33471807837486267 14.327980041503906 
-0.09117361158132553 -0.3245912790298462 0.9414498805999756 63.1742057800293 
0.9252471923828125 -0.3772023916244507 -0.040446650236845016 -1537.4566650390625 
0.0 0.0 0.0 1.0
0.392914742231369 0.8076286315917969 0.43972039222717285 15.030342102050781 
-0.1323399841785431 -0.42353782057762146 0.8961594700813293 62.894004821777344 
0.9100022315979004 -0.4103068709373474 -0.05953269824385643 -1536.9522705078125 
0.0 0.0 0.0 1.0
0.38326767086982727 0.6049482822418213 0.6979565620422363 14.63888931274414 
-0.2813449501991272 -0.643286943435669 0.7120582461357117 62.96478271484375 
0.8797447681427002 -0.46927544474601746 -0.07635192573070526 -1537.12548828125 
0.0 0.0 0.0 1.0
0.19128453731536865 0.3048814833164215 0.9329831600189209 14.317207336425781 
-0.5965994000434875 -0.7186792492866516 0.3571685552597046 63.20002746582031 
0.7794097065925598 -0.6249379515647888 0.04441987723112106 -1537.27783203125 
0.0 0.0 0.0 1.0
0.0907934233546257 0.21647948026657104 0.9720561504364014 14.422183990478516 
-0.7481492161750793 -0.6294058561325073 0.21005010604858398 63.088890075683594 
0.6572893857955933 -0.7463142275810242 0.10481303185224533 -1537.355224609375 
0.0 0.0 0.0 1.0
0.28812065720558167 0.44236382842063904 0.8492943048477173 14.809629440307617 
-0.24381493031978607 -0.8237863779067993 0.5117912888526917 62.6236572265625 
0.9260349869728088 -0.3545282483100891 -0.12949495017528534 -1537.090087890625 
0.0 0.0 0.0 1.0
0.3474675118923187 0.5591444373130798 0.752744197845459 14.876541137695312 
-0.2261425405740738 -0.7290987372398376 0.645967960357666 62.800926208496094 
0.9100142121315002 -0.39468035101890564 -0.12689180672168732 -1537.0819091796875 
0.0 0.0 0.0 1.0
0.3065829277038574 0.7447549104690552 0.592745304107666 14.9609375 
0.07209649682044983 -0.6391143202781677 0.7657251358032227 62.785400390625 
0.9491095542907715 -0.1920233964920044 -0.2496357560157776 -1537.045166015625 
0.0 0.0 0.0 1.0
0.3284207284450531 0.7697210311889648 0.5474205613136292 15.101875305175781 
-0.07412663102149963 -0.5567767024040222 0.8273481726646423 62.827938079833984 
0.9416182637214661 -0.31229671835899353 -0.12580017745494843 -1537.0849609375 
0.0 0.0 0.0 1.0
0.25808748602867126 0.4646768867969513 0.8470337390899658 14.652576446533203 
-0.3324316740036011 -0.7804874777793884 0.5294604897499084 62.91130447387695 
0.907127320766449 -0.4182279706001282 -0.0469607338309288 -1537.1380615234375 
0.0 0.0 0.0 1.0
0.2948544919490814 0.880592942237854 0.3709675967693329 15.285703659057617 
0.09030050039291382 -0.41216862201690674 0.9066216945648193 62.85361862182617 
0.951265811920166 -0.23382294178009033 -0.20104776322841644 -1536.94384765625 
0.0 0.0 0.0 1.0
0.34111446142196655 0.4587688446044922 0.8204706311225891 14.669017791748047 
-0.35848405957221985 -0.74337238073349 0.5647004842758179 63.023963928222656 
0.868982195854187 -0.4867531657218933 -0.089113749563694 -1537.0989990234375 
0.0 0.0 0.0 1.0
0.28320392966270447 0.3559577763080597 0.8905557990074158 14.352947235107422 
-0.6305323839187622 -0.6305726170539856 0.45255613327026367 63.054019927978516 
0.7226510047912598 -0.6896899342536926 0.04586228355765343 -1537.3192138671875 
0.0 0.0 0.0 1.0
0.44125139713287354 0.5866979360580444 0.67903071641922 14.472005844116211 
-0.472491055727005 -0.49140629172325134 0.7316228151321411 62.88361358642578 
0.7629216313362122 -0.6436654925346375 0.06037583202123642 -1537.2955322265625 
0.0 0.0 0.0 1.0
0.4475381672382355 0.7429824471473694 0.49768128991127014 14.750092506408691 
-0.3161790668964386 -0.38911521434783936 0.8652283549308777 62.72975158691406 
0.8365048766136169 -0.5445791482925415 0.06077158823609352 -1537.3487548828125 
0.0 0.0 0.0 1.0
0.35879164934158325 0.535292387008667 0.7646767497062683 14.884235382080078 
-0.1695350706577301 -0.7682250738143921 0.6173233389854431 62.735050201416016 
0.917892336845398 -0.3511299788951874 -0.18488191068172455 -1537.11572265625 
0.0 0.0 0.0 1.0
0.2943236231803894 0.6985052824020386 0.6522760391235352 8.321163177490234 
-0.13909152150154114 -0.6439328193664551 0.7523324489593506 258.00146484375 
0.945530116558075 -0.31215527653694153 -0.092368483543396 -1541.6363525390625 
0.0 0.0 0.0 1.0
0.3571455180644989 0.7114541530609131 0.6052107214927673 8.282222747802734 
-0.25446656346321106 -0.5493234395980835 0.7959212064743042 258.08404541015625 
0.8987178802490234 -0.4382655620574951 -0.015147102996706963 -1541.6431884765625 
0.0 0.0 0.0 1.0
0.2675284445285797 0.6837927103042603 0.6788638830184937 8.16888427734375 
-0.09381112456321716 -0.6827132105827332 0.724639356136322 258.0189514160156 
0.9589723944664001 -0.25754663348197937 -0.1184978261590004 -1541.670654296875 
0.0 0.0 0.0 1.0
0.3289405405521393 0.7993621230125427 0.5028104186058044 8.217864990234375 
-0.09391622990369797 -0.5021100044250488 0.8596890568733215 258.15740966796875 
0.9396690130233765 -0.3300086557865143 -0.09009123593568802 -1541.8046875 
0.0 0.0 0.0 1.0
0.3217632472515106 0.5808337330818176 0.7477303147315979 8.106910705566406 
-0.45041266083717346 -0.6007463932037354 0.6604787707328796 258.10760498046875 
0.8328246474266052 -0.5493049621582031 0.06831672787666321 -1541.3206787109375 
0.0 0.0 0.0 1.0
0.35542452335357666 0.6520273685455322 0.6697266101837158 8.164169311523438 
-0.3218148350715637 -0.5873415470123291 0.7426069378852844 258.0598449707031 
0.8775583505630493 -0.4794686734676361 0.0010764821199700236 -1541.573974609375 
0.0 0.0 0.0 1.0
0.224050372838974 0.48357242345809937 0.8461436629295349 8.148563385009766 
-0.5218518376350403 -0.6737302541732788 0.5232190489768982 258.0615539550781 
0.8230869174003601 -0.558789074420929 0.10140363872051239 -1541.2398681640625 
0.0 0.0 0.0 1.0
0.2850816249847412 0.6621463894844055 0.6930299401283264 8.6343994140625 
-0.1679476946592331 -0.6773406863212585 0.7162423729896545 257.9222106933594 
0.9436746835708618 -0.3205803334712982 -0.08189143240451813 -1541.05615234375 
0.0 0.0 0.0 1.0
0.32039782404899597 0.8460342884063721 0.4261118471622467 8.572803497314453 
0.03599241375923157 -0.4603728950023651 0.8869956731796265 258.06842041015625 
0.9465991258621216 -0.26885470747947693 -0.17795330286026 -1541.0203857421875 
0.0 0.0 0.0 1.0
0.34619638323783875 0.8788884878158569 0.32818150520324707 8.826751708984375 
-0.029683319851756096 -0.3393765389919281 0.9401821494102478 257.6287841796875 
0.9376923441886902 -0.33522918820381165 -0.09140262752771378 -1540.53173828125 
0.0 0.0 0.0 1.0
0.1760692447423935 0.4445585310459137 0.8782752156257629 7.925189971923828 
-0.5525138974189758 -0.693787157535553 0.46193912625312805 258.4302978515625 
0.8146950006484985 -0.5665925145149231 0.12347017973661423 -1541.693603515625 
0.0 0.0 0.0 1.0
0.3321080803871155 0.6285086274147034 0.703335702419281 8.220184326171875 
-0.35246554017066956 -0.6089509725570679 0.7105960249900818 258.34747314453125 
0.874912679195404 -0.48389625549316406 0.019290059804916382 -1541.5869140625 
0.0 0.0 0.0 1.0
0.3227275013923645 0.8662199378013611 0.38145771622657776 8.506607055664062 
0.024391919374465942 -0.4105004370212555 0.9115341305732727 258.30242919921875 
0.9461775422096252 -0.2848726809024811 -0.1536085456609726 -1541.458251953125 
0.0 0.0 0.0 1.0
0.3165018558502197 0.6040945649147034 0.7313660383224487 8.133888244628906 
-0.36440300941467285 -0.6344137191772461 0.6817107796669006 258.3114929199219 
0.8758065104484558 -0.48227474093437195 0.019340794533491135 -1541.5838623046875 
0.0 0.0 0.0 1.0
0.3550744354724884 0.7962300777435303 0.4898364841938019 8.361045837402344 
-0.12977135181427002 -0.4769248366355896 0.8693112730979919 258.6809387207031 
0.9257869720458984 -0.3722369372844696 -0.06601595878601074 -1541.685546875 
0.0 0.0 0.0 1.0
0.2501038908958435 0.8403533101081848 0.48088905215263367 5.93603515625 
0.12528523802757263 -0.520587146282196 0.8445665240287781 259.16143798828125 
0.9600789546966553 -0.15098106861114502 -0.23548471927642822 -1542.0400390625 
0.0 0.0 0.0 1.0
0.31122732162475586 0.7173767685890198 0.6233041882514954 8.275032043457031 
-0.19793158769607544 -0.5925635099411011 0.7808274626731873 258.87908935546875 
0.9294947981834412 -0.36638644337654114 -0.04243040457367897 -1541.396240234375 
0.0 0.0 0.0 1.0
0.30780017375946045 0.6468014121055603 0.6977872252464294 8.17746353149414 
-0.3406008780002594 -0.6098847389221191 0.7155638337135315 258.43927001953125 
0.8883975148200989 -0.45791763067245483 0.0325784794986248 -1541.67578125 
0.0 0.0 0.0 1.0
0.3913955092430115 0.7422435879707336 0.543952226638794 8.238775253295898 
-0.3205054998397827 -0.4441436231136322 0.8366675972938538 258.52386474609375 
0.8626040816307068 -0.5018075704574585 0.064057357609272 -1541.6513671875 
0.0 0.0 0.0 1.0
0.19733110070228577 0.530221164226532 0.824576199054718 7.968120574951172 
-0.3994925022125244 -0.7246166467666626 0.5615482926368713 258.458251953125 
0.8952464461326599 -0.44022297859191895 0.0688299909234047 -1541.7664794921875 
0.0 0.0 0.0 1.0
0.2537477910518646 0.7449591159820557 0.6169667840003967 7.83184814453125 
0.05239027366042137 -0.6474918127059937 0.7602694630622864 258.3049011230469 
0.9658505320549011 -0.16059361398220062 -0.2033282369375229 -1541.6151123046875 
0.0 0.0 0.0 1.0
0.1167077124118805 0.42663297057151794 0.8968631625175476 -64.35321807861328 
-0.7393134832382202 -0.5656664371490479 0.36529040336608887 104.44345092773438 
0.663170337677002 -0.7056952714920044 0.24939784407615662 -1630.0579833984375 
0.0 0.0 0.0 1.0
0.28243088722229004 0.37961047887802124 0.8809816241264343 -64.29557800292969 
-0.48737335205078125 -0.7342314124107361 0.4726218581199646 104.33731079101562 
0.8262566328048706 -0.5628499984741211 -0.022357603535056114 -1630.010009765625 
0.0 0.0 0.0 1.0
0.509567141532898 0.5008016228675842 0.699670672416687 -63.9566650390625 
-0.20560865104198456 -0.718733012676239 0.6641896963119507 104.07581329345703 
0.8355036973953247 -0.4823076128959656 -0.26327359676361084 -1630.0380859375 
0.0 0.0 0.0 1.0
0.4578050673007965 0.3161117434501648 0.830955982208252 -64.22122955322266 
-0.6881986260414124 -0.46571385860443115 0.5563212037086487 104.15850067138672 
0.562847375869751 -0.8265494704246521 0.004341507330536842 -1630.2440185546875 
0.0 0.0 0.0 1.0
0.40033090114593506 0.39586833119392395 0.8264523148536682 -63.83426284790039 
-0.23174142837524414 -0.8288248181343079 0.5092595815658569 103.91810607910156 
0.8865839242935181 -0.39539557695388794 -0.2400650829076767 -1630.065185546875 
0.0 0.0 0.0 1.0
0.46319445967674255 0.8274519443511963 0.3174494504928589 -63.873592376708984 
0.1357170045375824 -0.4201914966106415 0.8972290754318237 104.31739807128906 
0.875803530216217 -0.3725082278251648 -0.30692964792251587 -1629.99951171875 
0.0 0.0 0.0 1.0
0.38976845145225525 0.6904527544975281 0.6093894839286804 -63.76860046386719 
-0.1148240864276886 -0.6201229095458984 0.7760560512542725 104.11526489257812 
0.9137263894081116 -0.37245476245880127 -0.1624237596988678 -1629.99365234375 
0.0 0.0 0.0 1.0
0.2860610783100128 0.5816123485565186 0.7615090608596802 -63.738441467285156 
-0.22415105998516083 -0.7320520281791687 0.6433165669441223 104.02052307128906 
0.9316250681877136 -0.3547208905220032 -0.07904255390167236 -1630.020263671875 
0.0 0.0 0.0 1.0
0.18406271934509277 0.3173941969871521 0.9302589893341064 -64.2545166015625 
-0.7253963351249695 -0.5947813391685486 0.34646111726760864 104.47076416015625 
0.6632654666900635 -0.7385770678520203 0.12075954675674438 -1630.1002197265625 
0.0 0.0 0.0 1.0
0.4634157419204712 0.31920069456100464 0.8266539573669434 -63.932125091552734 
-0.3860916197299957 -0.7669374346733093 0.5125819444656372 104.21701049804688 
0.7976083755493164 -0.5567026734352112 -0.2321701943874359 -1630.078369140625 
0.0 0.0 0.0 1.0
0.5222987532615662 0.786020815372467 0.33071932196617126 -63.90811538696289 
0.10928238183259964 -0.4463179409503937 0.8881766200065613 104.20657348632812 
0.845731258392334 -0.427751749753952 -0.31900954246520996 -1630.046142578125 
0.0 0.0 0.0 1.0
0.34664660692214966 0.4588131308555603 0.8181238174438477 -63.75208282470703 
-0.13368424773216248 -0.839134693145752 0.5272395014762878 103.96235656738281 
0.9284204840660095 -0.2921360433101654 -0.22954711318016052 -1630.0465087890625 
0.0 0.0 0.0 1.0
0.44731470942497253 0.5402473211288452 0.712770938873291 -64.18435668945312 
-0.5428586602210999 -0.46935150027275085 0.6964292526245117 104.4550552368164 
0.7107841372489929 -0.698456883430481 0.08333007991313934 -1629.98046875 
0.0 0.0 0.0 1.0
0.3069774806499481 0.501060962677002 0.8091370463371277 -64.00554656982422 
-0.38332101702690125 -0.7130832672119141 0.5870070457458496 104.60083770751953 
0.87110835313797 -0.4903571903705597 -0.026833318173885345 -1629.95166015625 
0.0 0.0 0.0 1.0
0.12651419639587402 0.3020540475845337 0.9448584318161011 -63.94984436035156 
-0.5655241012573242 -0.7605945467948914 0.31887051463127136 104.58106994628906 
0.8149703145027161 -0.5746818780899048 0.07459283620119095 -1629.8978271484375 
0.0 0.0 0.0 1.0
0.30235007405281067 0.22888898849487305 0.9253076910972595 -64.05360412597656 
-0.7540299892425537 -0.5364152789115906 0.37907448410987854 104.41507720947266 
0.5831151604652405 -0.8123229146003723 0.01040394976735115 -1630.0858154296875 
0.0 0.0 0.0 1.0
0.2789190113544464 0.5965989828109741 0.7525116801261902 -64.27155303955078 
-0.5351060032844543 -0.5541273951530457 0.6376553773880005 104.43863677978516 
0.7974119186401367 -0.5805277228355408 0.16468705236911774 -1630.0614013671875 
0.0 0.0 0.0 1.0
0.3103348910808563 0.5631762146949768 0.7658491134643555 -64.30811309814453 
-0.7005231976509094 -0.4091179072856903 0.5847134590148926 104.44144439697266 
0.6426193118095398 -0.7179520130157471 0.2675544321537018 -1629.980224609375 
0.0 0.0 0.0 1.0
0.2108377367258072 0.5711653232574463 0.7932953834533691 -64.509765625 
-0.59086674451828 -0.5720392465591431 0.5689002871513367 103.82174682617188 
0.7787322402000427 -0.5886775255203247 0.21687515079975128 -1630.553466796875 
0.0 0.0 0.0 1.0
0.27309951186180115 0.6453169584274292 0.7134302258491516 -63.90821075439453 
-0.042395979166030884 -0.7328279614448547 0.6790918707847595 103.31856536865234 
0.9610511660575867 -0.2157062590122223 -0.17277608811855316 -1629.983642578125 
0.0 0.0 0.0 1.0
0.2823393642902374 0.5039238929748535 0.8162997364997864 -63.95625305175781 
-0.1003463864326477 -0.8307379484176636 0.547544538974762 103.35234832763672 
0.9540519714355469 -0.23650610446929932 -0.18398310244083405 -1629.958251953125 
0.0 0.0 0.0 1.0
