DataSet: 1
92.724609375 279.140625 359.6484375 1.494140625 -1.30160435651897 29.1796875 -79.013671875
390.961 236.722 -341.493 570.531
-0.9685562 -0.1168326 0.2196565 390.9613 -0.09875949 0.9908892 0.09157033 236.7218 -0.2283536 0.06699785 -0.9712703 -341.4927 0 0 0 1
DataSet: 2
92.021484375 279.228515625 356.8359375 1.494140625 -1.30160435651897 29.1796875 -79.013671875
391.834 224.633 -337.942 564.091
-0.9667517 -0.1173499 0.2272008 391.8336 -0.09875949 0.9908892 0.09157033 224.6333 -0.2358766 0.06608752 -0.9695332 -337.942 0 0 0 1
DataSet: 3
91.0546875 279.228515625 356.748046875 1.494140625 -1.30160435651897 29.1796875 -79.013671875
396.050 224.257 -332.882 563.877
-0.9636536 -0.1181861 0.239591 396.0501 -0.09875949 0.9908892 0.09157033 224.2574 -0.2482305 0.06458018 -0.9665459 -332.8816 0 0 0 1
DataSet: 4
90 279.228515625 356.484375 1.494140625 -1.30160435651897 29.1796875 -79.013671875
403.844 223.130 -323.041 563.234
-0.9572898 -0.1197312 0.2631742 403.8436 -0.09875949 0.9908892 0.09157033 223.1302 -0.2717403 0.06166838 -0.9603927 -323.0409 0 0 0 1
DataSet: 5
89.033203125 279.140625 356.8359375 1.494140625 -1.30160435651897 29.1796875 -79.013671875
408.087 224.633 -317.622 563.808
-0.9535407 -0.1205515 0.2760932 408.0871 -0.09875949 0.9908892 0.09157033 224.6333 -0.2846167 0.06004921 -0.9567588 -317.6223 0 0 0 1
DataSet: 6
88.06640625 279.140625 355.517578125 1.494140625 -1.30160435651897 29.1796875 -79.013671875
409.294 219.007 -314.255 560.573
-0.9513269 -0.121009 0.2834323 409.2943 -0.09875949 0.9908892 0.09157033 219.0068 -0.2919309 0.05912168 -0.9546104 -314.2552 0 0 0 1
DataSet: 7
86.923828125 279.140625 354.990234375 1.494140625 -1.30189179603928 29.267578125 -79.013671875
417.653 216.705 -301.613 558.897
-0.9419049 -0.1242472 0.3120542 417.6532 -0.1001219 0.99069 0.09224389 216.705 -0.32061 0.0556415 -0.9455756 -301.6126 0 0 0 1
DataSet: 8
85.95703125 279.140625 353.49609375 1.494140625 -1.30160435651897 29.1796875 -79.013671875
423.880 210.438 -290.922 555.512
-0.9337694 -0.1240869 0.3356741 423.88 -0.09875949 0.9908892 0.09157033 210.4377 -0.3439785 0.05235456 -0.9375168 -290.9221 0 0 0 1
DataSet: 9
84.990234375 280.107421875 350.947265625 1.494140625 -1.30189179603928 29.267578125 -79.013671875
420.949 199.688 -295.517 551.728
-0.9378062 -0.1249358 0.3238988 420.9491 -0.1001219 0.99069 0.09224389 199.6885 -0.3324079 0.05407752 -0.9415841 -295.5172 0 0 0 1
DataSet: 10
83.935546875 280.107421875 350.244140625 1.494140625 -1.30160435651897 29.1796875 -79.013671875
427.385 196.824 -285.290 550.262
-0.9297544 -0.1246804 0.3464268 427.3855 -0.09875949 0.9908892 0.09157033 196.8237 -0.3546876 0.05092498 -0.933597 -285.2901 0 0 0 1
DataSet: 11
82.96875 282.744140625 348.3984375 1.494140625 -1.30189179603928 29.267578125 -79.013671875
429.366 189.145 -293.562 553.453
-0.937323 -0.1250141 0.3252647 429.366 -0.1001219 0.99069 0.09224389 189.1453 -0.3337682 0.05389619 -0.9411132 -293.562 0 0 0 1
DataSet: 12
82.001953125 282.744140625 348.310546875 1.494140625 -1.30160435651897 29.1796875 -79.013671875
430.696 188.844 -292.068 553.593
-0.9363046 -0.1236937 0.3286846 430.6956 -0.09875949 0.9908892 0.09157033 188.8439 -0.3370167 0.05327699 -0.93999 -292.0685 0 0 0 1
DataSet: 13
80.947265625 282.744140625 347.431640625 1.494140625 -1.30160435651897 29.1796875 -79.013671875
435.376 185.248 -282.833 551.238
-0.9290413 -0.1247823 0.3482982 435.3758 -0.09875949 0.9908892 0.09157033 185.248 -0.3565513 0.05067486 -0.9329004 -282.8327 0 0 0 1
DataSet: 14
79.98046875 282.744140625 347.431640625 1.494140625 -1.30160435651897 29.1796875 -79.013671875
440.725 185.248 -274.422 551.238
-0.9220252 -0.1257321 0.3661433 440.7252 -0.09875949 0.9908892 0.09157033 185.248 -0.3743208 0.04827002 -0.9260421 -274.4225 0 0 0 1
DataSet: 15
78.92578125 282.83203125 347.431640625 1.494140625 -1.30160435651897 29.1796875 -79.013671875
446.349 185.248 -265.755 551.516
-0.9145864 -0.1266453 0.3840477 446.3494 -0.09875949 0.9908892 0.09157033 185.248 -0.3921456 0.04582062 -0.9187613 -265.7551 0 0 0 1
DataSet: 16
77.958984375 282.919921875 347.16796875 1.494140625 -1.30160435651897 29.1796875 -79.013671875
454.654 184.173 -251.125 551.084
-0.9014591 -0.1280576 0.4134885 454.6541 -0.09875949 0.9908892 0.09157033 184.1733 -0.4214476 0.04171098 -0.905893 -251.1249 0 0 0 1
DataSet: 17
76.9921875 282.919921875 347.16796875 1.494140625 -1.30160435651897 29.1796875 -79.013671875
458.301 184.173 -244.406 551.084
-0.8951584 -0.1286577 0.426777 458.301 -0.09875949 0.9908892 0.09157033 184.1733 -0.43467 0.03982166 -0.899709 -244.4059 0 0 0 1
DataSet: 18
76.025390625 282.919921875 346.9921875 1.494140625 -1.30160435651897 29.1796875 -79.013671875
461.569 183.458 -237.630 550.609
-0.8886638 -0.1292298 0.4399731 461.5688 -0.09875949 0.9908892 0.09157033 183.4578 -0.4477982 0.03792371 -0.89333 -237.6305 0 0 0 1
DataSet: 19
74.970703125 284.501953125 346.2890625 1.494140625 -1.30189179603928 29.267578125 -79.013671875
466.972 180.545 -235.547 553.301
-0.8880703 -0.1307858 0.440711 466.9725 -0.1001219 0.99069 0.09224389 180.5453 -0.4486722 0.03779422 -0.8928969 -235.5466 0 0 0 1
DataSet: 20
74.00390625 284.501953125 345.673828125 1.494140625 -1.30160435651897 29.1796875 -79.013671875
472.604 178.119 -222.762 552.000
-0.8757209 -0.1302451 0.4649185 472.6036 -0.09875949 0.9908892 0.09157033 178.1194 -0.4726093 0.03427492 -0.8806053 -222.7619 0 0 0 1
DataSet: 21
72.94921875 284.501953125 344.619140625 1.494140625 -1.30160435651897 29.1796875 -79.013671875
472.646 173.885 -218.811 549.098
-0.8717029 -0.1305296 0.4723305 472.6462 -0.09875949 0.9908892 0.09157033 173.8847 -0.4799798 0.033175 -0.8766521 -218.8112 0 0 0 1
DataSet: 22
71.982421875 296.806640625 343.212890625 1.494140625 -1.30160435651897 29.1796875 -79.013671875
471.980 168.291 -294.479 581.209
-0.9478272 -0.1216961 0.2946418 471.9797 -0.09875949 0.9908892 0.09157033 168.291 -0.3031011 0.05769416 -0.9512103 -294.4786 0 0 0 1
DataSet: 23
70.927734375 297.59765625 343.037109375 1.494140625 -1.30160435651897 29.1796875 -79.013671875
477.591 167.596 -289.035 582.858
-0.9450477 -0.1222128 0.3032306 477.591 -0.09875949 0.9908892 0.09157033 167.5962 -0.311659 0.05659143 -0.9485073 -289.0351 0 0 0 1
DataSet: 24
69.9609375 297.509765625 342.685546875 1.494140625 -1.30160435651897 29.1796875 -79.013671875
484.196 166.209 -276.097 581.636
-0.9362985 -0.1236946 0.3287017 484.1956 -0.09875949 0.9908892 0.09157033 166.2094 -0.3370337 0.05327474 -0.9399841 -276.0966 0 0 0 1
DataSet: 25
69.08203125 297.59765625 342.59765625 1.494140625 -1.30160435651897 29.1796875 -79.013671875
490.245 165.863 -265.401 581.626
-0.9287919 -0.1248177 0.3489499 490.2451 -0.09875949 0.9908892 0.09157033 165.8634 -0.3572003 0.05058766 -0.9326569 -265.4005 0 0 0 1
DataSet: 26
68.02734375 297.59765625 342.333984375 1.494140625 -1.30160435651897 29.1796875 -79.013671875
493.809 164.827 -257.702 580.883
-0.9231295 -0.1255887 0.3633998 493.8089 -0.09875949 0.9908892 0.09157033 164.8267 -0.3715892 0.04864208 -0.9271221 -257.7023 0 0 0 1
DataSet: 27
67.060546875 297.59765625 342.24609375 1.494140625 -1.30189179603928 29.267578125 -79.013671875
496.837 164.422 -250.602 580.244
-0.9175681 -0.1277866 0.3764829 496.8373 -0.1001219 0.99069 0.09224389 164.4224 -0.3847654 0.04694586 -0.9218197 -250.6016 0 0 0 1
DataSet: 28
66.09375 297.59765625 342.158203125 1.494140625 -1.30189179603928 29.267578125 -79.013671875
502.702 164.078 -238.253 579.996
-0.907792 -0.1289064 0.39912 502.7022 -0.1001219 0.99069 0.09224389 164.0776 -0.407295 0.0437776 -0.9122468 -238.2529 0 0 0 1
DataSet: 29
64.951171875 298.212890625 340.927734375 1.494140625 -1.30160435651897 29.1796875 -79.013671875
504.671 159.337 -233.718 578.538
-0.9053164 -0.1276666 0.405097 504.6714 -0.09875949 0.9908892 0.09157033 159.3369 -0.4130967 0.04289294 -0.9096765 -233.7184 0 0 0 1
DataSet: 30
64.072265625 299.267578125 340.83984375 1.494140625 -1.30160435651897 29.1796875 -79.013671875
506.787 158.996 -235.674 581.080
-0.9085661 -0.1273222 0.3978653 506.7865 -0.09875949 0.9908892 0.09157033 158.996 -0.4058994 0.04390471 -0.9128626 -235.6737 0 0 0 1
DataSet: 31
63.017578125 299.267578125 340.400390625 1.494140625 -1.30160435651897 29.1796875 -79.013671875
510.522 157.296 -225.420 579.818
-0.9002367 -0.1281777 0.4161063 510.5222 -0.09875949 0.9908892 0.09157033 157.2957 -0.4240525 0.04134052 -0.9046935 -225.4203 0 0 0 1
DataSet: 32
61.962890625 299.267578125 339.521484375 1.494140625 -1.30160435651897 29.1796875 -79.013671875
513.120 153.915 -215.094 577.276
-0.8915446 -0.1289816 0.4341796 513.1198 -0.09875949 0.9908892 0.09157033 153.9153 -0.4420348 0.03875967 -0.8961601 -215.0943 0 0 0 1
DataSet: 33
60.99609375 299.35546875 339.08203125 1.494140625 -1.30160435651897 29.1796875 -79.013671875
514.362 152.236 -210.459 576.227
-0.8876967 -0.1293113 0.4418972 514.3622 -0.09875949 0.9908892 0.09157033 152.2355 -0.4497122 0.03764514 -0.8923798 -210.4592 0 0 0 1
DataSet: 34
59.94140625 299.443359375 338.818359375 1.494140625 -1.30160435651897 29.1796875 -79.013671875
516.633 151.231 -204.045 575.686
-0.8822063 -0.129756 0.4526317 516.633 -0.09875949 0.9908892 0.09157033 151.231 -0.4603896 0.03608224 -0.8869833 -204.0452 0 0 0 1
DataSet: 35
58.974609375 299.443359375 338.818359375 1.494140625 -1.30160435651897 29.1796875 -79.013671875
519.590 151.231 -196.393 575.686
-0.8753113 -0.1302748 0.465681 519.5899 -0.09875949 0.9908892 0.09157033 151.231 -0.4733675 0.03416212 -0.8802024 -196.3935 0 0 0 1
DataSet: 36
57.919921875 299.53125 338.37890625 1.494140625 -1.30160435651897 29.1796875 -79.013671875
523.207 149.563 -184.614 574.627
-0.8645615 -0.1310026 0.4851512 523.2067 -0.09875949 0.9908892 0.09157033 149.5626 -0.492727 0.03125489 -0.8696225 -184.6136 0 0 0 1
DataSet: 37
57.041015625 299.53125 338.291015625 1.494140625 -1.30160435651897 29.1796875 -79.013671875
525.250 149.230 -178.164 574.369
-0.8584257 -0.1313778 0.4958278 525.2499 -0.09875949 0.9908892 0.09157033 149.2298 -0.5033408 0.02963861 -0.8635796 -178.1637 0 0 0 1
DataSet: 38
55.986328125 299.53125 338.291015625 1.494140625 -1.30160435651897 29.1796875 -79.013671875
527.826 149.230 -170.379 574.369
-0.8508908 -0.1318016 0.5085403 527.8264 -0.09875949 0.9908892 0.09157033 149.2298 -0.5159763 0.02769316 -0.8561552 -170.3793 0 0 0 1
DataSet: 39
55.01953125 299.619140625 337.587890625 1.494140625 -1.30189179603928 29.267578125 -79.013671875
528.183 146.518 -163.966 572.127
-0.8444453 -0.1336388 0.5187029 528.183 -0.1001219 0.99069 0.09224389 146.5184 -0.5262011 0.02596139 -0.8499638 -163.9657 0 0 0 1
DataSet: 40
54.052734375 299.619140625 337.32421875 1.494140625 -1.30160435651897 29.1796875 -79.013671875
530.672 145.588 -155.163 571.738
-0.8357572 -0.1325409 0.5328628 530.6724 -0.09875949 0.9908892 0.09157033 145.5879 -0.5401449 0.02390529 -0.8412325 -155.1629 0 0 0 1
DataSet: 41
53.0859375 299.619140625 336.884765625 1.494140625 -1.30160435651897 29.1796875 -79.013671875
531.532 143.944 -148.805 570.429
-0.8291279 -0.1328218 0.5430518 531.5318 -0.09875949 0.9908892 0.09157033 143.9444 -0.5502667 0.02229198 -0.8346913 -148.805 0 0 0 1
DataSet: 42
52.03125 299.619140625 336.884765625 1.494140625 -1.30160435651897 29.1796875 -79.013671875
533.459 143.944 -141.742 570.429
-0.8217562 -0.1331058 0.5540755 533.4588 -0.09875949 0.9908892 0.09157033 143.9444 -0.561216 0.02052826 -0.8274148 -141.7416 0 0 0 1
DataSet: 43
51.064453125 299.619140625 336.884765625 1.494140625 -1.30160435651897 29.1796875 -79.013671875
535.731 143.944 -132.897 570.429
-0.8123595 -0.1334272 0.5676877 535.7307 -0.09875949 0.9908892 0.09157033 143.9444 -0.5747336 0.01832346 -0.8181354 -132.8971 0 0 0 1
DataSet: 44
50.09765625 299.619140625 336.796875 1.494140625 -1.30160435651897 29.1796875 -79.013671875
537.861 143.617 -123.163 570.166
-0.8017723 -0.1337384 0.5824734 537.8612 -0.09875949 0.9908892 0.09157033 143.6166 -0.589413 0.01589377 -0.8076755 -123.1626 0 0 0 1
DataSet: 45
49.04296875 299.619140625 336.796875 1.494140625 -1.30160435651897 29.1796875 -79.013671875
539.121 143.617 -117.523 570.166
-0.7955561 -0.1338975 0.5908992 539.1215 -0.09875949 0.9908892 0.09157033 143.6166 -0.5977767 0.01449242 -0.8015316 -117.5235 0 0 0 1
DataSet: 46
48.076171875 299.70703125 336.796875 1.494140625 -1.30160435651897 29.1796875 -79.013671875
541.090 143.617 -109.304 570.396
-0.7866492 -0.1340967 0.6026617 541.0898 -0.09875949 0.9908892 0.09157033 143.6166 -0.6094503 0.01251516 -0.7927255 -109.3044 0 0 0 1
DataSet: 47
47.021484375 300.76171875 336.796875 1.494140625 -1.30160435651897 29.1796875 -79.013671875
544.507 143.617 -106.600 573.129
-0.7870373 -0.1340887 0.6021565 544.5068 -0.09875949 0.9908892 0.09157033 143.6166 -0.6089489 0.01260059 -0.7931094 -106.6001 0 0 0 1
DataSet: 48
45.966796875 300.76171875 336.708984375 1.494140625 -1.30189179603928 29.267578125 -79.013671875
545.298 143.230 -99.288 572.471
-0.778469 -0.1357354 0.6128311 545.2983 -0.1001219 0.99069 0.09224389 143.2298 -0.6196464 0.01045117 -0.7848115 -99.28801 0 0 0 1
DataSet: 49
45 300.76171875 336.708984375 1.494140625 -1.30160435651897 29.1796875 -79.013671875
547.023 143.289 -91.702 572.866
-0.7700805 -0.1343833 0.6236322 547.0233 -0.09875949 0.9908892 0.09157033 143.2891 -0.6302559 0.008926924 -0.7763361 -91.70248 0 0 0 1
DataSet: 50
44.033203125 300.76171875 336.708984375 1.494140625 -1.30160435651897 29.1796875 -79.013671875
548.398 143.289 -83.086 572.866
-0.7600703 -0.1345071 0.635768 548.3982 -0.09875949 0.9908892 0.09157033 143.2891 -0.6422925 0.006811761 -0.7664294 -83.0856 0 0 0 1
DataSet: 51
43.06640625 300.76171875 336.708984375 1.494140625 -1.30160435651897 29.1796875 -79.013671875
549.637 143.289 -74.448 572.866
-0.749872 -0.1345976 0.6477464 549.6374 -0.09875949 0.9908892 0.09157033 143.2891 -0.6541701 0.004694912 -0.7563329 -74.44817 0 0 0 1
DataSet: 52
42.099609375 300.849609375 336.708984375 1.494140625 -1.30160435651897 29.1796875 -79.013671875
550.824 143.289 -67.051 573.092
-0.7413428 -0.1346471 0.6574808 550.8237 -0.09875949 0.9908892 0.09157033 143.2891 -0.6638203 0.00295253 -0.7478863 -67.05145 0 0 0 1
DataSet: 53
40.95703125 302.080078125 336.708984375 1.494140625 -1.30160435651897 29.1796875 -79.013671875
554.206 143.289 -66.022 576.225
-0.7447946 -0.1346299 0.6535716 554.2059 -0.09875949 0.9908892 0.09157033 143.2891 -0.6599451 0.003654682 -0.7513049 -66.02195 0 0 0 1
DataSet: 54
39.990234375 302.080078125 336.708984375 1.494140625 -1.30160435651897 29.1796875 -79.013671875
555.085 143.289 -58.173 576.225
-0.7353815 -0.1346681 0.6641374 555.0847 -0.09875949 0.9908892 0.09157033 143.2891 -0.6704182 0.001749252 -0.7419814 -58.17312 0 0 0 1
DataSet: 55
39.0234375 302.080078125 336.708984375 1.494140625 -1.30160435651897 29.1796875 -79.013671875
556.045 143.289 -48.134 576.225
-0.7231482 -0.1346777 0.6774353 556.0451 -0.09875949 0.9908892 0.09157033 143.2891 -0.6835958 -0.0006842578 -0.7298604 -48.13418 0 0 0 1
DataSet: 56
38.056640625 302.080078125 336.708984375 1.494140625 -1.30160435651897 29.1796875 -79.013671875
556.689 143.289 -40.004 576.225
-0.713082 -0.1346534 0.688028 556.6891 -0.09875949 0.9908892 0.09157033 143.2891 -0.6940898 -0.002652141 -0.7198836 -40.00393 0 0 0 1
DataSet: 57
37.001953125 302.255859375 336.708984375 1.494140625 -1.30160435651897 29.1796875 -79.013671875
557.547 143.289 -33.992 576.668
-0.7062941 -0.1346212 0.6950005 557.5466 -0.09875949 0.9908892 0.09157033 143.2891 -0.7009959 -0.003962323 -0.7131543 -33.99217 0 0 0 1
DataSet: 58
36.03515625 302.255859375 336.708984375 1.494140625 -1.30189179603928 29.267578125 -79.013671875
557.681 143.230 -23.781 576.271
-0.6929772 -0.1359589 0.7080238 557.6809 -0.1001219 0.99069 0.09224389 143.2298 -0.7139735 -0.0069658 -0.700138 -23.781 0 0 0 1
DataSet: 59
35.068359375 302.255859375 336.708984375 1.494140625 -1.30189179603928 29.267578125 -79.013671875
558.026 143.230 -13.428 576.271
-0.6796082 -0.1358062 0.7208948 558.0262 -0.1001219 0.99069 0.09224389 143.2298 -0.7267106 -0.009487671 -0.6868783 -13.42768 0 0 0 1
DataSet: 60
34.013671875 302.255859375 336.708984375 1.494140625 -1.30160435651897 29.1796875 -79.013671875
558.569 143.289 -3.760 576.668
-0.6673113 -0.1342093 0.7325869 558.5692 -0.09875949 0.9908892 0.09157033 143.2891 -0.738202 -0.011244 -0.674486 -3.760493 0 0 0 1
DataSet: 61
32.958984375 302.255859375 336.708984375 1.494140625 -1.30160435651897 29.1796875 -79.013671875
558.520 143.289 8.304 576.668
-0.6512129 -0.1339352 0.7469828 558.5201 -0.09875949 0.9908892 0.09157033 143.2891 -0.7524416 -0.01413986 -0.6585072 8.303675 0 0 0 1
DataSet: 62
32.080078125 302.255859375 336.708984375 1.494140625 -1.30160435651897 29.1796875 -79.013671875
558.280 143.289 18.354 576.668
-0.6375651 -0.133659 0.7587134 558.2802 -0.09875949 0.9908892 0.09157033 143.2891 -0.7640401 -0.0165481 -0.6449565 18.35443 0 0 0 1
DataSet: 63
31.025390625 302.255859375 336.708984375 1.494140625 -1.30160435651897 29.1796875 -79.013671875
557.751 143.289 30.455 576.668
-0.620849 -0.1332687 0.7725192 557.751 -0.09875949 0.9908892 0.09157033 143.2891 -0.7776845 -0.01944227 -0.6283541 30.455 0 0 0 1
DataSet: 64
30.05859375 302.255859375 336.708984375 1.494140625 -1.30160435651897 29.1796875 -79.013671875
557.026 143.289 41.666 576.668
-0.605083 -0.1328508 0.7850001 557.0257 -0.09875949 0.9908892 0.09157033 143.2891 -0.7900134 -0.02211857 -0.6126905 41.66604 0 0 0 1
DataSet: 65
29.091796875 302.255859375 336.708984375 1.494140625 -1.30160435651897 29.1796875 -79.013671875
556.171 143.289 51.843 576.668
-0.5905378 -0.1324242 0.796071 556.1708 -0.09875949 0.9908892 0.09157033 143.2891 -0.8009443 -0.02454383 -0.5982357 51.84339 0 0 0 1
DataSet: 66
27.94921875 302.255859375 336.708984375 1.494140625 -1.30160435651897 29.1796875 -79.013671875
555.108 143.289 62.202 576.668
-0.5755054 -0.1319437 0.8070839 555.1078 -0.09875949 0.9908892 0.09157033 143.2891 -0.8118129 -0.02700798 -0.5832928 62.20152 0 0 0 1
DataSet: 67
26.982421875 302.255859375 336.708984375 1.494140625 -1.30160435651897 29.1796875 -79.013671875
553.893 143.289 72.221 576.668
-0.5607433 -0.1314341 0.8174913 553.8933 -0.09875949 0.9908892 0.09157033 143.2891 -0.8220788 -0.02938757 -0.5686149 72.22123 0 0 0 1
DataSet: 68
26.015625 309.462890625 336.708984375 1.494140625 -1.30160435651897 29.1796875 -79.013671875
574.930 143.289 39.251 593.815
-0.6458741 -0.1338318 0.751622 574.9299 -0.09875949 0.9908892 0.09157033 143.2891 -0.7570291 -0.0150869 -0.6532069 39.25117 0 0 0 1
DataSet: 69
25.048828125 309.462890625 336.708984375 1.494140625 -1.30160435651897 29.1796875 -79.013671875
574.029 143.289 50.753 593.816
-0.6305901 -0.1335029 0.7645476 574.029 -0.09875949 0.9908892 0.09157033 143.2891 -0.7698069 -0.017763 -0.6380296 50.75261 0 0 0 1
DataSet: 70
24.169921875 309.462890625 336.708984375 1.494140625 -1.30160435651897 29.1796875 -79.013671875
573.063 143.289 60.696 593.816
-0.6171499 -0.1331749 0.7754937 573.0629 -0.09875949 0.9908892 0.09157033 143.2891 -0.7806232 -0.02007475 -0.6246794 60.69639 0 0 0 1
DataSet: 71
23.02734375 309.462890625 336.708984375 1.494140625 -1.30160435651897 29.1796875 -79.013671875
571.759 143.289 71.953 593.815
-0.6016814 -0.1327545 0.7876267 571.7586 -0.09875949 0.9908892 0.09157033 143.2891 -0.7926072 -0.02268946 -0.6093103 71.95266 0 0 0 1
DataSet: 72
21.97265625 309.462890625 336.708984375 1.494140625 -1.30160435651897 29.1796875 -79.013671875
570.301 143.289 82.717 593.815
-0.5866351 -0.1323032 0.7989714 570.3008 -0.09875949 0.9908892 0.09157033 143.2891 -0.8038071 -0.02518764 -0.5943565 82.71664 0 0 0 1
DataSet: 73
21.09375 311.220703125 336.62109375 1.494140625 -1.30160435651897 29.1796875 -79.013671875
574.221 142.962 82.168 597.428
-0.5972148 -0.1326248 0.7910405 574.2213 -0.09875949 0.9908892 0.09157033 142.9619 -0.795978 -0.02343561 -0.6048717 82.16777 0 0 0 1
DataSet: 74
19.951171875 313.06640625 336.62109375 1.494140625 -1.30189179603928 29.267578125 -79.013671875
577.851 142.903 82.578 600.959
-0.606553 -0.1342638 0.7836241 577.8508 -0.1001219 0.99069 0.09224389 142.9026 -0.7887135 -0.02250714 -0.6143488 82.57844 0 0 0 1
DataSet: 75
19.072265625 318.603515625 336.62109375 1.494140625 -1.30160435651897 29.1796875 -79.013671875
592.732 142.962 56.667 612.357
-0.6702915 -0.1342537 0.7298529 592.7321 -0.09875949 0.9908892 0.09157033 142.9619 -0.7354971 -0.0107011 -0.6774434 56.66686 0 0 0 1
DataSet: 76
18.017578125 333.984375 336.62109375 1.494140625 -1.30160435651897 29.1796875 -79.013671875
619.125 142.962 -30.876 636.166
-0.8305809 -0.1327623 0.5408415 619.125 -0.09875949 0.9908892 0.09157033 142.9619 -0.548071 0.02264334 -0.8361253 -30.87583 0 0 0 1
DataSet: 77
17.05078125 336.005859375 336.62109375 1.494140625 -1.30160435651897 29.1796875 -79.013671875
621.538 142.962 -31.366 638.539
-0.8383533 -0.1324241 0.5287982 621.5385 -0.09875949 0.9908892 0.09157033 142.9619 -0.5361066 0.02454444 -0.8437934 -31.36555 0 0 0 1
DataSet: 78
16.171875 335.91796875 336.62109375 1.494140625 -1.30160435651897 29.1796875 -79.013671875
621.682 142.962 -26.045 638.439
-0.8334129 -0.1326431 0.5364966 621.682 -0.09875949 0.9908892 0.09157033 142.9619 -0.5437549 0.02333175 -0.8389196 -26.04497 0 0 0 1
DataSet: 79
15.029296875 335.91796875 336.62109375 1.494140625 -1.30160435651897 29.1796875 -79.013671875
622.098 142.962 -12.677 638.439
-0.8215333 -0.1331139 0.554404 622.0982 -0.09875949 0.9908892 0.09157033 142.9619 -0.5615422 0.02047541 -0.8271947 -12.67686 0 0 0 1
DataSet: 80
14.0625 335.91796875 336.62109375 1.494140625 -1.30160435651897 29.1796875 -79.013671875
622.227 142.962 -0.417 638.439
-0.8103099 -0.1334915 0.5705943 622.2272 -0.09875949 0.9908892 0.09157033 142.9619 -0.5776196 0.01784874 -0.816111 -0.4174627 0 0 0 1
DataSet: 81
13.095703125 335.91796875 336.62109375 1.494140625 -1.30160435651897 29.1796875 -79.013671875
622.115 142.962 11.842 638.439
-0.798772 -0.1338173 0.586563 622.1146 -0.09875949 0.9908892 0.09157033 142.9619 -0.5934726 0.01521515 -0.8047103 11.8421 0 0 0 1
DataSet: 82
12.041015625 335.91796875 336.62109375 1.494140625 -1.30160435651897 29.1796875 -79.013671875
622.002 142.962 16.733 638.439
-0.7940809 -0.1339328 0.5928724 622.0023 -0.09875949 0.9908892 0.09157033 142.9619 -0.5997351 0.01416246 -0.8000733 16.73347 0 0 0 1
DataSet: 83
10.986328125 335.91796875 336.62109375 1.494140625 -1.30160435651897 29.1796875 -79.013671875
621.588 142.962 28.194 638.439
-0.7828931 -0.134171 0.6075167 621.5883 -0.09875949 0.9908892 0.09157033 142.9619 -0.6142678 0.01169173 -0.7890109 28.1939 0 0 0 1
DataSet: 84
10.01953125 343.30078125 336.533203125 1.494140625 -1.30160435651897 29.1796875 -79.013671875
629.306 142.635 -9.510 645.338
-0.8460311 -0.1320546 0.51652 629.3057 -0.09875949 0.9908892 0.09157033 142.635 -0.5239064 0.02646009 -0.8513648 -9.510251 0 0 0 1
DataSet: 85
9.052734375 344.794921875 336.62109375 1.494140625 -1.30160435651897 29.1796875 -79.013671875
630.733 142.962 -6.239 646.762
-0.8486664 -0.1319193 0.5122135 630.733 -0.09875949 0.9908892 0.09157033 142.9619 -0.5196267 0.02712671 -0.8539627 -6.239074 0 0 0 1
DataSet: 86
8.0859375 346.46484375 336.62109375 1.494140625 -1.30160435651897 29.1796875 -79.013671875
631.936 142.962 -6.325 647.936
-0.8546246 -0.1315964 0.5022939 631.9361 -0.09875949 0.9908892 0.09157033 142.9619 -0.509768 0.02865195 -0.8598347 -6.325492 0 0 0 1
DataSet: 87
7.119140625 346.46484375 336.533203125 1.494140625 -1.30160435651897 29.1796875 -79.013671875
631.765 142.635 1.449 647.668
-0.8482771 -0.1319396 0.5128527 631.7648 -0.09875949 0.9908892 0.09157033 142.635 -0.520262 0.02702793 -0.8535789 1.448913 0 0 0 1
DataSet: 88
6.064453125 346.81640625 336.533203125 1.494140625 -1.30160435651897 29.1796875 -79.013671875
631.950 142.635 8.261 647.899
-0.8438962 -0.132161 0.5199738 631.9496 -0.09875949 0.9908892 0.09157033 142.635 -0.5273385 0.02592349 -0.8492597 8.261092 0 0 0 1
DataSet: 89
4.921875 350.244140625 336.533203125 1.494140625 -1.30160435651897 29.1796875 -79.013671875
634.003 142.635 -4.303 649.864
-0.8659924 -0.1309111 0.4826173 634.0027 -0.09875949 0.9908892 0.09157033 142.635 -0.4902079 0.03163616 -0.8710312 -4.303246 0 0 0 1
DataSet: 90
4.04296875 350.244140625 336.533203125 1.494140625 -1.30160435651897 29.1796875 -79.013671875
634.002 142.635 4.457 649.864
-0.8591366 -0.1313357 0.4946061 634.0016 -0.09875949 0.9908892 0.09157033 142.635 -0.5021263 0.02982437 -0.8642799 4.457022 0 0 0 1
DataSet: 91
2.98828125 350.244140625 336.533203125 1.494140625 -1.30160435651897 29.1796875 -79.013671875
633.841 142.635 14.968 649.864
-0.8506933 -0.1318121 0.5088677 633.8406 -0.09875949 0.9908892 0.09157033 142.635 -0.5163016 0.02764275 -0.8559606 14.96807 0 0 0 1
DataSet: 92
2.021484375 350.244140625 336.533203125 1.494140625 -1.30160435651897 29.1796875 -79.013671875
633.540 142.635 24.600 649.864
-0.8427482 -0.132217 0.5218181 633.5399 -0.09875949 0.9908892 0.09157033 142.635 -0.5291711 0.02563623 -0.8481278 24.59966 0 0 0 1
DataSet: 93
1.0546875 350.244140625 336.533203125 1.494140625 -1.30160435651897 29.1796875 -79.013671875
633.093 142.635 34.226 649.864
-0.8346083 -0.1325914 0.5346479 633.0929 -0.09875949 0.9908892 0.09157033 142.635 -0.5419183 0.02362379 -0.840099 34.22556 0 0 0 1
DataSet: 94
0 350.244140625 336.533203125 1.494140625 -1.30160435651897 29.1796875 -79.013671875
632.438 142.635 44.717 649.864
-0.8255087 -0.1329648 0.5485032 632.4384 -0.09875949 0.9908892 0.09157033 142.635 -0.5556815 0.0214222 -0.8311192 44.71746 0 0 0 1
DataSet: 95
-1.0546875 349.892578125 336.533203125 1.494140625 -1.30160435651897 29.1796875 -79.013671875
631.220 142.635 57.528 649.686
-0.8126736 -0.1334171 0.5672402 631.2197 -0.09875949 0.9908892 0.09157033 142.635 -0.5742893 0.01839643 -0.8184457 57.52803 0 0 0 1
DataSet: 96
-2.021484375 351.73828125 336.533203125 1.494140625 -1.30160435651897 29.1796875 -79.013671875
632.348 142.635 54.882 650.555
-0.8223268 -0.1330848 0.5532332 632.3484 -0.09875949 0.9908892 0.09157033 142.635 -0.5603794 0.0206637 -0.8279782 54.88221 0 0 0 1
DataSet: 97
-3.69140625 347.431640625 336.533203125 1.494140625 -1.30160435651897 29.1796875 -79.013671875
625.130 142.635 95.647 648.291
-0.7655438 -0.1344438 0.6291801 625.1301 -0.09875949 0.9908892 0.09157033 142.635 -0.6357588 0.00796359 -0.7718467 95.64665 0 0 0 1
DataSet: 98
-5.009765625 355.4296875 336.533203125 1.494140625 -1.30160435651897 29.1796875 -79.013671875
633.926 142.635 51.735 651.831
-0.8390725 -0.132391 0.5276647 633.9258 -0.09875949 0.9908892 0.09157033 142.635 -0.5349804 0.02472224 -0.8445027 51.73456 0 0 0 1
DataSet: 99
-5.888671875 355.341796875 336.533203125 1.494140625 -1.30160435651897 29.1796875 -79.013671875
633.073 142.635 61.050 651.807
-0.8307823 -0.132754 0.5405341 633.0727 -0.09875949 0.9908892 0.09157033 142.635 -0.5477657 0.02269213 -0.836324 61.04959 0 0 0 1
DataSet: 100
-6.943359375 355.341796875 336.533203125 1.494140625 -1.30160435651897 29.1796875 -79.013671875
631.980 142.635 71.480 651.807
-0.8216369 -0.1331102 0.5542513 631.9799 -0.09875949 0.9908892 0.09157033 142.635 -0.5613905 0.02049998 -0.827297 71.48042 0 0 0 1
DataSet: 101
-7.998046875 361.318359375 336.533203125 1.494140625 -1.30160435651897 29.1796875 -79.013671875
635.511 142.635 40.708 652.592
-0.8687038 -0.1307332 0.4777684 635.5108 -0.09875949 0.9908892 0.09157033 142.635 -0.4853868 0.03236332 -0.8737003 40.70826 0 0 0 1
DataSet: 102
-9.052734375 381.005859375 336.533203125 1.494140625 -1.30160435651897 29.1796875 -79.013671875
622.496 142.635 -81.239 643.774
-0.9789685 -0.1132528 0.1696894 622.4957 -0.09875949 0.9908892 0.09157033 142.635 -0.178514 0.07288602 -0.9812341 -81.2387 0 0 0 1
DataSet: 103
-10.01953125 380.830078125 336.533203125 1.494140625 -1.30189179603928 29.267578125 -79.013671875
623.551 142.576 -70.413 643.507
-0.9753543 -0.1160455 0.187663 623.5508 -0.1001219 0.99069 0.09224389 142.5757 -0.1966203 0.0711813 -0.9778925 -70.41333 0 0 0 1
DataSet: 104
-11.07421875 380.830078125 336.533203125 1.494140625 -1.30160435651897 29.1796875 -79.013671875
625.046 142.635 -60.151 643.930
-0.9721147 -0.1157363 0.2039558 625.0463 -0.09875949 0.9908892 0.09157033 142.635 -0.2126957 0.06887428 -0.9746881 -60.15123 0 0 0 1
DataSet: 105
-11.953125 380.830078125 336.533203125 1.494140625 -1.30160435651897 29.1796875 -79.013671875
625.816 142.635 -51.533 643.930
-0.9690919 -0.1166743 0.2173662 625.8157 -0.09875949 0.9908892 0.09157033 142.635 -0.2260697 0.06727308 -0.9717854 -51.53333 0 0 0 1
DataSet: 106
-13.0078125 380.830078125 336.533203125 1.494140625 -1.30160435651897 29.1796875 -79.013671875
626.611 142.635 -40.739 643.930
-0.9650512 -0.1178165 0.2340844 626.611 -0.09875949 0.9908892 0.09157033 142.635 -0.2427402 0.06525199 -0.9678943 -40.73864 0 0 0 1
DataSet: 107
-14.0625 382.32421875 336.533203125 1.494140625 -1.30160435651897 29.1796875 -79.013671875
625.271 142.635 -39.745 642.564
-0.9671443 -0.1172394 0.2255811 625.2711 -0.09875949 0.9908892 0.09157033 142.635 -0.2342615 0.06628344 -0.9699113 -39.74483 0 0 0 1
DataSet: 108
-15.029296875 381.708984375 336.533203125 1.494140625 -1.30160435651897 29.1796875 -79.013671875
626.535 142.635 -27.131 643.138
-0.9611385 -0.1188222 0.2491867 626.535 -0.09875949 0.9908892 0.09157033 142.635 -0.257797 0.06340221 -0.9641166 -27.13084 0 0 0 1
DataSet: 109
-16.083984375 400.517578125 336.533203125 1.494140625 -1.30160435651897 29.1796875 -79.013671875
586.264 142.635 -134.222 618.115
-0.9940115 -0.0939065 -0.05588192 586.2637 -0.09875949 0.9908892 0.09157033 142.635 0.04677374 0.09654082 -0.9942294 -134.2223 0 0 0 1
DataSet: 110
-17.05078125 400.341796875 336.533203125 1.494140625 -1.30160435651897 29.1796875 -79.013671875
589.077 142.635 -122.821 618.418
-0.9947663 -0.09588345 -0.03530333 589.077 -0.09875949 0.9908892 0.09157033 142.635 0.02620161 0.09457761 -0.9951726 -122.8209 0 0 0 1
DataSet: 111
-18.017578125 400.341796875 336.533203125 1.494140625 -1.30160435651897 29.1796875 -79.013671875
591.173 142.635 -112.300 618.418
-0.9950753 -0.09755419 -0.01755742 591.1728 -0.09875949 0.9908892 0.09157033 142.635 0.008464386 0.09285333 -0.9956438 -112.3002 0 0 0 1
DataSet: 112
-18.984375 400.4296875 336.533203125 1.494140625 -1.30160435651897 29.1796875 -79.013671875
592.784 142.635 -102.545 618.267
-0.9950845 -0.0990131 -0.001780384 592.7844 -0.09875949 0.9908892 0.09157033 142.635 -0.007302498 0.09129604 -0.995797 -102.5452 0 0 0 1
DataSet: 113
-20.0390625 400.341796875 336.533203125 1.494140625 -1.30160435651897 29.1796875 -79.013671875
594.868 142.635 -90.710 618.418
-0.9947242 -0.1008689 0.01869021 594.8683 -0.09875949 0.9908892 0.09157033 142.635 -0.02775653 0.08924138 -0.9956232 -90.71039 0 0 0 1
DataSet: 114
-21.005859375 400.517578125 336.533203125 1.494140625 -1.30160435651897 29.1796875 -79.013671875
596.039 142.635 -80.362 618.115
-0.994147 -0.1022952 0.03474714 596.0392 -0.09875949 0.9908892 0.09157033 142.635 -0.04379778 0.08760276 -0.9951922 -80.36189 0 0 0 1
DataSet: 115
-21.97265625 406.40625 336.533203125 1.494140625 -1.30160435651897 29.1796875 -79.013671875
580.821 142.635 -104.801 607.191
-0.9943331 -0.09462503 -0.04845362 580.8209 -0.09875949 0.9908892 0.09157033 142.635 0.03934732 0.09583665 -0.9946191 -104.801 0 0 0 1
DataSet: 116
-23.02734375 406.23046875 336.533203125 1.494140625 -1.30160435651897 29.1796875 -79.013671875
583.416 142.635 -91.557 607.538
-0.9949912 -0.09689875 -0.02455924 583.4163 -0.09875949 0.9908892 0.09157033 142.635 0.01546243 0.09353712 -0.9954957 -91.55709 0 0 0 1
DataSet: 117
-23.994140625 406.142578125 336.533203125 1.494140625 -1.30189179603928 29.267578125 -79.013671875
584.985 142.576 -79.268 607.305
-0.9949577 -0.100238 -0.003385754 584.9853 -0.1001219 0.99069 0.09224389 142.5757 -0.005892108 0.09211776 -0.9957307 -79.26813 0 0 0 1
DataSet: 118
-24.9609375 410.009765625 336.533203125 1.494140625 -1.30189179603928 29.267578125 -79.013671875
575.046 142.576 -91.002 599.405
-0.9941071 -0.09573194 -0.05085684 575.0458 -0.1001219 0.99069 0.09224389 142.5757 0.04155268 0.09679218 -0.9944369 -91.00218 0 0 0 1
DataSet: 119
-26.015625 417.83203125 336.533203125 1.494140625 -1.30160435651897 29.1796875 -79.013671875
551.142 142.635 -120.970 582.011
-0.9837304 -0.08333848 -0.1591512 551.1424 -0.09875949 0.9908892 0.09157033 142.635 0.1500698 0.1057982 -0.9829984 -120.9705 0 0 0 1
DataSet: 120
-27.0703125 417.744140625 336.533203125 1.494140625 -1.30160435651897 29.1796875 -79.013671875
554.287 142.635 -106.796 582.224
-0.9873349 -0.08609037 -0.1332601 554.2874 -0.09875949 0.9908892 0.09157033 142.635 0.1241627 0.1035713 -0.9868417 -106.7962 0 0 0 1
DataSet: 121
-27.94921875 436.728515625 336.533203125 1.494140625 -1.30160435651897 29.1796875 -79.013671875
472.955 142.635 -191.162 529.692
-0.9020959 -0.05030234 -0.4285939 472.955 -0.09875949 0.9908892 0.09157033 142.635 0.4200829 0.1249329 -0.8988449 -191.1618 0 0 0 1
DataSet: 122
-29.00390625 452.63671875 336.533203125 1.494140625 -1.30160435651897 29.1796875 -79.013671875
387.979 142.635 -237.492 476.734
-0.7680601 -0.01739375 -0.6401414 387.9792 -0.09875949 0.9908892 0.09157033 142.635 0.6327165 0.1335516 -0.7627803 -237.4916 0 0 0 1
DataSet: 123
-30.05859375 452.63671875 336.533203125 1.494140625 -1.30160435651897 29.1796875 -79.013671875
393.382 142.635 -228.432 476.734
-0.7825242 -0.02048568 -0.622283 393.3815 -0.09875949 0.9908892 0.09157033 142.635 0.6147376 0.1331124 -0.777418 -228.4319 0 0 0 1
DataSet: 124
-31.025390625 452.724609375 336.533203125 1.494140625 -1.30160435651897 29.1796875 -79.013671875
399.023 142.635 -217.746 476.422
-0.7983077 -0.02395414 -0.6017732 399.0231 -0.09875949 0.9908892 0.09157033 142.635 0.5940971 0.1325321 -0.7934002 -217.7463 0 0 0 1
DataSet: 125
-31.9921875 452.724609375 336.4453125 1.494140625 -1.30189179603928 29.267578125 -79.013671875
404.594 142.249 -206.081 475.815
-0.8143869 -0.02833444 -0.5796301 404.5935 -0.1001219 0.99069 0.09224389 142.2491 0.5716201 0.1331559 -0.8096419 -206.0805 0 0 0 1
DataSet: 126
-33.046875 452.63671875 336.533203125 1.494140625 -1.30160435651897 29.1796875 -79.013671875
409.595 142.635 -197.893 476.734
-0.8269552 -0.03053683 -0.561438 409.5953 -0.09875949 0.9908892 0.09157033 142.635 0.5535266 0.1311719 -0.8224368 -197.8934 0 0 0 1
DataSet: 127
-34.013671875 452.63671875 336.533203125 1.494140625 -1.30189179603928 29.267578125 -79.013671875
412.725 142.576 -190.446 476.382
-0.8363189 -0.03356919 -0.5472146 412.7249 -0.1001219 0.99069 0.09224389 142.5757 0.5390235 0.1319335 -0.8318938 -190.446 0 0 0 1
DataSet: 128
-34.98046875 452.63671875 336.533203125 1.494140625 -1.30160435651897 29.1796875 -79.013671875
416.060 142.635 -183.914 476.734
-0.8452197 -0.03495988 -0.5332743 416.0598 -0.09875949 0.9908892 0.09157033 142.635 0.5252145 0.1300629 -0.8409717 -183.9139 0 0 0 1
DataSet: 129
-36.03515625 452.724609375 336.533203125 1.494140625 -1.30189179603928 29.267578125 -79.013671875
418.458 142.576 -176.657 476.070
-0.8533441 -0.03782617 -0.5199741 418.4576 -0.1001219 0.99069 0.09224389 142.5757 0.5116439 0.1307766 -0.8491867 -176.6574 0 0 0 1
DataSet: 130
-37.001953125 452.548828125 336.533203125 1.494140625 -1.30160435651897 29.1796875 -79.013671875
422.371 142.635 -169.794 477.045
-0.8628001 -0.03941679 -0.5040064 422.3712 -0.09875949 0.9908892 0.09157033 142.635 0.4958051 0.1287823 -0.858832 -169.794 0 0 0 1
DataSet: 131
-38.056640625 452.63671875 336.533203125 1.494140625 -1.30160435651897 29.1796875 -79.013671875
424.718 142.635 -162.925 476.734
-0.8703728 -0.04140592 -0.4906492 424.7181 -0.09875949 0.9908892 0.09157033 142.635 0.4823875 0.1281566 -0.8665323 -162.9253 0 0 0 1
DataSet: 132
-39.0234375 452.63671875 336.533203125 1.494140625 -1.30160435651897 29.1796875 -79.013671875
428.037 142.635 -153.995 476.734
-0.8802843 -0.04408075 -0.4723943 428.037 -0.09875949 0.9908892 0.09157033 142.635 0.4640539 0.1272613 -0.8766177 -153.9949 0 0 0 1
DataSet: 133
-40.078125 452.63671875 336.533203125 1.494140625 -1.30160435651897 29.1796875 -79.013671875
430.787 142.635 -146.125 476.734
-0.8886403 -0.0464054 -0.456251 430.7871 -0.09875949 0.9908892 0.09157033 142.635 0.4478449 0.1264322 -0.885127 -146.1253 0 0 0 1
DataSet: 134
-41.044921875 452.548828125 336.533203125 1.494140625 -1.30160435651897 29.1796875 -79.013671875
433.642 142.635 -138.499 477.045
-0.8967007 -0.04871532 -0.4399484 433.6421 -0.09875949 0.9908892 0.09157033 142.635 0.4314793 0.1255603 -0.8933422 -138.4989 0 0 0 1
DataSet: 135
-42.01171875 452.548828125 336.533203125 1.494140625 -1.30160435651897 29.1796875 -79.013671875
436.066 142.635 -130.667 477.045
-0.9043261 -0.05096874 -0.4237881 436.0661 -0.09875949 0.9908892 0.09157033 142.635 0.4152599 0.1246625 -0.9011207 -130.6666 0 0 0 1
DataSet: 136
-43.06640625 452.548828125 336.533203125 1.494140625 -1.30160435651897 29.1796875 -79.013671875
439.082 142.635 -120.144 477.045
-0.9140494 -0.05395145 -0.4019987 439.0818 -0.09875949 0.9908892 0.09157033 142.635 0.3933958 0.123401 -0.9110499 -120.1439 0 0 0 1
DataSet: 137
-44.033203125 452.4609375 336.533203125 1.494140625 -1.30160435651897 29.1796875 -79.013671875
442.059 142.635 -110.038 477.357
-0.9230695 -0.05684559 -0.3804092 442.0592 -0.09875949 0.9908892 0.09157033 142.635 0.371738 0.1220948 -0.9202737 -110.038 0 0 0 1
DataSet: 138
-45 452.4609375 336.533203125 1.494140625 -1.30160435651897 29.1796875 -79.013671875
444.699 142.635 -98.831 477.357
-0.9321694 -0.05991305 -0.3570303 444.6989 -0.09875949 0.9908892 0.09157033 142.635 0.3482912 0.1206192 -0.9295936 -98.83102 0 0 0 1
DataSet: 139
-46.0546875 452.4609375 336.533203125 1.494140625 -1.30160435651897 29.1796875 -79.013671875
447.246 142.635 -86.576 477.357
-0.9413866 -0.06320436 -0.3313556 447.2464 -0.09875949 0.9908892 0.09157033 142.635 0.3225491 0.1189276 -0.9390518 -86.57593 0 0 0 1
DataSet: 140
-47.021484375 452.4609375 336.533203125 1.494140625 -1.30160435651897 29.1796875 -79.013671875
448.941 142.635 -77.311 477.357
-0.9478537 -0.06564955 -0.3118709 448.9406 -0.09875949 0.9908892 0.09157033 142.635 0.3030179 0.1175955 -0.9457015 -77.31107 0 0 0 1
DataSet: 141
-48.076171875 452.4609375 336.533203125 1.494140625 -1.30160435651897 29.1796875 -79.013671875
450.645 142.635 -66.663 477.357
-0.9547607 -0.06841469 -0.2893984 450.6448 -0.09875949 0.9908892 0.09157033 142.635 0.280497 0.1160086 -0.9528187 -66.6628 0 0 0 1
DataSet: 142
-48.955078125 452.4609375 336.533203125 1.494140625 -1.30160435651897 29.1796875 -79.013671875
451.877 142.635 -57.722 477.357
-0.9601302 -0.07069946 -0.2704657 451.877 -0.09875949 0.9908892 0.09157033 142.635 0.2615276 0.1146305 -0.9583648 -57.72219 0 0 0 1
DataSet: 143
-50.009765625 451.845703125 336.533203125 1.494140625 -1.30160435651897 29.1796875 -79.013671875
455.732 142.635 -43.756 479.532
-0.9685825 -0.07461271 -0.2372361 455.7317 -0.09875949 0.9908892 0.09157033 142.635 0.2282423 0.1121227 -0.9671266 -43.75552 0 0 0 1
DataSet: 144
-51.064453125 451.845703125 336.533203125 1.494140625 -1.30160435651897 29.1796875 -79.013671875
456.695 142.635 -32.177 479.532
-0.9740623 -0.07743383 -0.2126185 456.6953 -0.09875949 0.9908892 0.09157033 142.635 0.2035908 0.1101933 -0.9728351 -32.1771 0 0 0 1
DataSet: 145
-52.03125 451.845703125 336.533203125 1.494140625 -1.30160435651897 29.1796875 -79.013671875
457.229 142.635 -23.404 479.532
-0.9777912 -0.07953499 -0.1939034 457.2288 -0.09875949 0.9908892 0.09157033 142.635 0.1848537 0.1086865 -0.9767376 -23.40379 0 0 0 1
DataSet: 146
-53.0859375 451.845703125 336.533203125 1.494140625 -1.30160435651897 29.1796875 -79.013671875
457.619 142.635 -13.823 479.532
-0.9814481 -0.0817937 -0.1734056 457.6187 -0.09875949 0.9908892 0.09157033 142.635 0.1643359 0.106997 -0.9805842 -13.82318 0 0 0 1
DataSet: 147
-54.052734375 451.845703125 336.533203125 1.494140625 -1.30160435651897 29.1796875 -79.013671875
457.795 142.635 -5.459 479.532
-0.9842872 -0.08373527 -0.1554579 457.7949 -0.09875949 0.9908892 0.09157033 142.635 0.1463739 0.1054844 -0.9835892 -5.458525 0 0 0 1
DataSet: 148
