DataSet_1
0.5680668354034424 0.6152447462081909 0.5466022491455078 66.63370513916016 
-0.7428063154220581 0.09735957533121109 0.6623895764350891 237.500244140625 
0.35431474447250366 -0.782301127910614 0.5123143792152405 -1373.8544921875 
0.0 0.0 0.0 1.0

DataSet_2
0.5665894746780396 0.5890082120895386 0.5762340426445007 74.87359619140625 
-0.7454570531845093 0.06843160837888718 0.6630315780639648 184.7310333251953 
0.3510984182357788 -0.8052244782447815 0.4778529703617096 -1362.6937255859375 
0.0 0.0 0.0 1.0

DataSet_3
0.5093216896057129 0.6045467853546143 0.6124659776687622 83.80352783203125 
-0.7862171530723572 0.037483908236026764 0.6168124079704285 123.49825286865234 
0.34993433952331543 -0.795687198638916 0.4943964183330536 -1336.529541015625 
0.0 0.0 0.0 1.0

DataSet_4
0.45897185802459717 0.6162185072898865 0.6400153636932373 73.94078826904297 
-0.8290008306503296 0.03795111924409866 0.5579583048820496 58.82225799560547 
0.31953492760658264 -0.786660373210907 0.5282641053199768 -1337.1292724609375 
0.0 0.0 0.0 1.0

DataSet_5
0.5164421796798706 0.6159335970878601 0.5949060916900635 81.28178405761719 
-0.7738566398620605 0.03823327645659447 0.6322057843208313 26.2479190826416 
0.3666515350341797 -0.7868697643280029 0.49638956785202026 -1329.780517578125 
0.0 0.0 0.0 1.0

DataSet_6
0.5094572305679321 0.6139031052589417 0.6029728651046753 87.35797119140625 
-0.7940813899040222 0.06546418368816376 0.6042757630348206 3.145322799682617 
0.33149364590644836 -0.7866621613502502 0.5208402276039124 -1330.4708251953125 
0.0 0.0 0.0 1.0

DataSet_7
0.4981907904148102 0.609584629535675 0.6166137456893921 89.37185668945312 
-0.7943140268325806 0.035713549703359604 0.6064566373825073 -44.88987731933594 
0.3476652204990387 -0.7919160723686218 0.5019938349723816 -1326.6087646484375 
0.0 0.0 0.0 1.0

DataSet_8
0.49864500761032104 0.5913182497024536 0.6337947845458984 97.8369140625 
-0.7989448308944702 0.029924824833869934 0.6006593108177185 -104.50373840332031 
0.3362146317958832 -0.8058828711509705 0.48735255002975464 -1318.083251953125 
0.0 0.0 0.0 1.0

DataSet_9
0.47941628098487854 0.5987951159477234 0.641564130783081 102.5832290649414 
-0.800791323184967 -0.0005813352763652802 0.5989432334899902 -160.53086853027344 
0.3590172827243805 -0.8009020090103149 0.47923120856285095 -1316.68896484375 
0.0 0.0 0.0 1.0

DataSet_10
0.4780801832675934 0.6267132759094238 0.6153615117073059 109.58550262451172 
-0.8211458325386047 0.07028547674417496 0.566373884677887 -208.91722106933594 
0.311703085899353 -0.776073694229126 0.5482251048088074 -1313.0694580078125 
0.0 0.0 0.0 1.0

DataSet_11
0.4424316883087158 0.6837837100028992 0.5802533626556396 122.98326110839844 
-0.8267163634300232 0.06022316962480545 0.5593864917755127 -279.1029968261719 
0.34755465388298035 -0.7271952629089355 0.5919398665428162 -1312.00048828125 
0.0 0.0 0.0 1.0

DataSet_12
0.45439594984054565 0.702931821346283 0.5471847653388977 117.40780639648438 
-0.7677419781684875 -0.0024925966281443834 0.6407542824745178 -335.6882019042969 
0.45177048444747925 -0.7112528681755066 0.5385376811027527 -1312.574951171875 
0.0 0.0 0.0 1.0

DataSet_13
0.48301661014556885 0.637783408164978 0.5999393463134766 86.30477905273438 
-0.805730402469635 0.05552433803677559 0.5896740555763245 -343.1453857421875 
0.34277307987213135 -0.7682117223739624 0.5407007336616516 -1348.70166015625 
0.0 0.0 0.0 1.0

DataSet_14
0.553972065448761 0.6188969612121582 0.5568495988845825 93.3614501953125 
-0.7272090315818787 0.03408408164978027 0.6855693459510803 -293.30743408203125 
0.405317097902298 -0.7847323417663574 0.4689491093158722 -1348.321044921875 
0.0 0.0 0.0 1.0

DataSet_15
0.5188022255897522 0.6417043209075928 0.5648537874221802 95.99563598632812 
-0.7662321329116821 0.05602339655160904 0.6401169300079346 -225.3761444091797 
0.37912076711654663 -0.7649032473564148 0.5207595825195312 -1342.8887939453125 
0.0 0.0 0.0 1.0

DataSet_16
0.5255454778671265 0.6148385405540466 0.5880268216133118 79.64224243164062 
-0.7809474468231201 0.07442694902420044 0.6201465725898743 -153.64076232910156 
0.337524950504303 -0.7851332426071167 0.5192713141441345 -1331.2110595703125 
0.0 0.0 0.0 1.0

DataSet_17
0.4636082351207733 0.6338667869567871 0.6190962791442871 88.92901611328125 
-0.826821506023407 0.05834009870886803 0.5594305992126465 -115.81163787841797 
0.3184863328933716 -0.7712388038635254 0.5511416792869568 -1331.1324462890625 
0.0 0.0 0.0 1.0

DataSet_18
0.4876255989074707 0.6114932894706726 0.6231350302696228 82.62059020996094 
-0.8259035348892212 0.09170994907617569 0.5563026666641235 -73.42212677001953 
0.28302767872810364 -0.785916805267334 0.5497545599937439 -1337.3682861328125 
0.0 0.0 0.0 1.0

DataSet_19
0.4890730381011963 0.6090286374092102 0.6244130730628967 79.61348724365234 
-0.8302212357521057 0.10551608353853226 0.5473564267158508 -28.481815338134766 
0.267470121383667 -0.7860982418060303 0.5572335720062256 -1340.1419677734375 
0.0 0.0 0.0 1.0

DataSet_20
0.4927575886249542 0.6483244299888611 0.5804010629653931 75.0289306640625 
-0.8120548725128174 0.10295412689447403 0.5744278430938721 -1.9344987869262695 
0.31266090273857117 -0.7543712258338928 0.5772064328193665 -1343.6783447265625 
0.0 0.0 0.0 1.0

DataSet_21
0.47305792570114136 0.641876220703125 0.6034991145133972 62.79370880126953 
-0.8339642286300659 0.10534057021141052 0.5416706800460815 59.80744934082031 
0.2841125428676605 -0.7595382332801819 0.5851339101791382 -1354.97705078125 
0.0 0.0 0.0 1.0

DataSet_22
0.4767208993434906 0.6563344597816467 0.5847753286361694 52.29939270019531 
-0.8215211629867554 0.09593193978071213 0.5620498061180115 112.04534149169922 
0.3127940595149994 -0.748346209526062 0.5849254727363586 -1357.864013671875 
0.0 0.0 0.0 1.0

DataSet_23
0.2551133930683136 0.6676625609397888 0.6993882060050964 54.64533615112305 
-0.9669109582901001 0.17570710182189941 0.1849600225687027 166.46475219726562 
0.0006034373654983938 -0.7234319448471069 0.6903954148292542 -1385.672119140625 
0.0 0.0 0.0 1.0

DataSet_24
0.3129076659679413 0.7421693801879883 0.5926832556724548 73.79480743408203 
-0.9358744025230408 0.13452470302581787 0.32564130425453186 210.04266357421875 
0.1619504690170288 -0.6565727591514587 0.7366710901260376 -1381.9580078125 
0.0 0.0 0.0 1.0

DataSet_25
0.4648114740848541 0.6494656205177307 0.6017845869064331 25.39841651916504 
-0.8662188649177551 0.19281767308712006 0.4609622657299042 269.4034118652344 
0.18334446847438812 -0.7355377078056335 0.6522032618522644 -1399.0303955078125 
0.0 0.0 0.0 1.0

DataSet_26
0.2752034366130829 0.6850500106811523 0.6745142936706543 17.19032096862793 
-0.9556162357330322 0.11817218363285065 0.269875705242157 264.7434997558594 
0.10516952723264694 -0.7188475728034973 0.6871663331985474 -1422.919677734375 
0.0 0.0 0.0 1.0

DataSet_27
0.35960474610328674 0.6909156441688538 0.6271523237228394 26.429058074951172 
-0.9049742817878723 0.09445301443338394 0.41484972834587097 216.04940795898438 
0.22738970816135406 -0.7167385816574097 0.6592265963554382 -1395.74560546875 
0.0 0.0 0.0 1.0

DataSet_28
0.41482287645339966 0.5638202428817749 0.7141629457473755 22.71194839477539 
-0.8975724577903748 0.1247897669672966 0.4228370785713196 146.46534729003906 
0.14928388595581055 -0.8164154887199402 0.5578351616859436 -1406.131103515625 
0.0 0.0 0.0 1.0

DataSet_29
0.4760516285896301 0.5897091031074524 0.6523941159248352 29.43358039855957 
-0.8330304622650146 0.06463352590799332 0.5494385957717896 103.43956756591797 
0.2818424105644226 -0.8050252795219421 0.5220144987106323 -1393.6614990234375 
0.0 0.0 0.0 1.0

DataSet_30
0.41022413969039917 0.6130471229553223 0.6751958131790161 32.31278610229492 
-0.8773537874221802 0.06320174038410187 0.47566357254981995 44.88570785522461 
0.24893063306808472 -0.787514328956604 0.5637860894203186 -1390.4796142578125 
0.0 0.0 0.0 1.0

DataSet_31
0.3661364018917084 0.6511723399162292 0.6647696495056152 36.81278610229492 
-0.9161660075187683 0.12707796692848206 0.3801197409629822 12.877471923828125 
0.16304588317871094 -0.7482150793075562 0.6431098580360413 -1384.8558349609375 
0.0 0.0 0.0 1.0

DataSet_32
0.45257803797721863 0.6441663503646851 0.6166220903396606 40.96980667114258 
-0.8434301018714905 0.08474883437156677 0.530512273311615 -22.766223907470703 
0.28948017954826355 -0.760175883769989 0.5816647410392761 -1382.1949462890625 
0.0 0.0 0.0 1.0

DataSet_33
0.49956458806991577 0.5884003043174744 0.6357831954956055 40.857547760009766 
-0.8145917057991028 0.0693589597940445 0.5758729577064514 -65.9920883178711 
0.2947465777397156 -0.805589497089386 0.513955295085907 -1383.0072021484375 
0.0 0.0 0.0 1.0

DataSet_34
0.47460442781448364 0.6140180826187134 0.630660355091095 46.167720794677734 
-0.8316715359687805 0.0782066062092781 0.5497328639030457 -98.29496002197266 
0.28822416067123413 -0.7854078412055969 0.5477785468101501 -1378.2525634765625 
0.0 0.0 0.0 1.0

DataSet_35
0.5001785755157471 0.6171839237213135 0.6073758602142334 46.39640808105469 
-0.799484133720398 0.05970432981848717 0.5977127552032471 -149.34860229492188 
0.3326357305049896 -0.7845504283905029 0.5232915878295898 -1379.4898681640625 
0.0 0.0 0.0 1.0

DataSet_36
0.5230588912963867 0.6679243445396423 0.5294209718704224 59.39297866821289 
-0.7416067719459534 0.05054391175508499 0.6689280271530151 -215.9811553955078 
0.4200342893600464 -0.7425109148025513 0.5217746496200562 -1373.121337890625 
0.0 0.0 0.0 1.0

DataSet_37
0.5998072028160095 0.5850903987884521 0.5458025932312012 67.12527465820312 
-0.696307361125946 0.045627448707818985 0.7162919640541077 -266.3083801269531 
0.3941919803619385 -0.8096835017204285 0.43477046489715576 -1386.5142822265625 
0.0 0.0 0.0 1.0

DataSet_38
0.5960400700569153 0.5709728002548218 0.5645585060119629 75.94798278808594 
-0.6949574947357178 0.014642396941781044 0.7189016938209534 -303.6534118652344 
0.4022068679332733 -0.8208383917808533 0.40552929043769836 -1383.87060546875 
0.0 0.0 0.0 1.0

DataSet_39
0.5970146059989929 0.5951168537139893 0.5379679203033447 83.97413635253906 
-0.6845226287841797 0.028212489560246468 0.7284454703330994 -351.59906005859375 
0.4183327555656433 -0.8031437993049622 0.424214243888855 -1362.47998046875 
0.0 0.0 0.0 1.0

DataSet_40
0.6221985816955566 0.6019307374954224 0.5005479454994202 62.74055862426758 
-0.6495369672775269 0.040015850216150284 0.759276270866394 -377.2567138671875 
0.43700191378593445 -0.7975450158119202 0.41587409377098083 -1381.9429931640625 
0.0 0.0 0.0 1.0

DataSet_41
0.580410361289978 0.6108300685882568 0.538526177406311 41.0819091796875 
-0.7203176617622375 0.07665316760540009 0.6893959045410156 -352.331298828125 
0.37982404232025146 -0.788042426109314 0.4844819903373718 -1415.3564453125 
0.0 0.0 0.0 1.0

DataSet_42
0.5167612433433533 0.6213313341140747 0.5889865756034851 39.09468078613281 
-0.7903083562850952 0.08166863769292831 0.6072420477867126 -314.2798156738281 
0.3291967809200287 -0.7792801856994629 0.5332465171813965 -1424.1932373046875 
0.0 0.0 0.0 1.0

DataSet_43
0.5478261113166809 0.623164713382721 0.5581687092781067 38.76167297363281 
-0.7460576295852661 0.06202477961778641 0.6629863381385803 -274.0530700683594 
0.37852942943573 -0.77962726354599 0.49889564514160156 -1422.112548828125 
0.0 0.0 0.0 1.0

DataSet_44
0.5532945394515991 0.5887539982795715 0.5892655253410339 29.00570297241211 
-0.7544838786125183 0.054415736347436905 0.6540588736534119 -224.92489624023438 
0.35301443934440613 -0.8064785599708557 0.474313348531723 -1418.1651611328125 
0.0 0.0 0.0 1.0

DataSet_45
0.5971537232398987 0.6140152215957642 0.5161325931549072 11.254680633544922 
-0.70854252576828 0.102159284055233 0.6982342004776001 -154.38209533691406 
0.3759986460208893 -0.7826550602912903 0.49606063961982727 -1416.84619140625 
0.0 0.0 0.0 1.0

DataSet_46
0.5765392184257507 0.5952755808830261 0.5596868991851807 0.9233970642089844 
-0.7381711602210999 0.08580737560987473 0.6691340804100037 -111.65070343017578 
0.350293904542923 -0.7989267706871033 0.48888659477233887 -1429.18408203125 
0.0 0.0 0.0 1.0

DataSet_47
0.582944929599762 0.5699795484542847 0.5790496468544006 -8.155448913574219 
-0.7376765012741089 0.0725274533033371 0.6712474226951599 -71.45467376708984 
0.34060031175613403 -0.8184515833854675 0.46274006366729736 -1437.635986328125 
0.0 0.0 0.0 1.0

DataSet_48
0.5358448028564453 0.5917140245437622 0.6022830009460449 -13.680717468261719 
-0.7893534898757935 0.09791751205921173 0.606080174446106 -19.370807647705078 
0.299652099609375 -0.800179123878479 0.5195401310920715 -1443.1422119140625 
0.0 0.0 0.0 1.0

DataSet_49
0.5270892977714539 0.5752668976783752 0.6254956722259521 -19.288257598876953 
-0.8010518550872803 0.09060333669185638 0.5916983485221863 38.60636901855469 
0.2837124764919281 -0.8129323720932007 0.5085746645927429 -1450.0963134765625 
0.0 0.0 0.0 1.0

DataSet_50
0.48036283254623413 0.580640971660614 0.6573489308357239 -33.12274932861328 
-0.8331944942474365 0.06802020221948624 0.5487806797027588 79.97529602050781 
0.2739315330982208 -0.8113133311271667 0.5164612531661987 -1462.904296875 
0.0 0.0 0.0 1.0

DataSet_73
0.520371675491333 0.6292759776115417 0.577256441116333 28.235042572021484 
-0.7690120339393616 0.05143435299396515 0.6371616721153259 -349.66925048828125 
0.37125974893569946 -0.7754780650138855 0.5106858015060425 -1436.620361328125 
0.0 0.0 0.0 1.0

DataSet_74
0.5488830804824829 0.6122059226036072 0.5691495537757874 15.971504211425781 
-0.7614534497261047 0.08530396223068237 0.6425821185112 -274.4368591308594 
0.344841867685318 -0.7860834002494812 0.512988269329071 -1431.42138671875 
0.0 0.0 0.0 1.0

DataSet_75
0.5224012732505798 0.6060518622398376 0.5998317003250122 0.5947952270507812 
-0.8036115169525146 0.11468701809644699 0.583999514579773 -198.08108520507812 
0.28514108061790466 -0.7871137857437134 0.5469428896903992 -1429.9888916015625 
0.0 0.0 0.0 1.0

DataSet_76
0.5655003190040588 0.5968706607818604 0.5691702961921692 -8.396610260009766 
-0.7506213784217834 0.08652786910533905 0.6550424098968506 -131.3697509765625 
0.34172648191452026 -0.7976580262184143 0.49695539474487305 -1438.848876953125 
0.0 0.0 0.0 1.0

DataSet_77
0.4917030930519104 0.5908060669898987 0.639668881893158 -12.014774322509766 
-0.8250267505645752 0.08114606887102127 0.5592371225357056 -57.23867416381836 
0.27849406003952026 -0.8027225732803345 0.5273305773735046 -1441.97607421875 
0.0 0.0 0.0 1.0

DataSet_78
0.5310278534889221 0.5821772813796997 0.6156939268112183 -21.73682403564453 
-0.7768380641937256 0.04428159072995186 0.628141462802887 -2.3285083770751953 
0.33842581510543823 -0.811855137348175 0.4757722318172455 -1451.02099609375 
0.0 0.0 0.0 1.0

DataSet_79
0.4848889708518982 0.6354243159294128 0.6009314060211182 -23.59654998779297 
-0.8244397640228271 0.10280150175094604 0.5565347075462341 64.30573272705078 
0.2918590307235718 -0.765289306640625 0.5737164616584778 -1452.4564208984375 
0.0 0.0 0.0 1.0

DataSet_80
0.24150431156158447 0.6545402407646179 0.7164165377616882 -19.11583709716797 
-0.9703304171562195 0.17170783877372742 0.17022119462490082 127.71125793457031 
-0.011597692035138607 -0.7362699508666992 0.6765885353088379 -1456.7755126953125 
0.0 0.0 0.0 1.0

DataSet_81
0.39687028527259827 0.5852431058883667 0.7070958018302917 -32.21379089355469 
-0.9075562953948975 0.1350163370370865 0.3976331353187561 185.6856231689453 
0.13724258542060852 -0.7995380163192749 0.584725022315979 -1478.0655517578125 
0.0 0.0 0.0 1.0

DataSet_82
0.4009235203266144 0.5712987780570984 0.7161550521850586 -43.4627685546875 
-0.9062770009040833 0.13309982419013977 0.40118128061294556 246.71902465820312 
0.13387426733970642 -0.8098778128623962 0.5711178183555603 -1485.2781982421875 
0.0 0.0 0.0 1.0

DataSet_83
0.2414483278989792 0.6237035393714905 0.7434357404708862 -41.778419494628906 
-0.9695407152175903 0.18753217160701752 0.1575516164302826 281.8154296875 
-0.04115259647369385 -0.7588317394256592 0.6499852538108826 -1479.876953125 
0.0 0.0 0.0 1.0

DataSet_84
0.2651086747646332 0.630625307559967 0.7294032573699951 -54.496646881103516 
-0.9580557346343994 0.08688903599977493 0.2730923593044281 237.4167938232422 
0.10884179919958115 -0.7712081670761108 0.6272092461585999 -1515.4432373046875 
0.0 0.0 0.0 1.0

DataSet_85
0.349575012922287 0.6116014719009399 0.7097470760345459 -50.57023239135742 
-0.9165957570075989 0.06636278331279755 0.3942691683769226 187.2913055419922 
0.19403481483459473 -0.7883778214454651 0.5837900638580322 -1496.732177734375 
0.0 0.0 0.0 1.0

DataSet_86
0.3868958652019501 0.6176034808158875 0.6847463250160217 -27.798583984375 
-0.880244255065918 0.02611536718904972 0.4738016426563263 105.72840118408203 
0.2747391164302826 -0.7860559225082397 0.5537458658218384 -1456.6324462890625 
0.0 0.0 0.0 1.0

DataSet_87
0.45465409755706787 0.5693120956420898 0.6849623322486877 -23.527759552001953 
-0.8443337082862854 0.030680812895298004 0.534938633441925 37.173919677734375 
0.2835317850112915 -0.8215488195419312 0.4946385324001312 -1452.5849609375 
0.0 0.0 0.0 1.0

DataSet_88
0.49779561161994934 0.5816339254379272 0.6433517336845398 -8.602893829345703 
-0.8145826458930969 0.058884039521217346 0.5770509243011475 -23.8656005859375 
0.29774925112724304 -0.8113166093826294 0.5031011700630188 -1437.4049072265625 
0.0 0.0 0.0 1.0

DataSet_89
0.4895152151584625 0.5702641010284424 0.6596769690513611 -13.894229888916016 
-0.8201944828033447 0.044255614280700684 0.5703704953193665 -111.9521484375 
0.29606741666793823 -0.820268452167511 0.4893912672996521 -1444.009033203125 
0.0 0.0 0.0 1.0

DataSet_90
0.4959580898284912 0.5745945572853088 0.6510504484176636 -5.172210693359375 
-0.7956761717796326 0.0004635751247406006 0.6057221293449402 -232.72116088867188 
0.34774285554885864 -0.8184381127357483 0.45742109417915344 -1433.885986328125 
0.0 0.0 0.0 1.0

DataSet_91
0.5569828748703003 0.6074365377426147 0.5663841366767883 70.83827209472656 
-0.740596354007721 0.05461781471967697 0.6697267889976501 76.89827728271484 
0.3758818805217743 -0.7924883365631104 0.48028644919395447 -1347.4466552734375 
0.0 0.0 0.0 1.0

DataSet_92
0.5702523589134216 0.6128062009811401 0.5470656156539917 88.00991821289062 
-0.7163965702056885 0.04510614275932312 0.6962336897850037 2.1304149627685547 
0.40198028087615967 -0.7889449000358582 0.46473416686058044 -1328.732421875 
0.0 0.0 0.0 1.0

DataSet_93
0.5833058953285217 0.61290043592453 0.533017098903656 95.6783447265625 
-0.6778538227081299 0.005768949631601572 0.7351741194725037 -97.64613342285156 
0.447513610124588 -0.7901390790939331 0.4188219904899597 -1322.449462890625 
0.0 0.0 0.0 1.0

DataSet_94
0.5920959115028381 0.5668665170669556 0.5727868676185608 58.34916687011719 
-0.7378802299499512 0.09561889618635178 0.6681240797042847 -33.25128173828125 
0.32396793365478516 -0.8182416558265686 0.4748951494693756 -1363.8748779296875 
0.0 0.0 0.0 1.0

DataSet_95
0.49061617255210876 0.5735793709754944 0.6559744477272034 40.67505645751953 
-0.8170492649078369 0.041160330176353455 0.575096845626831 68.11337280273438 
0.30286353826522827 -0.818115234375 0.48883649706840515 -1380.787109375 
0.0 0.0 0.0 1.0

DataSet_96
0.49554112553596497 0.6144016981124878 0.6139621138572693 22.036888122558594 
-0.8043569326400757 0.05784762650728226 0.5913234949111938 15.768389701843262 
0.3277939260005951 -0.7868698835372925 0.5228641629219055 -1402.190185546875 
0.0 0.0 0.0 1.0

DataSet_97
0.5912657976150513 0.5540677905082703 0.5860150456428528 11.061454772949219 
-0.6996632814407349 -0.008973236195743084 0.7144163846969604 -73.1244888305664 
0.4010935425758362 -0.832423210144043 0.38235530257225037 -1416.288330078125 
0.0 0.0 0.0 1.0

DataSet_98
0.6090770959854126 0.5799791216850281 0.5409706830978394 -0.9138069152832031 
-0.6778770685195923 0.026607254520058632 0.734693706035614 -126.45126342773438 
0.41171321272850037 -0.814196765422821 0.4093603789806366 -1430.45751953125 
0.0 0.0 0.0 1.0

DataSet_99
0.4559382498264313 0.597161591053009 0.6599381566047668 26.409414291381836 
-0.8624241352081299 0.11324971169233322 0.49335500597953796 51.47652053833008 
0.21987484395503998 -0.7940859794616699 0.5666414499282837 -1397.0478515625 
0.0 0.0 0.0 1.0

DataSet_100
0.524838387966156 0.5742040276527405 0.6283584833145142 62.6937370300293 
-0.7848034501075745 0.040594302117824554 0.6184138655662537 -8.222639083862305 
0.3295879662036896 -0.8177052140235901 0.4719427525997162 -1358.412841796875 
0.0 0.0 0.0 1.0

DataSet_101
0.495173841714859 0.689176619052887 0.5289976000785828 87.2384262084961 
-0.8218398094177246 0.17410975694656372 0.542462170124054 248.0352020263672 
0.28174856305122375 -0.703364372253418 0.6526073217391968 -1348.225341796875 
0.0 0.0 0.0 1.0

DataSet_102
0.522793710231781 0.6808678507804871 0.5129382610321045 108.55126953125 
-0.772264838218689 0.12349070608615875 0.6231829524040222 188.77296447753906 
0.3609621524810791 -0.7219203114509583 0.5903705358505249 -1341.7694091796875 
0.0 0.0 0.0 1.0

DataSet_103
0.5171200037002563 0.6139344573020935 0.5963819026947021 98.85963439941406 
-0.7701214551925659 0.029688971117138863 0.6372060179710388 123.84571838378906 
0.37349677085876465 -0.788798451423645 0.48815685510635376 -1348.213134765625 
0.0 0.0 0.0 1.0

DataSet_104
0.5004117488861084 0.6223574876785278 0.6018797755241394 115.07005310058594 
-0.8032435774803162 0.07430240511894226 0.5909981727600098 64.71138763427734 
0.3230910301208496 -0.7791984677314758 0.5370864868164062 -1329.87158203125 
0.0 0.0 0.0 1.0

DataSet_105
0.5328554511070251 0.6128271818161011 0.5835305452346802 120.20258331298828 
-0.7679157853126526 0.06050361320376396 0.6376869082450867 18.005359649658203 
0.3554861843585968 -0.7878972887992859 0.5028393864631653 -1325.138671875 
0.0 0.0 0.0 1.0

DataSet_106
0.5438369512557983 0.6093906164169312 0.57696133852005 123.09368896484375 
-0.7590545415878296 0.06400517374277115 0.6478731632232666 -10.269357681274414 
0.35787931084632874 -0.7902824878692627 0.49736911058425903 -1322.497802734375 
0.0 0.0 0.0 1.0

DataSet_107
0.5415423512458801 0.5929545164108276 0.5959336757659912 122.67386627197266 
-0.7730610370635986 0.07271675765514374 0.6301499605178833 -58.00647735595703 
0.33031585812568665 -0.8019459247589111 0.49776917695999146 -1323.4122314453125 
0.0 0.0 0.0 1.0

DataSet_108
0.55723637342453 0.6074815988540649 0.5660862326622009 128.2957763671875 
-0.7397566437721252 0.053535521030426025 0.6707413792610168 -112.79169464111328 
0.3771573603153229 -0.7925275564193726 0.47922053933143616 -1318.619384765625 
0.0 0.0 0.0 1.0

DataSet_109
0.5561851263046265 0.6218270063400269 0.5513522028923035 131.09442138671875 
-0.7310159802436829 0.050480689853429794 0.6804904341697693 -166.46189880371094 
0.3953147530555725 -0.7815259099006653 0.48264211416244507 -1316.681396484375 
0.0 0.0 0.0 1.0

DataSet_110
0.5086442828178406 0.6351000666618347 0.5813164710998535 136.18795776367188 
-0.7854446172714233 0.06574079394340515 0.6154305934906006 -219.33364868164062 
0.35264378786087036 -0.7696272134780884 0.532274603843689 -1323.371826171875 
0.0 0.0 0.0 1.0

DataSet_111
0.46144524216651917 0.698610782623291 0.5468192100524902 145.42904663085938 
-0.7372758388519287 -0.04084989055991173 0.674355685710907 -286.5250244140625 
0.49344971776008606 -0.7143347859382629 0.49621888995170593 -1307.7191162109375 
0.0 0.0 0.0 1.0

DataSet_112
0.3984990119934082 0.7382405400276184 0.5442420840263367 139.2587890625 
-0.7599789500236511 -0.06641019880771637 0.6465460062026978 -332.78204345703125 
0.5134496688842773 -0.6712604761123657 0.5345828533172607 -1290.2159423828125 
0.0 0.0 0.0 1.0

DataSet_113
0.5170009732246399 0.6376429200172424 0.5710704922676086 114.95286560058594 
-0.7549425363540649 0.02521820366382599 0.6553058624267578 -307.93841552734375 
0.40344977378845215 -0.769919216632843 0.4944216012954712 -1324.08544921875 
0.0 0.0 0.0 1.0

DataSet_114
0.5068973302841187 0.6099047660827637 0.6091561913490295 121.4321060180664 
-0.7980170249938965 0.06483759731054306 0.5991368293762207 -259.51318359375 
0.3259201943874359 -0.7898178696632385 0.5195803642272949 -1331.3599853515625 
0.0 0.0 0.0 1.0

DataSet_115
0.6007004976272583 0.5885481834411621 0.5410821437835693 105.86900329589844 
-0.7004401087760925 0.061165954917669296 0.711085319519043 -185.41207885742188 
0.38541218638420105 -0.8061449527740479 0.44898515939712524 -1342.38134765625 
0.0 0.0 0.0 1.0

DataSet_116
0.5565624833106995 0.5924631357192993 0.5824308395385742 110.74809265136719 
-0.7671917080879211 0.0974695086479187 0.6339688897132874 -109.62208557128906 
0.31883394718170166 -0.7996793985366821 0.5087806582450867 -1338.2408447265625 
0.0 0.0 0.0 1.0

DataSet_117
0.5216008424758911 0.5956515669822693 0.6108450889587402 108.20263671875 
-0.7921287417411804 0.07211384177207947 0.6060788631439209 -59.74102020263672 
0.31696149706840515 -0.7999992370605469 0.5094473958015442 -1340.8275146484375 
0.0 0.0 0.0 1.0

DataSet_118
0.3520219326019287 0.6063923239707947 0.7129999399185181 100.91661071777344 
-0.9139468669891357 0.05833667144179344 0.4016191363334656 -1.6543512344360352 
0.2019447386264801 -0.7930228114128113 0.5747461318969727 -1347.0823974609375 
0.0 0.0 0.0 1.0

DataSet_119
0.48248350620269775 0.6058547496795654 0.6325738430023193 97.78304290771484 
-0.8290192484855652 0.08274991810321808 0.5530637502670288 46.49656677246094 
0.28273090720176697 -0.7912600636482239 0.5421907305717468 -1349.523681640625 
0.0 0.0 0.0 1.0

DataSet_120
0.2699522078037262 0.6246408224105835 0.7327684760093689 88.15601348876953 
-0.9618667364120483 0.14014601707458496 0.2348860651254654 101.95905303955078 
0.04402485117316246 -0.7682336568832397 0.6386539340019226 -1360.17431640625 
0.0 0.0 0.0 1.0

DataSet_121
0.3647221326828003 0.6488422155380249 0.6678184866905212 85.99899291992188 
-0.9160981774330139 0.12175719439983368 0.3820200562477112 166.8070526123047 
0.16655905544757843 -0.7511184215545654 0.6388107538223267 -1374.472412109375 
0.0 0.0 0.0 1.0

DataSet_122
0.28421539068222046 0.6376035213470459 0.7160190939903259 62.69282531738281 
-0.9527186155319214 0.10411116480827332 0.2854611575603485 210.64259338378906 
0.10746549814939499 -0.7632971405982971 0.637046754360199 -1399.8572998046875 
0.0 0.0 0.0 1.0

DataSet_123
0.2786391079425812 0.6795139312744141 0.6786906719207764 49.56021499633789 
-0.957970142364502 0.14645466208457947 0.2466661036014557 270.37481689453125 
0.06821566820144653 -0.7188962697982788 0.6917620897293091 -1405.6773681640625 
0.0 0.0 0.0 1.0

DataSet_124
0.24972765147686005 0.6231569647789001 0.7411555051803589 6.101879119873047 
-0.9679088592529297 0.13844799995422363 0.20972491800785065 265.9852600097656 
0.02808004431426525 -0.7697451114654541 0.6377334594726562 -1456.6337890625 
0.0 0.0 0.0 1.0

DataSet_125
0.31691691279411316 0.6187080144882202 0.7188630104064941 25.917482376098633 
-0.9350632429122925 0.07690853625535965 0.3460372984409332 200.14462280273438 
0.1588093489408493 -0.7818474769592285 0.602904736995697 -1438.269287109375 
0.0 0.0 0.0 1.0

DataSet_126
0.16874335706233978 0.6736947298049927 0.719486653804779 52.61593246459961 
-0.9832186102867126 0.06370485574007034 0.17094682157039642 131.23426818847656 
0.06933119148015976 -0.7362588047981262 0.6731389760971069 -1399.9576416015625 
0.0 0.0 0.0 1.0

DataSet_127
0.3647909462451935 0.5914281606674194 0.7191246747970581 54.70439529418945 
-0.9102701544761658 0.06411987543106079 0.40901947021484375 76.99231719970703 
0.19579540193080902 -0.803804337978363 0.5617496967315674 -1397.01806640625 
0.0 0.0 0.0 1.0

DataSet_128
0.4064483344554901 0.5686851143836975 0.715120255947113 52.39021682739258 
-0.8928970098495483 0.08126355707645416 0.4428669512271881 9.875146865844727 
0.193738654255867 -0.8185312747955322 0.5408067107200623 -1400.6827392578125 
0.0 0.0 0.0 1.0

DataSet_129
0.5033250451087952 0.5701570510864258 0.6492956876754761 64.69978332519531 
-0.8169295787811279 0.06911544501781464 0.5725811719894409 -54.15995788574219 
0.28158482909202576 -0.8186232447624207 0.5005657076835632 -1394.877197265625 
0.0 0.0 0.0 1.0

DataSet_130
0.5454753637313843 0.5638666749000549 0.6200895309448242 64.18110656738281 
-0.7814948558807373 0.07483737170696259 0.6194071173667908 -117.57093811035156 
0.3028571307659149 -0.822468101978302 0.48148080706596375 -1392.634765625 
0.0 0.0 0.0 1.0

DataSet_131
0.5190799832344055 0.5857301354408264 0.6224758625030518 64.96627807617188 
-0.7916845083236694 0.054976191371679306 0.6084515452384949 -177.24378967285156 
0.3221670687198639 -0.8086394667625427 0.4922505021095276 -1390.3291015625 
0.0 0.0 0.0 1.0

DataSet_132
0.5609137415885925 0.6016519665718079 0.5686745047569275 68.8460922241211 
-0.733077883720398 0.04179041087627411 0.6788596510887146 -232.59246826171875 
0.3846721351146698 -0.7976644039154053 0.4644985795021057 -1397.3572998046875 
0.0 0.0 0.0 1.0

DataSet_133
0.5108075141906738 0.6271034479141235 0.5880619883537292 75.79549407958984 
-0.7707107663154602 0.0309732798486948 0.636431872844696 -288.5273742675781 
0.38089442253112793 -0.7783199548721313 0.4991367757320404 -1399.2962646484375 
0.0 0.0 0.0 1.0

DataSet_134
0.6495577692985535 0.5943813323974609 0.4741155505180359 80.0141372680664 
-0.6040482521057129 0.024733103811740875 0.7965638637542725 -322.3063049316406 
0.4617363214492798 -0.8038029074668884 0.3751005530357361 -1394.384033203125 
0.0 0.0 0.0 1.0

DataSet_135
0.6148316264152527 0.6084303259849548 0.5017913579940796 62.337791442871094 
-0.6449136137962341 0.02164645679295063 0.7639488577842712 -361.8036804199219 
0.45394763350486755 -0.7933120131492615 0.4056939482688904 -1385.81298828125 
0.0 0.0 0.0 1.0

DataSet_136
0.5920785069465637 0.636511504650116 0.49426326155662537 29.693634033203125 
-0.6838085651397705 0.07226348668336868 0.72607421875 -375.4628601074219 
0.4264374077320099 -0.7678744196891785 0.47803768515586853 -1419.5042724609375 
0.0 0.0 0.0 1.0

DataSet_137
0.5522727370262146 0.6282508373260498 0.5479923486709595 40.472171783447266 
-0.7365613579750061 0.059832613915205 0.673719048500061 -305.1944885253906 
0.390476793050766 -0.7757066488265991 0.4957892596721649 -1426.8060302734375 
0.0 0.0 0.0 1.0

DataSet_138
0.5307570695877075 0.6252037286758423 0.5722038149833679 40.17366027832031 
-0.7814047336578369 0.09955141693353653 0.6160325407981873 -236.34884643554688 
0.3281821310520172 -0.7740864157676697 0.5413748025894165 -1423.1475830078125 
0.0 0.0 0.0 1.0

DataSet_139
0.5644763708114624 0.6087071895599365 0.557532012462616 28.04827117919922 
-0.7578279376029968 0.11442150920629501 0.6423429846763611 -173.2366180419922 
0.32720518112182617 -0.7851007580757141 0.5258836150169373 -1430.7081298828125 
0.0 0.0 0.0 1.0

DataSet_140
0.522794246673584 0.6270071268081665 0.5775363445281982 25.192411422729492 
-0.788268506526947 0.0976540818810463 0.6075330972671509 -103.72252655029297 
0.3245287537574768 -0.7728685736656189 0.5453029274940491 -1434.516845703125 
0.0 0.0 0.0 1.0

DataSet_141
0.4932178258895874 0.6070711016654968 0.6230576634407043 12.874168395996094 
-0.8135977387428284 0.06841770559549332 0.5773887038230896 -56.40264892578125 
0.30788785219192505 -0.7916966676712036 0.5276564955711365 -1446.6004638671875 
0.0 0.0 0.0 1.0

DataSet_142
0.4994528889656067 0.6169115900993347 0.6082490086555481 8.337112426757812 
-0.8059550523757935 0.07333451509475708 0.5874167680740356 0.652923583984375 
0.3177785873413086 -0.7836083769798279 0.5338301658630371 -1449.5447998046875 
0.0 0.0 0.0 1.0

DataSet_143
0.4991307854652405 0.6241723895072937 0.6010635495185852 -3.364154815673828 
-0.8188366889953613 0.11280128359794617 0.5628342628479004 57.82223129272461 
0.28350481390953064 -0.773100733757019 0.5673977732658386 -1461.5845947265625 
0.0 0.0 0.0 1.0

DataSet_144
0.31631267070770264 0.6247494220733643 0.7138868570327759 -18.362003326416016 
-0.9403018951416016 0.10683447122573853 0.32313892245292664 91.74020385742188 
0.12561312317848206 -0.773482084274292 0.6212461590766907 -1471.488037109375 
0.0 0.0 0.0 1.0

DataSet_145
0.450275182723999 0.6445611119270325 0.617894172668457 -18.96849822998047 
-0.8509792685508728 0.10026302188634872 0.5155400633811951 143.81166076660156 
0.27034515142440796 -0.7579500675201416 0.5936540961265564 -1480.8499755859375 
0.0 0.0 0.0 1.0

DataSet_146
0.25847768783569336 0.6230955719947815 0.7382013201713562 -24.419448852539062 
-0.9570372104644775 0.061218440532684326 0.28342917561531067 168.46522521972656 
0.13141193985939026 -0.7797462344169617 0.6121492385864258 -1497.2052001953125 
0.0 0.0 0.0 1.0

DataSet_147
0.28060734272003174 0.6390092968940735 0.7161889672279358 -28.853233337402344 
-0.9535465240478516 0.1004047691822052 0.2840208113193512 227.76339721679688 
0.10958319157361984 -0.762617826461792 0.6374994516372681 -1496.0859375 
0.0 0.0 0.0 1.0

DataSet_148
0.46079349517822266 0.6499573588371277 0.6043383479118347 -37.034889221191406 
-0.849213182926178 0.12503241002559662 0.5130340456962585 270.90374755859375 
0.2578883469104767 -0.7496148347854614 0.6095663905143738 -1497.9500732421875 
0.0 0.0 0.0 1.0

DataSet_149
0.4714953303337097 0.5867173671722412 0.6583729386329651 -64.45465087890625 
-0.8498899936676025 0.10309397429227829 0.5167772173881531 260.03564453125 
0.23532788455486298 -0.8032025694847107 0.5472534894943237 -1522.8548583984375 
0.0 0.0 0.0 1.0

DataSet_150
0.4683825373649597 0.5867015719413757 0.6606050729751587 -70.15506744384766 
-0.8474734425544739 0.08692926168441772 0.5236717462539673 223.97706604003906 
0.24981313943862915 -0.8051239252090454 0.5379301309585571 -1522.4532470703125 
0.0 0.0 0.0 1.0

DataSet_151
0.34400254487991333 0.5840882062911987 0.7351892590522766 -54.23302459716797 
-0.9250699281692505 0.07660138607025146 0.3719918727874756 164.66249084472656 
0.16095954179763794 -0.8080675601959229 0.5666734576225281 -1506.45947265625 
0.0 0.0 0.0 1.0

DataSet_152
0.2501281499862671 0.6129571199417114 0.7494795322418213 -18.999343872070312 
-0.9672779440879822 0.12418989092111588 0.2212473601102829 97.22178649902344 
0.04253735765814781 -0.7802951335906982 0.6239632368087769 -1478.845947265625 
0.0 0.0 0.0 1.0

DataSet_153
0.47317975759506226 0.5993857979774475 0.6456295251846313 -8.538280487060547 
-0.8336125016212463 0.067595474421978 0.5481979250907898 36.68851089477539 
0.2849404811859131 -0.797601044178009 0.531640350818634 -1467.8800048828125 
0.0 0.0 0.0 1.0

DataSet_154
0.5014273524284363 0.6129902005195618 0.6105846166610718 1.0358123779296875 
-0.8136524558067322 0.09414251148700714 0.5736783146858215 10.240386962890625 
0.29417726397514343 -0.7844616770744324 0.5459666848182678 -1457.1544189453125 
0.0 0.0 0.0 1.0

DataSet_155
0.42932364344596863 0.5882643461227417 0.6852928996086121 0.2911109924316406 
-0.8725321292877197 0.07425979524850845 0.4828800559043884 -49.18383026123047 
0.23317141830921173 -0.8052518963813782 0.5451610088348389 -1459.60693359375 
0.0 0.0 0.0 1.0

DataSet_156
0.36465126276016235 0.6194961667060852 0.695164680480957 10.979032516479492 
-0.9120860695838928 0.08736534416675568 0.40058252215385437 -108.44219207763672 
0.18742604553699493 -0.7801229357719421 0.5968917012214661 -1448.50048828125 
0.0 0.0 0.0 1.0

DataSet_157
0.49950090050697327 0.6096391081809998 0.615498960018158 15.809146881103516 
-0.8064520955085754 0.06770016998052597 0.5874110460281372 -155.79205322265625 
0.31643933057785034 -0.7897828221321106 0.5254610180854797 -1443.60009765625 
0.0 0.0 0.0 1.0

DataSet_158
0.5475128293037415 0.6026772260665894 0.5805255174636841 31.622711181640625 
-0.7496736645698547 0.04505036398768425 0.6602725982666016 -237.28627014160156 
0.37177833914756775 -0.7967123985290527 0.47647687792778015 -1440.880859375 
0.0 0.0 0.0 1.0

DataSet_159
0.5884602665901184 0.5805585980415344 0.5627310276031494 27.723939895629883 
-0.7062172293663025 0.03019937127828598 0.7073508501052856 -290.94451904296875 
0.39366447925567627 -0.8136582374572754 0.42777159810066223 -1442.666259765625 
0.0 0.0 0.0 1.0

DataSet_160
0.6626537442207336 0.5750455260276794 0.47980475425720215 24.70455551147461 
-0.5858412384986877 -0.0011057431111112237 0.8104251027107239 -351.44708251953125 
0.46656185388565063 -0.8181207180023193 0.33615270256996155 -1449.159423828125 
0.0 0.0 0.0 1.0

DataSet_161
0.5344276428222656 0.6258651614189148 0.5680491328239441 10.783981323242188 
-0.7729542255401611 0.08999866247177124 0.6280461549758911 -124.46731567382812 
0.34194859862327576 -0.7747212052345276 0.5318629741668701 -1447.566650390625 
0.0 0.0 0.0 1.0

DataSet_162
0.501127302646637 0.6308234930038452 0.592396080493927 10.253604888916016 
-0.8016458749771118 0.08056715130805969 0.592345118522644 -44.27101516723633 
0.32593756914138794 -0.7717322111129761 0.546071469783783 -1448.1038818359375 
0.0 0.0 0.0 1.0

DataSet_163
0.47372937202453613 0.5947065353393555 0.6495418548583984 -1.0655517578125 
-0.853202223777771 0.1271563023328781 0.5058431029319763 65.57815551757812 
0.21823488175868988 -0.7938233017921448 0.5676426291465759 -1459.3687744140625 
0.0 0.0 0.0 1.0

DataSet_164
0.5479113459587097 0.5880825519561768 0.5949386358261108 96.51742553710938 
-0.7786263227462769 0.09850715845823288 0.6197074055671692 83.46096801757812 
0.30583345890045166 -0.8027796149253845 0.5118697881698608 -1350.1614990234375 
0.0 0.0 0.0 1.0

DataSet_165
0.5583816170692444 0.5920066833496094 0.5811523199081421 109.25743103027344 
-0.7487645149230957 0.05805324390530586 0.6602888703346252 -2.018648147583008 
0.35715770721435547 -0.8038394451141357 0.47568953037261963 -1337.326171875 
0.0 0.0 0.0 1.0

DataSet_166
0.5770862102508545 0.5876277685165405 0.5671553015708923 114.57622528076172 
-0.7186700701713562 0.03552863374352455 0.6944429874420166 -106.06546783447266 
0.3879237174987793 -0.8083509802818298 0.44281357526779175 -1333.1947021484375 
0.0 0.0 0.0 1.0

DataSet_167
0.5254278182983398 0.5881637334823608 0.6148081421852112 67.08926391601562 
-0.7969271540641785 0.08707793056964874 0.5977663397789001 -23.94931983947754 
0.2980482578277588 -0.8040403127670288 0.5144768357276917 -1386.271240234375 
0.0 0.0 0.0 1.0

DataSet_168
0.5144461393356323 0.6335228085517883 0.5779221057891846 68.22235107421875 
-0.7774697542190552 0.060252271592617035 0.626027524471283 -120.70211791992188 
0.36178159713745117 -0.7713744044303894 0.5235413908958435 -1384.8125 
0.0 0.0 0.0 1.0

DataSet_169
0.47700071334838867 0.5761702060699463 0.6637003421783447 52.728965759277344 
-0.8505210280418396 0.11224913597106934 0.5138230323791504 78.06159210205078 
0.22154971957206726 -0.8095850348472595 0.543587863445282 -1399.19482421875 
0.0 0.0 0.0 1.0

DataSet_170
0.48476940393447876 0.5385370254516602 0.689185380935669 2.346424102783203 
-0.8471720814704895 0.0931805819272995 0.5230840444564819 87.69046020507812 
0.21748141944408417 -0.8374337553977966 0.5014045834541321 -1456.1956787109375 
0.0 0.0 0.0 1.0

DataSet_171
0.5193898677825928 0.583691418170929 0.624130129814148 103.04405212402344 
-0.7991904020309448 0.07321292906999588 0.5966024994850159 95.05612182617188 
0.3025374114513397 -0.8086681365966797 0.5045066475868225 -1366.50244140625 
0.0 0.0 0.0 1.0

DataSet_172
0.5255184173583984 0.5822214484214783 0.6203616857528687 111.28804779052734 
-0.7755709290504456 0.02809053845703602 0.6306352019309998 27.337739944458008 
0.3497430086135864 -0.8125448822975159 0.4663160741329193 -1358.95166015625 
0.0 0.0 0.0 1.0

DataSet_173
0.5264787673950195 0.5919983983039856 0.6102114319801331 112.05998229980469 
-0.7708349227905273 0.029598070308566093 0.6363469362258911 42.194732666015625 
0.35865530371665955 -0.8053954243659973 0.4719158113002777 -1358.802490234375 
0.0 0.0 0.0 1.0

DataSet_174
0.5544612407684326 0.5987638831138611 0.5779745578765869 120.02681732177734 
-0.7450020909309387 0.04762069508433342 0.6653600931167603 3.702744483947754 
0.37087005376815796 -0.7995086312294006 0.47248417139053345 -1349.3292236328125 
0.0 0.0 0.0 1.0

DataSet_175
0.5380665063858032 0.6096298098564148 0.5820961594581604 129.35348510742188 
