DataSet: 1
-13.798828125 -11.42578125 2.021484375 1.58203125 -3.44088040702684 -7.646484375 -93.955078125 -2.63671875
692.289 295.818 248.488 792.792
0.3097752 0.0486812 0.9495628 692.2895 0.07534354 0.9942912 -0.07555356 295.8184 -0.9478199 0.09494804 0.3043389 248.4875 0 0 0 1
DataSet: 2
-11.865234375 -7.91015625 1.669921875 1.58203125 -3.66542448551853 -4.658203125 -88.59375 -2.8125
695.299 295.083 196.522 780.471
0.3118765 0.005974638 0.9501038 695.299 0.07361655 0.9968222 -0.03043344 295.0829 -0.9472664 0.07943484 0.3104456 196.5218 0 0 0 1
DataSet: 3
-7.03125 -7.734375 -0.87890625 1.58203125 -1.03086581544525 -4.306640625 -87.5390625 -0.791015625
709.393 284.844 129.575 775.348
0.2572727 0.01651961 0.9661977 709.3929 0.0245817 0.9994184 -0.02363306 284.844 -0.9660261 0.02983092 0.256717 129.5752 0 0 0 1
DataSet: 4
17.9296875 -35.595703125 -2.548828125 1.58203125 0.687343560437061 -4.74609375 -97.03125 0.52734375
689.026 277.653 67.243 745.902
0.1890021 0.03039567 0.9815062 689.0262 -0.001566336 0.9995289 -0.03065219 277.653 -0.9819754 0.004255958 0.1889606 67.24323 0 0 0 1
DataSet: 5
21.26953125 -35.595703125 -2.28515625 1.58203125 -0.114579116599755 -5.2734375 -88.505859375 -0.087890625
693.104 278.672 31.874 747.708
0.2770915 0.03597962 0.9601697 693.1041 0.007614989 0.999185 -0.03963919 278.6716 -0.9608133 0.01829536 0.2765917 31.87399 0 0 0 1
DataSet: 6
24.169921875 -36.38671875 -1.142578125 1.58203125 -1.3750253133839 -5.44921875 -88.41796875 -1.0546875
692.035 283.420 9.351 747.881
0.2418692 0.03464645 0.9696901 692.0345 0.03070016 0.9985887 -0.0433365 283.4205 -0.9698231 0.0402514 0.2404642 9.351091 0 0 0 1
DataSet: 7
27.24609375 -36.123046875 -1.40625 1.58203125 -0.229082753926512 -4.306640625 -84.638671875 -0.17578125
686.874 282.657 -39.063 743.786
0.2463782 0.02062397 0.9689543 686.8739 0.008619943 0.9996874 -0.02346993 282.6574 -0.9691355 0.01413481 0.2461234 -39.06342 0 0 0 1
DataSet: 8
25.751953125 -26.19140625 -1.318359375 1.58203125 -0.228992406283262 -2.724609375 -76.640625 -0.17578125
688.420 283.135 -99.848 751.037
0.2424634 -0.005172754 0.9701468 688.42 0.01164958 0.9999292 0.002420036 283.1346 -0.9700906 0.01071503 0.2425065 -99.84765 0 0 0 1
DataSet: 9
28.740234375 -24.9609375 -0.615234375 1.58203125 1.37398663595296 -2.900390625 -72.24609375 1.0546875
681.791 286.224 -155.358 755.578
0.2438745 -0.003115234 0.9698018 681.7908 -0.0165112 0.9998366 0.007363757 286.2239 -0.9696662 -0.01780842 0.2437832 -155.3575 0 0 0 1
DataSet: 10
32.431640625 -22.939453125 0.087890625 1.58203125 -2.06216999412512 -5.009765625 -68.5546875 -1.58203125
679.985 288.716 -204.092 766.414
0.2012707 0.04193608 0.9786376 679.9852 0.02885208 0.9983959 -0.04871659 288.7164 -0.9791107 0.03804095 0.1997379 -204.0919 0 0 0 1
DataSet: 11
37.529296875 -22.763671875 2.548828125 1.58203125 -1.95157624051857 -9.052734375 -63.28125 -1.494140625
676.680 298.008 -274.904 788.845
0.1931103 0.112664 0.9746873 676.68 -0.009272008 0.9935509 -0.1130074 298.0077 -0.9811332 0.01278559 0.1929095 -274.904 0 0 0 1
DataSet: 12
41.748046875 -22.8515625 1.93359375 1.58203125 0 -10.634765625 -53.525390625 0
661.588 294.747 -329.778 795.819
0.2944009 0.127468 0.9471431 661.5882 -0.07359612 0.9911459 -0.110514 294.747 -0.952844 -0.03717062 0.3011754 -329.7784 0 0 0 1
DataSet: 13
52.470703125 -33.837890625 1.7578125 1.58203125 -1.60402924086243 -5.185546875 -59.23828125 -1.23046875
612.435 296.082 -326.628 754.604
0.2319193 0.0469331 0.9716021 612.4349 0.01168739 0.9986288 -0.05102837 296.0824 -0.9726648 0.02318995 0.2310527 -326.6283 0 0 0 1
DataSet: 14
48.69140625 -35.33203125 2.8125 1.58203125 -1.60338846689834 -3.955078125 -56.953125 -1.23046875
626.067 300.845 -278.292 748.274
0.3486327 0.023939 0.9369537 626.0667 0.0213425 0.9992118 -0.03347106 300.8452 -0.9370164 0.03166604 0.347847 -278.2923 0 0 0 1
DataSet: 15
49.21875 -44.296875 2.548828125 1.58203125 -1.37542493612554 -6.15234375 -68.73046875 -1.0546875
643.750 299.329 -214.573 741.656
0.2911838 0.05698786 0.9549683 643.7502 0.009861795 0.9979923 -0.06256233 299.329 -0.9566163 0.02763484 0.2900372 -214.5731 0 0 0 1
DataSet: 16
42.5390625 -44.384765625 -2.109375 1.494140625 -2.1764653884146 -4.658203125 -76.2890625 -1.669921875
654.096 279.178 -144.746 725.764
0.263104 0.0274207 0.9643777 654.0959 0.03867688 0.9984927 -0.03894264 279.1778 -0.9639919 0.04754508 0.2616469 -144.7462 0 0 0 1
DataSet: 17
38.583984375 -45.087890625 -0.703125 1.58203125 -0.343796200339993 -5.712890625 -84.814453125 -0.263671875
667.765 285.431 -109.286 734.387
0.1868228 0.04561243 0.9813341 667.7647 0.008595687 0.9988074 -0.048061 285.4314 -0.982356 0.01741413 0.1862079 -109.2856 0 0 0 1
DataSet: 18
35.595703125 -45.17578125 -0.791015625 1.58203125 -2.17666077001894 -4.921875 -87.978515625 -1.669921875
666.970 284.863 -65.517 728.209
0.1836589 0.02595263 0.9826474 666.9697 0.0456027 0.9983501 -0.03489059 284.8631 -0.9819317 0.05121934 0.1821723 -65.51685 0 0 0 1
DataSet: 19
32.431640625 -45 -0.791015625 1.58203125 -2.74976767694006 -5.2734375 -92.28515625 -2.109375
671.324 284.610 -22.547 729.511
0.1669925 0.02673561 0.9855956 671.3237 0.05892096 0.9975751 -0.03704373 284.6099 -0.984196 0.06425826 0.1650123 -22.54688 0 0 0 1
DataSet: 20
-31.552734375 50.80078125 -0.17578125 1.58203125 -5.04083976693634 -5.361328125 -59.0625 -3.8671875
677.145 286.250 9.558 735.225
0.2085325 0.07082707 0.9754475 677.145 0.06398259 0.9942497 -0.08587059 286.2503 -0.9759203 0.08031846 0.2028017 9.557531 0 0 0 1
DataSet: 21
-36.826171875 50.80078125 -0.703125 1.58203125 -4.3536301772623 -5.361328125 -67.060546875 -3.33984375
672.343 284.301 72.650 733.587
0.1681557 0.05980517 0.9839446 672.3428 0.06416079 0.9953774 -0.07146511 284.301 -0.9836702 0.07514793 0.1635412 72.65048 0 0 0 1
DataSet: 22
-41.1328125 49.921875 -1.93359375 1.58203125 -3.66888807039153 -6.943359375 -70.751953125 -2.8125
673.067 278.815 125.168 739.205
0.1927891 0.07829197 0.9781118 673.067 0.04765638 0.9948884 -0.08902807 278.8148 -0.9800823 0.0637769 0.1880725 125.1676 0 0 0 1
DataSet: 23
-44.296875 48.515625 2.548828125 1.58203125 -3.78402500199232 -7.20703125 -99.931640625 -2.900390625
664.819 298.141 184.922 751.711
-0.2160815 0.0764888 0.9733747 664.8193 0.08796242 0.9943978 -0.05861386 298.1409 -0.972405 0.07295502 -0.2215991 184.9218 0 0 0 1
DataSet: 24
-45.791015625 45.17578125 5.9765625 1.58203125 -1.03702105236842 -13.53515625 -97.03125 -0.791015625
687.153 309.599 223.105 786.007
-0.07269949 0.1811881 0.9807577 687.1534 0.04772668 0.9828652 -0.1780397 309.5992 -0.9962113 0.03386492 -0.0801013 223.1055 0 0 0 1
DataSet: 25
-46.7578125 42.5390625 -0.087890625 1.58203125 -6.77093069022498 -8.96484375 -92.4609375 -5.185546875
653.176 284.141 290.241 769.165
0.07295416 0.08793584 0.9934511 653.1761 0.1340365 0.9862041 -0.09713735 284.141 -0.9882873 0.1402453 0.06016107 290.2408 0 0 0 1
DataSet: 26
5.888671875 -48.251953125 0.966796875 1.58203125 3.90015453823346 -7.91015625 -140.185546875 2.98828125
625.542 291.300 286.715 747.238
-0.1359935 0.1058061 0.9850436 625.5424 0.02470795 0.9943337 -0.1033928 291.2999 -0.9904016 0.01027765 -0.1378372 286.7151 0 0 0 1
DataSet: 27
13.53515625 -52.646484375 -1.318359375 1.58203125 4.36143250843874 -8.876953125 -128.14453125 3.33984375
640.739 280.747 235.132 738.006
0.02008311 0.1240957 0.992067 640.7388 0.006757146 0.9922276 -0.1242526 280.747 -0.9997755 0.00919892 0.01908848 235.1319 0 0 0 1
DataSet: 28
22.32421875 -54.052734375 -0.52734375 1.58203125 -3.77869613710805 -3.515625 -120.05859375 -2.900390625
617.008 285.654 168.393 700.466
0.02806118 -0.03282673 0.9990671 617.0078 0.07061646 0.9970286 0.03077632 285.6543 -0.9971088 0.06968696 0.03029591 168.3927 0 0 0 1
DataSet: 29
27.59765625 -57.744140625 -1.318359375 1.58203125 -1.03070983325297 -3.779296875 -109.951171875 -0.791015625
623.075 282.996 121.881 695.100
0.1727153 -0.001168526 0.9849711 623.0753 0.02859641 0.9995837 -0.003828537 282.9957 -0.9845566 0.02882788 0.1726768 121.8813 0 0 0 1
DataSet: 30
35.771484375 -64.6875 -1.318359375 1.58203125 0.687192735225283 -4.04296875 -112.412109375 0.52734375
615.458 283.098 65.791 680.633
0.09375846 0.01836432 0.9954256 615.4584 0.001942385 0.9998246 -0.01862842 283.0975 -0.9955931 0.003680072 0.09370634 65.7908 0 0 0 1
DataSet: 31
44.6484375 -70.48828125 -1.0546875 1.58203125 0.229409117494974 -7.646484375 -116.455078125 0.17578125
616.091 283.214 32.645 678.855
-0.01483901 0.07176825 0.9973109 616.0911 0.03830042 0.9967296 -0.07115653 283.2137 -0.9991561 0.03714154 -0.01753923 32.64536 0 0 0 1
DataSet: 32
48.251953125 -70.48828125 -0.791015625 1.58203125 0.229335002991303 -7.03125 -103.53515625 0.17578125
613.677 284.637 -0.277 676.475
0.1573929 0.0637082 0.9854789 613.6774 0.01891503 0.9975393 -0.06750883 284.6372 -0.9873549 0.02926578 0.1558006 -0.2770704 0 0 0 1
DataSet: 33
49.21875 -65.7421875 -0.791015625 1.58203125 -1.71760340948745 -3.251953125 -94.74609375 -1.318359375
605.290 285.181 -42.214 670.437
0.212216 -0.007220909 0.9771961 605.2896 0.03848343 0.9992588 -0.0009734398 285.1805 -0.9764647 0.03781244 0.2123365 -42.21388 0 0 0 1
DataSet: 34
53.7890625 -67.060546875 -0.615234375 1.58203125 -1.14553287984365 -4.658203125 -93.8671875 -0.87890625
605.845 285.917 -74.274 674.028
0.1830893 0.02090397 0.982874 605.8452 0.02954266 0.9992054 -0.0267545 285.9166 -0.9826523 0.03393518 0.1823263 -74.27399 0 0 0 1
DataSet: 35
59.501953125 -67.587890625 -0.263671875 1.58203125 -0.572770000388262 -4.658203125 -85.95703125 -0.439453125
596.453 287.538 -125.472 673.927
0.241759 0.02530106 0.9700064 596.4533 0.01509675 0.9994409 -0.02983144 287.5383 -0.9702189 0.02185597 0.2412418 -125.4719 0 0 0 1
DataSet: 36
66.357421875 -67.236328125 1.318359375 1.58203125 -0.573723093943962 -8.26171875 -73.916015625 -0.439453125
597.212 293.292 -192.027 692.500
0.3304425 0.0903381 0.9394928 597.2122 -0.008845971 0.9956615 -0.09262773 293.2918 -0.9437847 0.02229742 0.3298081 -192.0266 0 0 0 1
DataSet: 37
61.171875 -53.7890625 4.306640625 1.58203125 -2.51845823904149 -1.845703125 -61.787109375 -1.93359375
584.018 307.064 -240.786 702.384
0.3904621 -0.01544643 0.9204894 584.0182 0.0565215 0.9983752 -0.007222429 307.0637 -0.9188823 0.05484753 0.3907008 -240.786 0 0 0 1
DataSet: 38
56.865234375 -44.82421875 5.2734375 1.58203125 -0.686799633143264 -0.439453125 -56.25 -0.52734375
584.817 311.455 -281.525 719.911
0.3953119 -0.04068226 0.9176456 584.8171 0.04098087 0.9988051 0.02662621 311.4552 -0.9176323 0.02708025 0.3965068 -281.5249 0 0 0 1
DataSet: 39
49.5703125 -28.828125 3.427734375 1.58203125 -1.71712987348689 -1.669921875 -46.0546875 -1.318359375
597.698 303.444 -332.457 748.230
0.4090179 -0.009093702 0.9124811 597.6982 0.04381841 0.9989926 -0.009685653 303.4437 -0.9114737 0.04394508 0.4090043 -332.4566 0 0 0 1
DataSet: 40
61.435546875 -39.638671875 2.900390625 1.58203125 -2.74742036299885 -1.93359375 -43.857421875 -2.109375
564.299 300.872 -351.723 729.840
0.4489519 0.001385593 0.8935548 564.2993 0.05333911 0.998174 -0.02834718 300.8719 -0.8919625 0.06038794 0.4480582 -351.7226 0 0 0 1
DataSet: 41
73.740234375 -60.205078125 4.5703125 1.58203125 -3.32066873166181 -3.427734375 -56.689453125 -2.548828125
532.629 307.970 -316.644 691.956
0.3614883 0.02131218 0.932133 532.6293 0.05266711 0.9976757 -0.04323544 307.9705 -0.9308879 0.06472186 0.3595257 -316.6442 0 0 0 1
DataSet: 42
76.025390625 -69.08203125 5.625 1.58203125 -2.17640267784147 -4.5703125 -68.90625 -1.669921875
531.426 312.836 -278.205 676.519
0.258495 0.03198835 0.9654828 531.4257 0.03390343 0.9985355 -0.04216063 312.8358 -0.9654175 0.04363149 0.2570319 -278.2051 0 0 0 1
DataSet: 43
74.970703125 -73.037109375 5.2734375 1.58203125 -1.60392701661742 -5.009765625 -69.697265625 -1.23046875
539.965 311.389 -238.058 667.231
0.3305443 0.03544771 0.9431246 539.9655 0.02181959 0.9987403 -0.04518533 311.3886 -0.9435382 0.03551434 0.3293544 -238.0583 0 0 0 1
DataSet: 44
71.54296875 -74.091796875 2.98828125 1.58203125 -1.60292136689504 -2.724609375 -75.9375 -1.23046875
544.356 301.652 -189.637 650.599
0.3152732 -0.007753495 0.9489693 544.3557 0.03628469 0.9993339 -0.003889754 301.6524 -0.948307 0.03565939 0.3153445 -189.6367 0 0 0 1
DataSet: 45
72.24609375 -82.705078125 0.087890625 1.58203125 -3.89686131216145 -6.240234375 -79.62890625 -2.98828125
545.163 287.723 -115.538 627.165
0.3776038 0.03892641 0.9251487 545.1633 0.06734123 0.9953159 -0.06936439 287.7225 -0.9235153 0.08849291 0.3732137 -115.5377 0 0 0 1
DataSet: 46
70.048828125 -85.869140625 0.087890625 1.58203125 -2.86387736854509 -4.833984375 -88.06640625 -2.197265625
536.451 288.485 -72.877 613.444
0.3348176 0.01223892 0.9422035 536.4508 0.05835068 0.9977273 -0.03369542 288.4846 -0.9404745 0.06626003 0.3333426 -72.87705 0 0 0 1
DataSet: 47
66.357421875 -86.396484375 -0.087890625 1.58203125 -3.09162059018459 -3.33984375 -92.724609375 -2.373046875
531.127 287.814 -33.333 605.015
0.331987 -0.01870706 0.9430984 531.1268 0.06376638 0.9979613 -0.002651559 287.8137 -0.9411262 0.06101825 0.3325031 -33.33263 0 0 0 1
DataSet: 48
62.666015625 -88.9453125 -0.17578125 1.58203125 -2.29158271381482 -5.361328125 -103.623046875 -1.7578125
533.653 287.414 17.108 606.370
0.2492354 0.01310953 0.9683542 533.6528 0.05720315 0.9979632 -0.02823335 287.4142 -0.9667521 0.06242966 0.2479779 17.10809 0 0 0 1
DataSet: 49
52.998046875 -86.1328125 -0.263671875 1.58203125 -2.52001951650648 -4.5703125 -110.390625 -1.93359375
535.189 287.126 77.197 612.231
0.233104 -0.007151953 0.9724255 535.1885 0.05933702 0.9982143 -0.006882288 287.1257 -0.9706398 0.05930512 0.2331121 77.19656 0 0 0 1
DataSet: 50
47.021484375 -86.8359375 -0.791015625 1.58203125 -1.03070983325297 -3.779296875 -119.267578125 -0.791015625
524.875 285.295 119.533 609.242
0.1805231 -0.006045952 0.9835522 524.8751 0.02883899 0.9995837 0.0008513329 285.2952 -0.9831479 0.02821097 0.1806223 119.5326 0 0 0 1
DataSet: 51
39.638671875 -84.638671875 2.109375 1.58203125 -0.802464899660635 -6.50390625 -130.166015625 -0.615234375
532.419 297.346 173.411 634.000
0.06500703 0.02908406 0.9974609 532.4189 0.05559437 0.9979171 -0.03272059 297.3458 -0.996335 0.05758028 0.06325472 173.4115 0 0 0 1
DataSet: 52
33.310546875 -81.38671875 0.087890625 1.58203125 1.94956469247405 -7.294921875 -134.208984375 1.494140625
544.609 288.214 205.659 649.586
0.04934373 0.07209706 0.9961763 544.6093 0.0312622 0.9967911 -0.07369006 288.2143 -0.9982925 0.03477881 0.04693148 205.6586 0 0 0 1
DataSet: 53
22.67578125 -73.4765625 -0.087890625 1.58203125 5.96447304480403 -7.998046875 -146.162109375 4.5703125
564.851 285.730 260.581 684.544
-0.09072407 0.1335403 0.986882 564.8508 0.01508341 0.9910393 -0.1327162 285.7296 -0.9957618 0.002844995 -0.09192536 260.5813 0 0 0 1
DataSet: 54
15.46875 -71.19140625 0.87890625 1.58203125 3.20833234662219 -5.537109375 -157.8515625 2.4609375
524.308 291.960 315.668 678.075
-0.2103993 0.06699627 0.9753172 524.3081 0.02145942 0.9977251 -0.0639062 291.9598 -0.97738 0.007483919 -0.2113584 315.6676 0 0 0 1
DataSet: 55
32.34375 -87.1875 1.93359375 1.58203125 2.06169011777209 -4.306640625 -145.107421875 1.58203125
494.868 297.068 234.670 623.068
-0.02259025 0.03828325 0.9990116 494.8678 0.0008017138 0.9992669 -0.03827491 297.0685 -0.9997445 -6.371822E-05 -0.02260438 234.67 0 0 0 1
DataSet: 56
39.19921875 -90.263671875 -0.17578125 1.58203125 4.46928058687952 -5.9765625 -142.646484375 3.427734375
514.956 286.872 189.192 619.087
-0.04371199 0.08936927 0.9950389 514.9563 -0.003547783 0.9959707 -0.08960882 286.8718 -0.9990379 -0.007447162 -0.0432188 189.192 0 0 0 1
DataSet: 57
-61.171875 84.638671875 0.087890625 1.58203125 -1.8314698776913 -0.87890625 -68.818359375 -1.40625
541.674 288.783 102.884 622.408
0.04656232 -0.02249646 0.9986621 541.6741 0.05111885 0.9984901 0.02010918 288.7825 -0.9976065 0.05011413 0.04764201 102.8841 0 0 0 1
DataSet: 58
-59.765625 89.296875 0.439453125 1.494140625 -2.40381273502959 -1.142578125 -52.91015625 -1.845703125
533.560 290.171 59.100 610.229
0.2209639 -0.008690319 0.9752433 533.5603 0.06041399 0.9981619 -0.004793641 290.1715 -0.973409 0.05997756 0.2210828 59.10035 0 0 0 1
DataSet: 59
-51.6796875 90.615234375 -1.58203125 1.494140625 -3.20501633022169 -1.23046875 -41.30859375 -2.4609375
528.483 281.101 -33.574 599.533
0.232437 0.01254834 0.9725305 528.4833 0.06664516 0.9973611 -0.02879707 281.1012 -0.9703254 0.07150795 0.2309874 -33.57388 0 0 0 1
DataSet: 60
-40.78125 81.826171875 0.615234375 1.58203125 -2.06051813171527 -1.58203125 -36.826171875 -1.58203125
552.343 291.098 -112.282 634.372
0.2285729 0.009566779 0.9734798 552.3431 0.04675238 0.9986901 -0.02079198 291.0975 -0.9724035 0.05026498 0.2278262 -112.2824 0 0 0 1
DataSet: 61
74.70703125 -77.255859375 -0.703125 1.58203125 -4.00876248029994 -4.482421875 -79.716796875 -3.076171875
536.971 284.618 -188.547 636.313
0.2368551 0.02075006 0.9713234 536.9706 0.07493813 0.9964032 -0.03955933 284.6178 -0.9686506 0.08215898 0.2344482 -188.5467 0 0 0 1
DataSet: 62
80.244140625 -76.201171875 3.33984375 1.58203125 -2.06147759822791 -3.955078125 -62.490234375 -1.58203125
508.588 303.017 -264.995 648.616
0.4004619 0.01942878 0.9161074 508.5877 0.03203499 0.9988672 -0.03518753 303.0169 -0.9157533 0.04343876 0.3993858 -264.9951 0 0 0 1
DataSet: 63
79.27734375 -69.169921875 4.04296875 1.58203125 -3.54988132574967 -3.69140625 -58.7109375 -2.724609375
509.048 305.566 -303.716 666.891
0.3667857 0.02391917 0.9299979 509.0479 0.05552761 0.9973242 -0.04755054 305.5661 -0.9286469 0.06908142 0.3644761 -303.7158 0 0 0 1
DataSet: 64
78.486328125 -68.115234375 3.779296875 1.58203125 -0.228957277422908 -1.7578125 -39.0234375 -0.17578125
499.433 305.233 -319.664 666.922
0.6571702 -0.01974488 0.7534836 499.4326 0.0238118 0.9997017 0.005428896 305.2333 -0.7533661 0.0143741 0.6574443 -319.664 0 0 0 1
DataSet: 65
-22.236328125 23.466796875 -1.142578125 1.58203125 -9.29544786069294 -9.31640625 -70.576171875 -7.119140625
737.953 277.279 100.443 794.699
0.2614006 0.1221755 0.9574669 737.9526 0.1289463 0.9786453 -0.1600819 277.2786 -0.9565786 0.1653073 0.2400644 100.4425 0 0 0 1
DataSet: 66
-23.02734375 23.291015625 -0.966796875 1.58203125 -3.55110902431396 4.833984375 -78.22265625 -2.724609375
663.029 281.169 87.210 725.444
0.1486026 -0.1324277 0.9799899 663.0286 0.09842502 0.9880528 0.1185924 281.1685 -0.9839867 0.07883238 0.1598614 87.21046 0 0 0 1
DataSet: 67
-14.765625 23.466796875 -0.615234375 1.58203125 -3.89203990044602 -2.021484375 -62.2265625 -2.98828125
702.382 285.117 -21.492 758.350
0.2706147 -0.0004173075 0.9626876 702.3822 0.07770303 0.9967466 -0.02141051 285.1165 -0.9595467 0.08059775 0.2697668 -21.49174 0 0 0 1
DataSet: 68
-11.25 23.466796875 -0.615234375 1.58203125 -3.09041356605189 -0.3515625 -62.490234375 -2.373046875
690.661 285.199 -63.253 749.901
0.2108937 -0.02797362 0.9771087 690.661 0.07779135 0.9969004 0.01175018 285.1994 -0.9744087 0.07353257 0.2124161 -63.25268 0 0 0 1
DataSet: 69
-6.50390625 23.5546875 -0.263671875 1.58203125 -1.0304592599474 -2.724609375 -46.93359375 -0.791015625
691.464 287.608 -126.811 759.554
0.400075 0.003774919 0.9164746 691.464 0.02212816 0.9996602 -0.01377731 287.608 -0.9162152 0.02579186 0.3998555 -126.8112 0 0 0 1
DataSet: 70
-30.234375 50.625 -0.263671875 1.58203125 -0.45794226898189 -2.197265625 -62.666015625 -0.3515625
653.898 287.671 -29.103 714.972
0.1161929 -0.008028987 0.9931942 653.8981 0.01989738 0.9997855 0.005754493 287.6711 -0.9930273 0.01909333 0.1163278 -29.10299 0 0 0 1
DataSet: 71
-39.111328125 50.712890625 -0.52734375 1.58203125 -3.09106230147755 -2.4609375 -78.92578125 -2.373046875
653.597 285.891 96.218 719.848
0.003823555 0.002520218 0.9999895 653.5969 0.06423407 0.9979311 -0.002760635 285.8911 -0.9979275 0.06424395 0.003653761 96.21813 0 0 0 1
DataSet: 72
-41.220703125 71.279296875 0.263671875 1.58203125 -1.94623781060185 -2.28515625 -48.603515625 -1.494140625
599.914 289.676 -40.739 667.434
0.2120022 0.009633174 0.9772217 599.9139 0.04030319 0.9990145 -0.01859153 289.6762 -0.9764377 0.04332659 0.2114051 -40.73922 0 0 0 1
DataSet: 73
-15.380859375 69.345703125 6.591796875 1.58203125 -2.86195658329837 -2.109375 -15.99609375 -2.197265625
515.874 316.894 -318.807 684.241
0.2949534 0.04119227 0.9546233 515.874 0.03152977 0.9981067 -0.05281046 316.8937 -0.9549913 0.04567568 0.2930962 -318.8072 0 0 0 1
DataSet: 74
-25.3125 76.025390625 3.955078125 1.58203125 -3.43373301961194 -0.17578125 -19.951171875 -2.63671875
526.226 304.864 -241.722 654.435
0.3033662 0.02534836 0.9525368 526.2258 0.07029552 0.9963269 -0.04890155 304.8642 -0.9502776 0.08179415 0.30047 -241.7225 0 0 0 1
DataSet: 75
-33.92578125 82.96875 1.318359375 1.58203125 -4.23478695024657 0.3515625 -29.619140625 -3.251953125
530.932 292.873 -167.610 629.092
0.2199351 0.02349466 0.9752315 530.9324 0.09280421 0.9946718 -0.0448923 292.8726 -0.9710901 0.100379 0.2165829 -167.61 0 0 0 1
DataSet: 76
-43.681640625 87.5390625 1.142578125 1.58203125 -3.8914816690232 0.17578125 -30.498046875 -2.98828125
531.511 292.321 -99.243 614.658
0.3035303 0.01122926 0.9527556 531.5107 0.0877478 0.9953519 -0.03968613 292.3213 -0.9487727 0.09564815 0.3011341 -99.24289 0 0 0 1
DataSet: 77
-49.921875 87.275390625 0.791015625 1.494140625 -2.63263246032163 -0.52734375 -46.40625 -2.021484375
541.408 291.497 -23.392 615.337
0.186219 -0.006372868 0.9824876 541.4077 0.06994762 0.9975276 -0.00678733 291.4969 -0.9800152 0.0699866 0.1862044 -23.39242 0 0 0 1
DataSet: 78
-55.986328125 87.451171875 0.439453125 1.494140625 -1.37360800651165 -0.791015625 -47.8125 -1.0546875
538.021 290.374 32.782 612.257
0.2737629 -0.02064982 0.9615755 538.0213 0.04965794 0.9987395 0.007310181 290.3737 -0.9605144 0.04574861 0.2744432 32.78247 0 0 0 1
DataSet: 79
-63.984375 89.033203125 0.439453125 1.494140625 -4.46655220531366 -4.306640625 -58.974609375 -3.427734375
548.268 289.398 101.022 628.136
0.1868786 0.05202099 0.9810047 548.2683 0.06467429 0.9957791 -0.06512472 289.398 -0.9802518 0.0756162 0.1827254 101.0224 0 0 0 1
DataSet: 80
-66.181640625 82.705078125 1.669921875 1.58203125 -3.89544636252894 -5.361328125 -91.23046875 -2.98828125
560.465 294.839 163.980 654.171
-0.2328366 0.05674815 0.9708588 560.4647 0.07958694 0.9960595 -0.03913419 294.8391 -0.9692538 0.0681558 -0.2364355 163.9798 0 0 0 1
DataSet: 81
-66.4453125 75.849609375 2.373046875 1.58203125 -4.23518607077373 -1.669921875 -85.078125 -3.251953125
546.172 297.966 225.308 661.704
-0.006865725 -0.01546109 0.9998569 546.1725 0.0865849 0.996116 0.0159978 297.9664 -0.9962208 0.08668234 -0.005500362 225.3083 0 0 0 1
DataSet: 82
-66.005859375 67.5 1.318359375 1.58203125 -4.57840194637639 -1.494140625 -92.8125 -3.515625
544.570 293.207 289.294 682.802
-0.004076561 -0.03060152 0.9995233 544.5702 0.08962172 0.9954982 0.03084381 293.2068 -0.9959675 0.08970474 -0.001315648 289.2943 0 0 0 1
DataSet: 83
-66.26953125 63.45703125 0.615234375 1.58203125 -4.46731686260108 -4.833984375 -111.4453125 -3.427734375
556.218 290.115 323.382 705.777
-0.2540205 0.02108632 0.966969 556.218 0.09439454 0.9955301 0.003088089 290.1147 -0.9625816 0.09206103 -0.2548755 323.3818 0 0 0 1
DataSet: 84
22.5 -78.837890625 3.076171875 1.58203125 1.83257501596519 -4.21875 -152.578125 1.40625
500.734 302.081 286.931 651.396
-0.1127587 0.03394711 0.9930423 500.7343 0.006329856 0.9994205 -0.0334464 302.0805 -0.9936022 0.002514443 -0.1129082 286.9311 0 0 0 1
DataSet: 85
30.5859375 -82.96875 1.0546875 1.58203125 1.2597823222556 -3.8671875 -140.888671875 0.966796875
508.912 293.406 231.991 631.584
0.01221514 0.0216392 0.9996912 508.912 0.001583799 0.9997641 -0.02166013 293.4056 -0.9999241 0.001847892 0.01217799 231.9914 0 0 0 1
DataSet: 86
39.111328125 -83.49609375 -1.0546875 1.58203125 2.63353963828383 -3.1640625 -126.9140625 2.021484375
537.521 284.104 146.149 625.302
0.1094567 0.02977779 0.9935454 537.5209 -0.03095988 0.9991683 -0.02653554 284.1036 -0.9935093 -0.02785555 0.1102875 146.1487 0 0 0 1
DataSet: 87
49.5703125 -85.25390625 -0.791015625 1.58203125 -0.343432113028409 -1.669921875 -115.3125 -0.263671875
530.236 285.391 80.141 607.471
0.1844387 -0.02655999 0.9824851 530.2357 0.001639091 0.9996417 0.02671609 285.3912 -0.9828426 -0.0033171 0.1844162 80.1412 0 0 0 1
DataSet: 88
58.7109375 -85.693359375 -0.52734375 1.58203125 -1.25963910643281 -3.427734375 -105.029296875 -0.966796875
539.652 286.424 18.990 611.248
0.2334922 -0.007877503 0.9723268 539.6523 0.03062251 0.9995307 0.0007442862 286.4238 -0.9718764 0.0296013 0.2336238 18.98975 0 0 0 1
DataSet: 89
69.9609375 -89.033203125 -0.17578125 1.58203125 -0.801347486948671 -1.7578125 -97.55859375 -0.615234375
516.679 288.004 -64.374 595.019
0.2299238 -0.02809139 0.9728031 516.6793 0.01831082 0.9995313 0.02453542 288.0038 -0.9730363 0.01217155 0.2303304 -64.3736 0 0 0 1
DataSet: 90
76.11328125 -83.583984375 -0.3515625 1.58203125 1.71702805416264 -1.0546875 -81.650390625 1.318359375
510.842 287.200 -185.515 614.703
0.2832445 -0.03037871 0.9585665 510.842 -0.0193495 0.9991137 0.03738127 287.1998 -0.9588525 -0.02913582 0.2824057 -185.5154 0 0 0 1
DataSet: 91
19.6875 -39.7265625 -1.40625 1.58203125 -1.48965886593964 -5.537109375 -90.3515625 -1.142578125
679.886 282.226 90.362 741.662
0.3402401 0.0295398 0.9398745 679.8862 0.03428308 0.9984523 -0.04379155 282.2264 -0.9397134 0.04712143 0.3387008 90.36177 0 0 0 1
DataSet: 92
24.08203125 -36.38671875 -1.318359375 1.58203125 -1.48960766743573 -5.44921875 -80.5078125 -1.142578125
691.571 282.638 11.146 747.181
0.3745073 0.03412028 0.926596 691.5709 0.02654425 0.9985186 -0.04749725 282.638 -0.9268439 0.04238386 0.3730468 11.14641 0 0 0 1
DataSet: 93
31.11328125 -36.123046875 -0.966796875 1.58203125 -0.343652553314329 -4.5703125 -69.2578125 -0.263671875
682.866 284.532 -89.142 745.125
0.4285284 0.02603112 0.9031532 682.8661 0.002448335 0.9995478 -0.02997113 284.5323 -0.903525 0.0150547 0.4282708 -89.14238 0 0 0 1
DataSet: 94
38.14453125 -53.7890625 -0.615234375 1.58203125 -4.58004390344716 -3.515625 -85.166015625 -3.515625
637.786 284.826 -15.214 698.661
0.3320108 -0.01449871 0.9431642 637.7855 0.08996837 0.9958102 -0.01636249 284.8263 -0.9389752 0.09028746 0.3319242 -15.21351 0 0 0 1
DataSet: 95
27.7734375 -53.701171875 -1.40625 1.58203125 -0.686942136515237 -2.4609375 -102.83203125 -0.52734375
633.746 282.709 87.014 699.378
0.2232917 -0.01706383 0.9746023 633.746 0.01665762 0.9997675 0.013688 282.7089 -0.9746093 0.01317814 0.223524 87.01432 0 0 0 1
DataSet: 96
-46.58203125 70.83984375 0 1.494140625 -2.4045069829184 -3.076171875 -55.107421875 -1.845703125
606.260 288.420 39.899 672.554
0.233914 0.01964258 0.9720588 606.2596 0.04127693 0.9986938 -0.03011358 288.4197 -0.9713807 0.04716759 0.2327977 39.89885 0 0 0 1
DataSet: 97
-42.71484375 73.828125 0.52734375 1.58203125 0.915730722962842 0.439453125 -36.5625 0.703125
572.020 290.635 -45.132 643.205
0.3993528 -0.05698198 0.9150248 572.0199 0.04271435 0.9981392 0.0435156 290.6351 -0.9158018 0.02170662 0.4010436 -45.13235 0 0 0 1
DataSet: 98
-42.451171875 82.6171875 0.87890625 1.58203125 -1.60250032185828 0 -26.3671875 -1.23046875
544.280 292.017 -93.938 624.771
0.4219467 -0.01847279 0.9064324 544.2799 0.06312697 0.9979645 -0.009047585 292.017 -0.9044203 0.06103793 0.422254 -93.9383 0 0 0 1
DataSet: 99
-45.087890625 64.6875 -0.263671875 1.58203125 -3.89194629011309 -1.845703125 -65.91796875 -2.98828125
619.625 286.634 74.023 686.712
0.1173184 0.00408613 0.9930859 619.6249 0.08016804 0.996689 -0.01357163 286.6343 -0.9898533 0.08120596 0.1166024 74.02324 0 0 0 1
DataSet: 100
-30.234375 46.0546875 -0.3515625 1.58203125 -0.915744731965032 -0.791015625 -57.568359375 -0.703125
658.069 287.030 9.285 718.002
0.2792261 -0.03069586 0.9597346 658.0692 0.04060901 0.9989722 0.020136 287.0297 -0.9593663 0.03335137 0.2801856 9.285479 0 0 0 1
DataSet: 101
-26.015625 8.96484375 2.724609375 1.58203125 -3.915266427638 -13.0078125 -94.130859375 -2.98828125
722.617 295.085 259.877 822.670
0.190311 0.1473514 0.9706025 722.6169 0.09098622 0.981769 -0.1668867 295.0847 -0.9774985 0.1200718 0.1734345 259.8766 0 0 0 1
DataSet: 102
-22.32421875 8.96484375 4.921875 1.58203125 -3.33390753024064 -11.07421875 -84.0234375 -2.548828125
730.832 306.506 197.995 816.862
0.2845546 0.1254355 0.9504181 730.8325 0.05282367 0.9878451 -0.1461904 306.5055 -0.9572034 0.09180373 0.2744699 197.9947 0 0 0 1
DataSet: 103
-19.248046875 8.96484375 3.603515625 1.58203125 -0.572675735639548 -4.130859375 -79.8046875 -0.439453125
708.365 304.445 135.233 782.787
0.2990778 0.01718827 0.9540739 708.3649 0.0134411 0.9996627 -0.02222302 304.4447 -0.954134 0.01947022 0.2987459 135.2328 0 0 0 1
DataSet: 104
-13.271484375 9.052734375 3.603515625 1.58203125 -2.52024154189449 -4.833984375 -77.431640625 -1.93359375
721.945 303.901 70.326 786.452
0.2364405 0.03072169 0.9711602 721.9452 0.04504355 0.9980789 -0.04253963 303.901 -0.9706013 0.05380259 0.2346025 70.32555 0 0 0 1
DataSet: 105
-8.876953125 9.052734375 3.8671875 1.58203125 -2.40503388724798 -3.955078125 -70.13671875 -1.845703125
720.226 305.204 20.974 782.506
0.2939886 0.01887434 0.9556226 720.2263 0.04246877 0.9985597 -0.03278751 305.2038 -0.954865 0.05022326 0.2927635 20.97402 0 0 0 1
DataSet: 106
-5.888671875 8.96484375 3.955078125 1.58203125 -2.74832037579587 -3.603515625 -66.97265625 -2.109375
718.734 305.499 -8.187 781.009
0.3060283 0.01546528 0.9518968 718.7339 0.04880387 0.9982985 -0.03190928 305.499 -0.9507707 0.05622139 0.3047529 -8.187267 0 0 0 1
DataSet: 107
-0.966796875 8.96484375 4.130859375 1.58203125 -2.97638404067448 -2.021484375 -64.3359375 -2.28515625
708.551 306.161 -55.150 773.836
0.2843431 -0.007304667 0.9586948 708.5514 0.0629292 0.9979567 -0.0110606 306.1614 -0.9566551 0.0634749 0.2842218 -55.14987 0 0 0 1
DataSet: 108
4.482421875 8.96484375 4.306640625 1.58203125 -2.63334361314412 -2.8125 -56.953125 -2.021484375
705.549 307.081 -111.159 777.466
0.3349544 0.009499919 0.9421865 705.5488 0.04829951 0.9984614 -0.02723817 307.0808 -0.9409956 0.05463069 0.3339802 -111.1591 0 0 0 1
DataSet: 109
8.876953125 8.96484375 4.5703125 1.58203125 -2.74832037579587 -3.603515625 -51.767578125 -2.109375
699.503 308.177 -162.171 781.394
0.3523107 0.02718256 0.9354882 699.503 0.03872641 0.9982985 -0.04359226 308.1774 -0.9350815 0.05158613 0.3506586 -162.1712 0 0 0 1
DataSet: 110
13.18359375 8.876953125 6.591796875 1.58203125 -2.86338707880756 -4.306640625 -52.3828125 -2.197265625
689.025 316.851 -212.348 787.555
0.2744825 0.04293362 0.9606332 689.0252 0.03334641 0.9979769 -0.05413073 316.8509 -0.9610137 0.04689161 0.2724955 -212.3483 0 0 0 1
DataSet: 111
16.69921875 8.876953125 6.240234375 1.58203125 0.574424335588293 -10.107421875 -44.12109375 0.439453125
694.104 313.872 -281.678 812.181
0.3504037 0.11047 0.9300611 694.1038 -0.0909484 0.9923402 -0.0836022 313.8721 -0.9321725 -0.05529305 0.3577667 -281.6782 0 0 0 1
DataSet: 112
19.775390625 8.7890625 3.1640625 1.58203125 0.921960457889523 -13.7109375 -43.06640625 0.703125
694.346 297.710 -328.262 823.714
0.313106 0.1594265 0.9362413 694.3464 -0.1420916 0.9825775 -0.1197973 297.7104 -0.9390286 -0.09552275 0.3303041 -328.2619 0 0 0 1
DataSet: 113
19.951171875 9.052734375 3.076171875 1.58203125 -1.14543576145571 -4.39453125 -42.71484375 -0.87890625
655.806 302.059 -300.590 782.097
0.3216073 0.03437778 0.9462489 655.8058 0.001072592 0.9993268 -0.03667068 302.059 -0.9468725 0.0128085 0.3213539 -300.5901 0 0 0 1
DataSet: 114
16.435546875 9.052734375 5.185546875 1.58203125 -1.94621066937378 -2.197265625 -50.44921875 -1.494140625
664.461 311.078 -251.041 775.436
0.2517079 0.005052912 0.9677901 664.4614 0.04185688 0.9989939 -0.01610218 311.0782 -0.9668977 0.04456172 0.2512431 -251.0412 0 0 0 1
DataSet: 115
36.9140625 -32.6953125 4.130859375 1.58203125 -3.09097101398158 -2.28515625 -62.2265625 -2.373046875
657.007 306.137 -174.797 745.608
0.3877017 -0.00716026 0.9217571 657.0068 0.06215844 0.9978968 -0.01839284 306.1369 -0.9196867 0.06442592 0.3873314 -174.7974 0 0 0 1
DataSet: 116
31.46484375 -32.783203125 4.306640625 1.58203125 -4.12188261556019 -3.251953125 -73.740234375 -3.1640625
676.653 306.469 -100.036 749.526
0.2968476 0.002693249 0.9549211 676.6531 0.07837123 0.9965538 -0.02717322 306.4687 -0.9517034 0.08290465 0.2956136 -100.036 0 0 0 1
DataSet: 117
27.685546875 -34.013671875 4.04296875 1.58203125 -2.29020000558464 -3.427734375 -81.123046875 -1.7578125
682.885 306.043 -50.514 750.030
0.2634989 0.001717195 0.9646581 682.8846 0.04724408 0.9987755 -0.01468277 306.0431 -0.9635021 0.04944328 0.2630951 -50.51409 0 0 0 1
DataSet: 118
21.533203125 -34.013671875 3.603515625 1.58203125 0.915965075640695 -2.724609375 -100.986328125 0.703125
685.342 304.599 8.117 750.026
0.03162099 -0.00281509 0.999496 685.3418 -0.01029461 0.9999421 0.003142036 304.5986 -0.9994469 -0.01038878 0.03159017 8.117136 0 0 0 1
DataSet: 119
18.80859375 -34.013671875 3.515625 1.58203125 -2.06186149117393 -4.5703125 -94.130859375 -1.58203125
688.762 303.700 59.007 755.055
0.197895 0.0141908 0.9801205 688.762 0.04650471 0.9986333 -0.02384855 303.6997 -0.9791194 0.05029973 0.1969646 59.00658 0 0 0 1
DataSet: 120
13.53515625 -33.75 3.427734375 1.58203125 -1.26023620643625 -5.009765625 -118.828125 -0.966796875
685.917 303.426 114.982 758.795
-0.1455308 0.02223192 0.9891039 685.9166 0.04286582 0.9989504 -0.01614622 303.4256 -0.9884247 0.04004898 -0.146331 114.982 0 0 0 1
DataSet: 121
7.470703125 -33.310546875 5.2734375 1.58203125 -0.114688314739313 -7.3828125 -115.48828125 -0.087890625
684.767 310.840 182.691 773.888
0.01074343 0.06465736 0.9978497 684.7672 0.04058576 0.9970568 -0.06504295 310.8396 -0.9991183 0.04119728 0.008087644 182.6909 0 0 0 1
DataSet: 122
1.669921875 -33.310546875 4.921875 1.58203125 0.572857294330275 -5.09765625 -126.38671875 0.439453125
658.997 310.057 231.149 764.096
-0.09477726 0.03288818 0.9949551 658.9974 0.01891436 0.9993332 -0.03123116 310.0569 -0.9953188 0.01585894 -0.09533613 231.1488 0 0 0 1
DataSet: 123
-4.482421875 -33.310546875 3.8671875 1.58203125 1.95135489590969 -8.876953125 -133.76953125 1.494140625
657.669 303.890 290.844 780.684
-0.1356714 0.09974874 0.9857197 657.6689 0.04971332 0.994351 -0.09377978 303.8905 -0.9895059 0.03628017 -0.1398639 290.8439 0 0 0 1
DataSet: 124
7.470703125 -51.416015625 4.04296875 1.58203125 -0.229165797495105 -5.361328125 -144.4921875 -0.17578125
590.376 306.152 297.739 728.643
-0.1838476 0.02205871 0.9827072 590.3759 0.03960048 0.9991027 -0.01501817 306.1522 -0.9821568 0.03615462 -0.1845562 297.7388 0 0 0 1
DataSet: 125
15.1171875 -54.84375 4.658203125 1.58203125 1.25969430834553 -3.603515625 -131.8359375 0.966796875
604.702 309.113 227.436 716.200
-0.0380181 0.01801182 0.9991147 604.7016 -0.004912874 0.9998221 -0.01821152 309.113 -0.999265 -0.005600892 -0.03792285 227.4364 0 0 0 1
DataSet: 126
20.91796875 -54.755859375 3.603515625 1.58203125 4.92439532129431 -4.21875 -136.669921875 3.779296875
638.389 303.532 151.529 722.934
-0.2217463 0.06321545 0.9730532 638.3889 -0.04108477 0.9964045 -0.07409518 303.532 -0.9742385 -0.056408 -0.2183518 151.5287 0 0 0 1
DataSet: 127
26.982421875 -54.228515625 3.427734375 1.58203125 0.114485709372368 -2.197265625 -115.400390625 0.087890625
631.551 303.817 95.461 707.301
0.02987047 -0.01475914 0.9994448 631.551 -0.001999227 0.9998881 0.01482544 303.8168 -0.9995518 -0.00244096 0.02983762 95.46118 0 0 0 1
DataSet: 128
36.73828125 -60.64453125 3.779296875 1.58203125 -1.71711250952339 -1.58203125 -109.072265625 -1.318359375
613.504 305.043 32.797 685.940
0.06565411 -0.03787713 0.9971233 613.5039 0.02801176 0.9989554 0.03610234 305.0428 -0.9974492 0.02556091 0.06664654 32.79713 0 0 0 1
DataSet: 129
43.857421875 -60.732421875 5.09765625 1.58203125 -2.17510657819249 -2.021484375 -94.21875 -1.669921875
613.774 310.662 -31.097 688.619
0.2142366 -0.0299698 0.9763219 613.7736 0.04540567 0.9987543 0.02069492 310.6624 -0.9757259 0.03989695 0.2153306 -31.097 0 0 0 1
DataSet: 130
51.064453125 -60.8203125 4.833984375 1.58203125 -2.9762172779762 -1.58203125 -84.638671875 -2.28515625
603.526 309.202 -92.020 684.337
0.2736525 -0.03581657 0.9611616 603.5257 0.0635725 0.9977947 0.01908193 309.2022 -0.9597254 0.05588162 0.275326 -92.01952 0 0 0 1
DataSet: 131
-25.3125 59.0625 5.361328125 1.58203125 -1.25911830348071 -0.263671875 -38.935546875 -0.966796875
605.632 311.670 -152.726 698.036
0.2649923 -0.02160996 0.9640083 605.6321 0.05601216 0.9984056 0.006984077 311.67 -0.9626223 0.05214547 0.2657802 -152.7261 0 0 0 1
DataSet: 132
-20.654296875 58.88671875 7.119140625 1.58203125 -1.94594259614912 -0.966796875 -28.212890625 -1.494140625
593.210 319.280 -208.271 705.135
0.3547597 0.0009773488 0.934957 593.2104 0.05155147 0.9984578 -0.0206044 319.2801 -0.9335352 0.05550802 0.3541622 -208.2707 0 0 0 1
DataSet: 133
-14.58984375 56.77734375 8.525390625 1.58203125 -1.71747177772458 -2.900390625 -27.59765625 -1.318359375
584.143 325.637 -267.059 720.127
0.2964492 0.02574934 0.9547014 584.1429 0.01948161 0.9992654 -0.03300061 325.6373 -0.9548499 0.02838213 0.2957298 -267.0594 0 0 0 1
DataSet: 134
-0.52734375 43.9453125 8.4375 1.58203125 -2.17479277265529 0.087890625 -15.380859375 -1.669921875
581.860 324.645 -303.939 732.349
0.5011381 -0.005704512 0.8653485 581.8604 0.06452675 0.9974408 -0.03079326 324.6454 -0.8629583 0.0712698 0.5002236 -303.9394 0 0 0 1
DataSet: 135
3.69140625 43.9453125 4.04296875 1.58203125 -1.83150440350665 -1.142578125 -15.29296875 -1.40625
566.732 305.998 -345.294 730.786
0.4498692 0.008176207 0.893057 566.732 0.042126 0.9986508 -0.03036353 305.9979 -0.8921004 0.05128054 0.4489178 -345.2942 0 0 0 1
DataSet: 136
77.958984375 -63.6328125 3.427734375 1.58203125 -3.55132742727409 -5.009765625 -51.85546875 -2.724609375
517.257 302.744 -335.858 687.029
0.4125936 0.05098176 0.9094874 517.2565 0.03528405 0.9967889 -0.07188228 302.7437 -0.9102316 0.06174857 0.4094699 -335.8584 0 0 0 1
DataSet: 137
76.552734375 -71.630859375 6.328125 1.58203125 -1.60392701661742 -5.009765625 -65.478515625 -1.23046875
531.124 315.967 -266.482 673.009
0.3470787 0.03738039 0.9370908 531.1245 0.01843643 0.9987403 -0.04666805 315.9673 -0.9376548 0.03347409 0.3459523 -266.4822 0 0 0 1
DataSet: 138
74.1796875 -75.9375 5.888671875 1.58203125 -2.86472027936744 -5.625 -77.080078125 -2.197265625
545.383 313.545 -198.392 659.630
0.2716266 0.04254065 0.9614621 545.3829 0.04778073 0.9971945 -0.05762039 313.5445 -0.9612159 0.06159059 0.2688319 -198.3919 0 0 0 1
DataSet: 139
72.7734375 -81.298828125 5.185546875 1.58203125 -4.01013092925958 -5.44921875 -82.177734375 -3.076171875
541.969 310.052 -133.435 638.489
0.3020588 0.02814214 0.9528738 541.9691 0.07427996 0.9958303 -0.05295739 310.0523 -0.9503909 0.08677567 0.2987089 -133.4353 0 0 0 1
DataSet: 140
69.08203125 -85.693359375 5.09765625 1.58203125 -1.71968477276265 -6.6796875 -93.779296875 -1.318359375
548.837 310.126 -66.298 633.873
0.256738 0.04835289 0.9652708 548.8369 0.04239905 0.9972227 -0.06123054 310.1262 -0.9655506 0.05664677 0.2539749 -66.29758 0 0 0 1
DataSet: 141
64.248046875 -87.099609375 4.658203125 1.58203125 -0.343642841262959 -4.482421875 -102.392578125 -0.263671875
540.779 308.998 -21.065 623.190
0.2158099 0.01783375 0.9762725 540.7792 0.01810367 0.9995883 -0.02226157 308.9981 -0.9762676 0.02247838 0.2153982 -21.06502 0 0 0 1
DataSet: 142
57.744140625 -87.275390625 4.39453125 1.58203125 0.114594742905014 -5.625 -107.666015625 0.087890625
545.783 307.644 36.900 627.603
0.2300098 0.03673289 0.9724948 545.7833 0.01816411 0.9989513 -0.04202829 307.6437 -0.9730188 0.02733142 0.2291013 36.90009 0 0 0 1
DataSet: 143
53.26171875 -89.208984375 4.39453125 1.58203125 -0.573521792332399 -7.646484375 -115.48828125 -0.439453125
539.051 306.867 95.344 627.562
0.1954115 0.05451677 0.9792049 539.0508 0.05024368 0.9965861 -0.06551116 306.8671 -0.9794335 0.06200049 0.1920053 95.3442 0 0 0 1
DataSet: 144
45.703125 -87.71484375 2.98828125 1.58203125 1.0310423470218 -4.833984375 -135.87890625 0.791015625
529.282 301.689 129.970 622.935
