-0.5232089161872864 0.6962560415267944 0.49140608310699463 227.564453125 
0.028864234685897827 -0.5618202090263367 0.8267556428909302 96.67730712890625 
0.8517155051231384 0.4467499554157257 0.2738524079322815 -982.3115844726562 
0.0 0.0 0.0 1.0

-0.475360244512558 0.6744767427444458 0.56490159034729 241.1119842529297 
0.19790692627429962 -0.5436528921127319 0.8156435489654541 71.06938171386719 
0.8572429418563843 0.49952244758605957 0.12494733929634094 -1018.0724487304688 
0.0 0.0 0.0 1.0

-0.21772116422653198 0.6634571552276611 0.7158366441726685 296.17449951171875 
0.30085721611976624 -0.6520953178405762 0.6958854794502258 -2.9133453369140625 
0.9284839630126953 0.3668735921382904 -0.05763091519474983 -1028.616455078125 
0.0 0.0 0.0 1.0

-0.13995611667633057 0.7587383985519409 0.6361826062202454 254.5891571044922 
0.29423287510871887 -0.5816144943237305 0.7583875060081482 88.61441040039062 
0.9454307556152344 0.29332682490348816 -0.14184528589248657 -1043.852783203125 
0.0 0.0 0.0 1.0

-0.16908377408981323 0.9024558067321777 0.3962123692035675 307.99053955078125 
0.406416118144989 -0.3023916482925415 0.8621978759765625 111.33615112304688 
0.8979067802429199 0.30681079626083374 -0.3156430721282959 -1067.7939453125 
0.0 0.0 0.0 1.0

0.010879479348659515 0.9272827506065369 0.3742036521434784 264.8094177246094 
0.35462242364883423 -0.35347968339920044 0.8656183481216431 119.26679229736328 
0.9349463582038879 0.12328353524208069 -0.33268091082572937 -1113.9691162109375 
0.0 0.0 0.0 1.0

-0.13455840945243835 0.9032698273658752 0.4074280261993408 303.00775146484375 
0.31043320894241333 -0.35204264521598816 0.8830046057701111 108.39906311035156 
0.9410234689712524 0.24529488384723663 -0.2330346405506134 -1041.5281982421875 
0.0 0.0 0.0 1.0

-0.1588103026151657 0.8451932668685913 0.5103210806846619 311.3410949707031 
0.4046039283275604 -0.41577157378196716 0.8145119547843933 31.848995208740234 
0.9005969762802124 0.3358308672904968 -0.2759397327899933 -1038.740234375 
0.0 0.0 0.0 1.0

-0.1588103026151657 0.8451932668685913 0.5103210806846619 311.3410949707031 
0.4046039283275604 -0.41577157378196716 0.8145119547843933 31.848995208740234 
0.9005969762802124 0.3358308672904968 -0.2759397327899933 -1038.740234375 
0.0 0.0 0.0 1.0

-0.1588103026151657 0.8451932668685913 0.5103210806846619 311.3410949707031 
0.4046039283275604 -0.41577157378196716 0.8145119547843933 31.848995208740234 
0.9005969762802124 0.3358308672904968 -0.2759397327899933 -1038.740234375 
0.0 0.0 0.0 1.0

-0.3889302909374237 0.3075033128261566 0.8684324622154236 216.1846160888672 
-0.6321026682853699 -0.774835467338562 -0.008727670647203922 -88.298095703125 
0.6702085137367249 -0.5523329973220825 0.4957306683063507 -983.3016357421875 
0.0 0.0 0.0 1.0

-0.2063240259885788 0.34547775983810425 0.9154646396636963 267.20697021484375 
-0.529796838760376 -0.8260308504104614 0.19232359528541565 -36.50973129272461 
0.8226455450057983 -0.44532930850982666 0.3534630239009857 -1018.7863159179688 
0.0 0.0 0.0 1.0

-0.07027608901262283 0.8889091610908508 0.4526606798171997 242.07814025878906 
0.33048346638679504 -0.40740761160850525 0.8513517379760742 97.06266784667969 
0.9411917328834534 0.20942656695842743 -0.26513880491256714 -1023.7553100585938 
0.0 0.0 0.0 1.0

-0.1554778814315796 0.9275937676429749 0.33970049023628235 276.26116943359375 
0.4968005418777466 -0.22380590438842773 0.8385106325149536 121.47216796875 
0.8538241982460022 0.2991332709789276 -0.42603224515914917 -1047.099609375 
0.0 0.0 0.0 1.0

-0.11609382927417755 0.8814682960510254 0.45775097608566284 301.6703186035156 
0.34138455986976624 -0.3973773121833801 0.8517909646034241 48.007293701171875 
0.9327265620231628 0.25515681505203247 -0.2547866106033325 -1029.9429931640625 
0.0 0.0 0.0 1.0

-0.20734146237373352 0.4152478575706482 0.8857644200325012 294.58294677734375 
-0.5338437557220459 -0.8067681193351746 0.2532510459423065 -29.55009651184082 
0.8197684288024902 -0.4203503727912903 0.38895395398139954 -1036.6907958984375 
0.0 0.0 0.0 1.0

-0.21006275713443756 0.5437527298927307 0.8125309944152832 256.493408203125 
-0.7551624774932861 -0.6180872917175293 0.21839798986911774 -45.695350646972656 
0.6209695935249329 -0.5677157044410706 0.5404587984085083 -1000.214599609375 
0.0 0.0 0.0 1.0

-0.05979650840163231 0.9522268176078796 0.2994803488254547 176.99258422851562 
0.3141742944717407 -0.2668167054653168 0.9111000895500183 49.018253326416016 
0.947480320930481 0.14856959879398346 -0.28321048617362976 -1040.2314453125 
0.0 0.0 0.0 1.0

-0.277890682220459 0.9273210763931274 0.25070372223854065 176.91555786132812 
0.6137099266052246 -0.029393283650279045 0.7889842391014099 27.581073760986328 
0.739010751247406 0.37311071157455444 -0.5609380602836609 -1029.43115234375 
0.0 0.0 0.0 1.0

-0.32037943601608276 0.8868261575698853 0.33301103115081787 186.55950927734375 
0.528369128704071 -0.12448550760746002 0.8398389220237732 25.673973083496094 
0.7862461805343628 0.44501993060112 -0.42868900299072266 -993.667236328125 
0.0 0.0 0.0 1.0

-0.32037943601608276 0.8868261575698853 0.33301103115081787 186.55950927734375 
0.528369128704071 -0.12448550760746002 0.8398389220237732 25.673973083496094 
0.7862461805343628 0.44501993060112 -0.42868900299072266 -993.667236328125 
0.0 0.0 0.0 1.0

-0.2526160180568695 0.1966933012008667 0.9473631381988525 156.93516540527344 
-0.68729567527771 -0.7256454825401306 -0.03260871767997742 -131.65721130371094 
0.6810358166694641 -0.6593560576438904 0.31849610805511475 -1061.4140625 
0.0 0.0 0.0 1.0

-0.4130595326423645 0.8822278380393982 0.22595536708831787 301.47906494140625 
0.6589515805244446 0.11826874315738678 0.7428292632102966 0.17697906494140625 
0.6286211609840393 0.45572635531425476 -0.6301975250244141 -1059.9417724609375 
0.0 0.0 0.0 1.0

-0.4140719771385193 0.8495894074440002 0.32671424746513367 314.7431640625 
0.5267120003700256 -0.06909880042076111 0.8472306728363037 -4.2035675048828125 
0.7423737645149231 0.52289879322052 -0.41887712478637695 -1016.026611328125 
0.0 0.0 0.0 1.0

-0.44558724761009216 0.8367283344268799 0.31833577156066895 307.9437561035156 
0.35777807235717773 -0.15951810777187347 0.920080840587616 10.56620979309082 
0.8206380605697632 0.5238698124885559 -0.2282838076353073 -982.8826293945312 
0.0 0.0 0.0 1.0

-0.44558724761009216 0.8367283344268799 0.31833577156066895 307.9437561035156 
0.35777807235717773 -0.15951810777187347 0.920080840587616 10.56620979309082 
0.8206380605697632 0.5238698124885559 -0.2282838076353073 -982.8826293945312 
0.0 0.0 0.0 1.0

-0.11089140921831131 0.9716947674751282 0.20859630405902863 223.71670532226562 
0.42522865533828735 -0.1433180719614029 0.8936668634414673 18.513301849365234 
0.8982670307159424 0.1878010779619217 -0.39729970693588257 -1065.092041015625 
0.0 0.0 0.0 1.0

0.10274070501327515 0.758245587348938 0.643822968006134 220.72569274902344 
0.41360390186309814 -0.621207058429718 0.6656076908111572 -78.18429565429688 
0.9046413898468018 0.19790269434452057 -0.3774365484714508 -1047.42919921875 
0.0 0.0 0.0 1.0

0.1842738389968872 0.6684150099754333 0.7206000685691833 237.77320861816406 
0.5585113167762756 -0.6744958162307739 0.48282548785209656 -74.82373046875 
0.8087695837020874 0.31349122524261475 -0.49760928750038147 -1044.0980224609375 
0.0 0.0 0.0 1.0

-0.04352187737822533 0.825090229511261 0.5633222460746765 260.5957336425781 
0.7707840800285339 -0.3310007154941559 0.5443624258041382 -46.641807556152344 
0.6356081366539001 0.4578915536403656 -0.6215606331825256 -1017.8255004882812 
0.0 0.0 0.0 1.0

-0.0015908777713775635 0.9998307228088379 -0.018331587314605713 182.43800354003906 
0.6591032147407532 0.014834731817245483 0.7519062161445618 42.5081672668457 
0.7520508170127869 -0.010886222124099731 -0.6590151786804199 -1137.446044921875 
0.0 0.0 0.0 1.0

-0.13182546198368073 0.9729868173599243 0.18952201306819916 276.345947265625 
0.014912723563611507 -0.1892223358154297 0.9818210005760193 127.93113708496094 
0.9911606907844543 0.13225531578063965 0.01043443288654089 -1032.5069580078125 
0.0 0.0 0.0 1.0

-0.10877831280231476 0.9746301174163818 0.19561046361923218 282.2260437011719 
0.04002702236175537 -0.19232414662837982 0.9805147647857666 124.88957214355469 
0.993259847164154 0.11448845267295837 -0.01809079945087433 -1043.0635986328125 
0.0 0.0 0.0 1.0

-0.10877831280231476 0.9746301174163818 0.19561046361923218 282.2260437011719 
0.04002702236175537 -0.19232414662837982 0.9805147647857666 124.88957214355469 
0.993259847164154 0.11448845267295837 -0.01809079945087433 -1043.0635986328125 
0.0 0.0 0.0 1.0

-0.10877831280231476 0.9746301174163818 0.19561046361923218 282.2260437011719 
0.04002702236175537 -0.19232414662837982 0.9805147647857666 124.88957214355469 
0.993259847164154 0.11448845267295837 -0.01809079945087433 -1043.0635986328125 
0.0 0.0 0.0 1.0

-0.14125852286815643 0.9836752414703369 0.11148572713136673 211.870849609375 
0.6166712641716003 -0.0006646365509368479 0.7872205376625061 78.98805236816406 
0.7744434475898743 0.17995168268680573 -0.60651034116745 -1085.9683837890625 
0.0 0.0 0.0 1.0

-0.4583345949649811 0.8438613414764404 -0.27897560596466064 131.32020568847656 
0.2296711504459381 0.41567814350128174 0.8800356984138489 204.57437133789062 
0.85859215259552 0.3392781615257263 -0.38433027267456055 -1023.4304809570312 
0.0 0.0 0.0 1.0

-0.21766850352287292 0.9434575438499451 -0.25001657009124756 154.74383544921875 
0.4929444491863251 0.32735365629196167 0.8061298727989197 132.6752166748047 
0.842393159866333 0.052224814891815186 -0.5363267660140991 -1128.0126953125 
0.0 0.0 0.0 1.0

-0.319597452878952 0.9383097290992737 -0.13203158974647522 145.74380493164062 
0.42215895652770996 0.26574602723121643 0.8666953444480896 116.31321716308594 
0.8483155369758606 0.2212553173303604 -0.4810476303100586 -1068.857421875 
0.0 0.0 0.0 1.0

-0.4480433464050293 0.8449082374572754 0.29221096634864807 264.7398681640625 
0.378410667181015 -0.11690186709165573 0.9182262420654297 224.8583984375 
0.8099768757820129 0.521980881690979 -0.2673451900482178 -988.3160400390625 
0.0 0.0 0.0 1.0

-0.43373554944992065 0.8319750428199768 0.34596386551856995 284.5696105957031 
0.39301547408103943 -0.17082509398460388 0.9035250544548035 190.63290405273438 
0.8108096122741699 0.5278601050376892 -0.25288620591163635 -985.9556274414062 
0.0 0.0 0.0 1.0

-0.2261642962694168 0.9221667647361755 0.31378042697906494 176.79083251953125 
0.36842581629753113 -0.2172156721353531 0.9039246439933777 229.46437072753906 
0.9017273187637329 0.3200402855873108 -0.29062360525131226 -1019.95947265625 
0.0 0.0 0.0 1.0

-0.14868851006031036 0.9249112010002136 0.3499014973640442 236.21250915527344 
0.23988358676433563 -0.3095305860042572 0.9201340675354004 169.8011932373047 
0.9593475461006165 0.22074897587299347 -0.1758473664522171 -1024.779052734375 
0.0 0.0 0.0 1.0

-0.14868851006031036 0.9249112010002136 0.3499014973640442 236.21250915527344 
0.23988358676433563 -0.3095305860042572 0.9201340675354004 169.8011932373047 
0.9593475461006165 0.22074897587299347 -0.1758473664522171 -1024.779052734375 
0.0 0.0 0.0 1.0

-0.18769940733909607 0.9762651324272156 0.10805243998765945 250.54229736328125 
0.07953382283449173 -0.0945400819182396 0.9923389554023743 127.25397491455078 
0.9790011644363403 0.19485525786876678 -0.059900958091020584 -1036.46826171875 
0.0 0.0 0.0 1.0

-0.3121785521507263 0.9481018781661987 0.060394253581762314 228.19845581054688 
0.3794552683830261 0.06615685671567917 0.9228418469429016 193.09349060058594 
0.8709525465965271 0.3110083341598511 -0.3804149627685547 -1056.959716796875 
0.0 0.0 0.0 1.0

-0.4318261444568634 0.89581698179245 0.10506220906972885 226.14010620117188 
0.5815497040748596 0.18749375641345978 0.7916097640991211 176.65325927734375 
0.6894389390945435 0.4029366970062256 -0.6019268035888672 -1080.640380859375 
0.0 0.0 0.0 1.0

-0.4187379479408264 0.8949889540672302 0.15379638969898224 211.73316955566406 
0.4002082049846649 0.029848871752619743 0.9159379601478577 191.5880889892578 
0.8151637315750122 0.44508853554725647 -0.3706807792186737 -1025.603515625 
0.0 0.0 0.0 1.0

-0.41277965903282166 0.8947961330413818 0.1701550930738449 150.09561157226562 
0.3801494538784027 -0.0005171484663151205 0.924924910068512 161.78271484375 
0.8277072906494141 0.4464745819568634 -0.3399427831172943 -1000.2247314453125 
0.0 0.0 0.0 1.0

-0.37355753779411316 0.8167275786399841 0.439784973859787 228.88592529296875 
0.61447674036026 -0.13728652894496918 0.776898205280304 205.51107788085938 
0.6948907375335693 0.5604538321495056 -0.45057567954063416 -1002.5526733398438 
0.0 0.0 0.0 1.0

-0.31336140632629395 0.82618647813797 0.4682099521160126 335.845947265625 
0.5790969729423523 -0.2245091199874878 0.7837361693382263 154.551513671875 
0.7526296377182007 0.5167316198348999 -0.4080895781517029 -1053.043701171875 
0.0 0.0 0.0 1.0

-0.11882632225751877 0.9919927716255188 0.04278626665472984 252.35614013671875 
0.23191048204898834 -0.014171837829053402 0.9726338982582092 69.84310913085938 
0.9654521346092224 0.12549711763858795 -0.2283695787191391 -1077.1109619140625 
0.0 0.0 0.0 1.0

0.21951787173748016 0.7344759106636047 0.642150342464447 160.35995483398438 
0.06746067851781845 -0.6680569052696228 0.7410458922386169 -4.892990589141846 
0.9732733368873596 -0.11935289949178696 -0.1961987018585205 -1102.44384765625 
0.0 0.0 0.0 1.0

0.1402851939201355 0.8796576261520386 0.45444753766059875 247.426513671875 
0.22423526644706726 -0.4752873480319977 0.8507764339447021 2.6101627349853516 
0.9643850922584534 -0.01744818687438965 -0.26392602920532227 -1116.614501953125 
0.0 0.0 0.0 1.0

0.3549208343029022 0.5987685322761536 0.7179884910583496 255.0168914794922 
-0.27959591150283813 -0.6648562550544739 0.6926704049110413 -52.575016021728516 
0.8921083807945251 -0.4465898275375366 -0.06855811178684235 -1174.4775390625 
0.0 0.0 0.0 1.0

0.2763926684856415 0.6645532250404358 0.6942449808120728 293.0339050292969 
-0.30804118514060974 -0.6230119466781616 0.7190039753913879 79.12046813964844 
0.91033935546875 -0.41258347034454346 0.0325138159096241 -1184.9696044921875 
0.0 0.0 0.0 1.0

0.15463167428970337 0.7350969314575195 0.6600921154022217 300.6925964355469 
-0.015210330486297607 -0.6662777066230774 0.7455486059188843 -73.42254638671875 
0.987855076789856 -0.12532564997673035 -0.09184658527374268 -1160.456298828125 
0.0 0.0 0.0 1.0

-0.006137765944004059 0.986732542514801 0.16223815083503723 227.21664428710938 
0.6043367385864258 -0.1256006807088852 0.786766529083252 -25.0401611328125 
0.7967053651809692 0.1028754785656929 -0.5955477952957153 -1170.10986328125 
0.0 0.0 0.0 1.0

-0.1047004908323288 0.9694848656654358 0.22166839241981506 230.23654174804688 
0.7556489109992981 -0.06735651195049286 0.6515042781829834 49.38330078125 
0.6465544104576111 0.235716313123703 -0.725537896156311 -1163.92041015625 
0.0 0.0 0.0 1.0

-0.1994686871767044 0.8991408944129944 0.38956111669540405 301.23211669921875 
0.8029208779335022 -0.07792069017887115 0.5909707546234131 -80.47355651855469 
0.5617208480834961 0.4306669235229492 -0.7063962817192078 -1110.6953125 
0.0 0.0 0.0 1.0

-0.15522731840610504 0.8263751268386841 0.5413026809692383 255.2083740234375 
0.6472344398498535 -0.32888442277908325 0.6876935958862305 -108.95851135253906 
0.7463189363479614 0.4570986032485962 -0.48380666971206665 -1045.750732421875 
0.0 0.0 0.0 1.0

-0.4124240279197693 0.8592437505722046 0.3026657998561859 233.02590942382812 
0.7796117663383484 0.16101886332035065 0.6052094101905823 -65.631103515625 
0.4712875187397003 0.4855647087097168 -0.736284613609314 -1062.0260009765625 
0.0 0.0 0.0 1.0

-0.048013199120759964 0.8969346284866333 0.4395486116409302 206.57156372070312 
0.8817422389984131 -0.1686890572309494 0.44053906202316284 -93.0960922241211 
0.46928176283836365 0.4087202847003937 -0.7827658653259277 -1074.8831787109375 
0.0 0.0 0.0 1.0

-0.1873682290315628 0.7724724411964417 0.6067779064178467 259.61907958984375 
0.7353044748306274 -0.2992893159389496 0.608073353767395 -92.06756591796875 
0.651322066783905 0.5601001977920532 -0.511925220489502 -1021.425537109375 
0.0 0.0 0.0 1.0

-0.18520258367061615 0.6712351441383362 0.7177348732948303 279.4745178222656 
0.15028046071529388 -0.7024335265159607 0.6957031488418579 -142.90814208984375 
0.9711414575576782 0.23670752346515656 0.02921898104250431 -1020.8934326171875 
0.0 0.0 0.0 1.0

-0.17340892553329468 0.44261154532432556 0.8797865509986877 293.60321044921875 
0.2832668721675873 -0.8331560492515564 0.4749850928783417 -109.187744140625 
0.9432333707809448 0.3315810263156891 0.01909952238202095 -1013.8304443359375 
0.0 0.0 0.0 1.0

-0.01732577197253704 -0.1586610972881317 0.9871810674667358 203.98019409179688 
-0.022553248330950737 -0.9870160222053528 -0.15903040766716003 -247.33982849121094 
0.9995955228805542 -0.025019457563757896 0.013522490859031677 -1124.29296875 
0.0 0.0 0.0 1.0

-0.0018890610663220286 0.0032411031424999237 0.9999929666519165 143.41094970703125 
-0.07023318111896515 -0.9975258111953735 0.003100428730249405 -225.8616485595703 
0.9975287914276123 -0.07022682577371597 0.0021120200399309397 -1115.9266357421875 
0.0 0.0 0.0 1.0

-0.12914758920669556 0.10073089599609375 0.9864959120750427 119.86314392089844 
-0.09761442244052887 -0.9912868738174438 0.08844085782766342 -212.16055297851562 
0.9868091940879822 -0.08487430959939957 0.13785509765148163 -1074.2396240234375 
0.0 0.0 0.0 1.0

-0.13471615314483643 0.6098229289054871 0.7810041904449463 201.08485412597656 
-0.4309042692184448 -0.7458139657974243 0.5080187320709229 -182.69407653808594 
0.8922852873802185 -0.26809972524642944 0.3632485270500183 -1051.3861083984375 
0.0 0.0 0.0 1.0

-0.09654410183429718 0.9425544142723083 0.3197973966598511 272.9854736328125 
0.31606587767601013 -0.2756364941596985 0.9078143239021301 97.59591674804688 
0.9438123106956482 0.1887211799621582 -0.27129822969436646 -1028.19921875 
0.0 0.0 0.0 1.0

0.3769543468952179 0.8203291893005371 0.4300760328769684 232.19000244140625 
0.06950455158948898 -0.4880720376968384 0.870031476020813 72.4515380859375 
0.923620343208313 -0.29806986451148987 -0.24099749326705933 -1121.8514404296875 
0.0 0.0 0.0 1.0

0.2724812924861908 0.9325944781303406 0.23668837547302246 196.28807067871094 
0.5071857571601868 -0.348263680934906 0.7883368730545044 86.64659118652344 
0.8176286220550537 -0.09476205706596375 -0.5678939819335938 -1122.4696044921875 
0.0 0.0 0.0 1.0

-0.021323146298527718 0.9715423583984375 0.23590423166751862 189.87698364257812 
0.6658084392547607 -0.16222228109836578 0.7282741069793701 105.99876403808594 
0.745818018913269 0.17259614169597626 -0.6434019207954407 -1077.444091796875 
0.0 0.0 0.0 1.0

-0.15094032883644104 0.9533224701881409 0.26152101159095764 181.6699676513672 
0.834470808506012 -0.018955925479531288 0.5507259964942932 208.17514038085938 
0.5299768447875977 0.3013584017753601 -0.7926585674285889 -1099.6170654296875 
0.0 0.0 0.0 1.0

-0.2054058164358139 0.95927494764328 0.19390760362148285 157.64559936523438 
0.8340553045272827 0.06792484223842621 0.5474833846092224 156.26040649414062 
0.5120158791542053 0.2741859257221222 -0.8140404224395752 -1077.5078125 
0.0 0.0 0.0 1.0

-0.059158653020858765 0.9931975603103638 0.10029458999633789 230.93307495117188 
0.13207674026489258 -0.09179970622062683 0.9869795441627502 146.8729248046875 
0.9894726276397705 0.07163494825363159 -0.12574753165245056 -1038.4205322265625 
0.0 0.0 0.0 1.0

-0.06652737408876419 0.9923558831214905 0.10394229739904404 231.04881286621094 
0.10265287011861801 -0.0968131497502327 0.9899947643280029 138.21432495117188 
0.9924900531768799 0.07653167098760605 -0.09542746096849442 -1031.3583984375 
0.0 0.0 0.0 1.0

-0.06652737408876419 0.9923558831214905 0.10394229739904404 231.04881286621094 
0.10265287011861801 -0.0968131497502327 0.9899947643280029 138.21432495117188 
0.9924900531768799 0.07653167098760605 -0.09542746096849442 -1031.3583984375 
0.0 0.0 0.0 1.0

0.5779852867126465 0.6629063487052917 0.47590771317481995 265.984375 
-0.36078789830207825 -0.3155113160610199 0.8776586055755615 85.41569519042969 
0.7319597601890564 -0.678975522518158 0.05680766701698303 -1203.052001953125 
0.0 0.0 0.0 1.0

0.41814619302749634 0.8066888451576233 0.4176204800605774 239.19729614257812 
-0.008616000413894653 -0.45619937777519226 0.8898358941078186 67.77641296386719 
0.9083389043807983 -0.37567970156669617 -0.1838076263666153 -1154.9122314453125 
0.0 0.0 0.0 1.0

0.013665311969816685 0.8684353232383728 0.4956141710281372 260.76800537109375 
0.023743480443954468 -0.49580252170562744 0.8681106567382812 113.80524444580078 
0.9996246695518494 -9.53972339630127e-05 -0.027394959703087807 -1036.6629638671875 
0.0 0.0 0.0 1.0

-0.008683129213750362 0.9638881087303162 0.2661658525466919 259.0456237792969 
-0.21173863112926483 -0.26191258430480957 0.941577672958374 99.49781799316406 
0.977287769317627 -0.048181768506765366 0.20636659860610962 -1039.124267578125 
0.0 0.0 0.0 1.0

0.024767300114035606 0.8017507195472717 0.5971451997756958 229.14837646484375 
-0.31777799129486084 -0.5600324273109436 0.7651018500328064 65.87287902832031 
0.9478416442871094 -0.20870907604694366 0.2409082055091858 -1062.5469970703125 
0.0 0.0 0.0 1.0

-0.3045271933078766 0.8837606310844421 0.3552890717983246 158.07656860351562 
0.48801279067993164 -0.17556558549404144 0.8549972176551819 162.0283660888672 
0.8179894089698792 0.4337555170059204 -0.37782201170921326 -1045.9400634765625 
0.0 0.0 0.0 1.0

-0.3431505262851715 0.8499502539634705 0.39979028701782227 154.39370727539062 
0.17910507321357727 -0.35861489176750183 0.9161423444747925 174.3385009765625 
0.9220461249351501 0.38597923517227173 -0.029171492904424667 -994.9219360351562 
0.0 0.0 0.0 1.0

-0.2449711114168167 0.8875904083251953 0.39009276032447815 206.80322265625 
0.30879056453704834 -0.3099716007709503 0.8992029428482056 221.4360809326172 
0.919041633605957 0.34073567390441895 -0.19814546406269073 -1052.2288818359375 
0.0 0.0 0.0 1.0

-0.1267121434211731 0.8904925584793091 0.4369976818561554 205.10906982421875 
0.7149665355682373 -0.2233836054801941 0.6625123620033264 169.14248657226562 
0.6875804662704468 0.39638710021972656 -0.6083669662475586 -1038.868408203125 
0.0 0.0 0.0 1.0

-0.19861434400081635 0.7105794548988342 0.6750030517578125 270.621826171875 
0.7296227216720581 -0.3526415526866913 0.5859134793281555 128.77175903320312 
0.6543722152709961 0.608868420124054 -0.44841524958610535 -983.0087280273438 
0.0 0.0 0.0 1.0

-0.06612701714038849 0.6082817316055298 0.7909618020057678 260.60980224609375 
0.7734468579292297 -0.4695665240287781 0.4257783889770508 48.19189453125 
0.6304024457931519 0.6399223208427429 -0.4394225478172302 -970.1578979492188 
0.0 0.0 0.0 1.0

-0.15196886658668518 0.8006064891815186 0.5795987844467163 248.52935791015625 
0.7399538159370422 -0.296613484621048 0.6037290692329407 78.41614532470703 
0.6552662253379822 0.5206243991851807 -0.5473358035087585 -1035.0670166015625 
0.0 0.0 0.0 1.0

-0.1913248896598816 0.8135801553726196 0.5490738749504089 312.18780517578125 
0.2529989182949066 -0.4996272623538971 0.8284709453582764 209.78826904296875 
0.9483597874641418 0.29742223024368286 -0.11024375259876251 -1173.2344970703125 
0.0 0.0 0.0 1.0

-0.10972066968679428 0.8755890130996704 0.4704309403896332 223.9288787841797 
0.4490406811237335 -0.3785722255706787 0.8093488216400146 213.11203002929688 
0.8867490291595459 0.3000449240207672 -0.35163789987564087 -1142.5218505859375 
0.0 0.0 0.0 1.0

0.026466991752386093 0.8339226841926575 0.5512462854385376 197.6640167236328 
0.32742366194725037 -0.5282526612281799 0.7834174633026123 285.490478515625 
0.9445068836212158 0.1597563922405243 -0.2870272696018219 -1214.0908203125 
0.0 0.0 0.0 1.0

-0.0014333277940750122 0.820860743522644 0.5711265802383423 285.52618408203125 
0.16960367560386658 -0.5626533627510071 0.8091080188751221 214.17245483398438 
0.985511302947998 0.0980248749256134 -0.13841451704502106 -1134.1689453125 
0.0 0.0 0.0 1.0

-0.22143612802028656 0.8641933798789978 0.45181411504745483 213.88101196289062 
0.3726847767829895 -0.35315051674842834 0.8581321239471436 244.4482879638672 
0.9011505246162415 0.3584056794643402 -0.24387137591838837 -1130.412841796875 
0.0 0.0 0.0 1.0

-0.29528099298477173 0.8579687476158142 0.4203557074069977 204.71170043945312 
0.5556098222732544 -0.2037220448255539 0.8060986995697021 231.05596923828125 
0.7772431969642639 0.471579372882843 -0.41654056310653687 -1127.289794921875 
0.0 0.0 0.0 1.0

0.00925561785697937 0.8976072669029236 0.4406989514827728 239.64205932617188 
0.14884164929389954 -0.4370449483394623 0.8870388269424438 214.7413787841797 
0.9888176918029785 0.05738428235054016 -0.13764646649360657 -1121.60498046875 
0.0 0.0 0.0 1.0

0.24847695231437683 0.8652573227882385 0.43541815876960754 184.61505126953125 
0.21518319845199585 -0.48759162425994873 0.8461386561393738 170.3647918701172 
0.944433867931366 -0.11655128002166748 -0.30734410881996155 -1196.63232421875 
0.0 0.0 0.0 1.0

0.07247013598680496 0.7834197878837585 0.6172531247138977 184.85707092285156 
0.13600094616413116 -0.6208619475364685 0.7720325589179993 139.93795776367188 
0.9880545139312744 0.027997730299830437 -0.15153977274894714 -1115.768798828125 
0.0 0.0 0.0 1.0

0.041958995163440704 0.8652094006538391 0.4996519982814789 213.7027587890625 
0.17701876163482666 -0.49861830472946167 0.8485541343688965 162.78172302246094 
0.983312726020813 0.05284326896071434 -0.17407982051372528 -1057.8206787109375 
0.0 0.0 0.0 1.0

0.10477281361818314 0.578605592250824 0.8088498711585999 267.32879638671875 
-0.5968682169914246 -0.6139714121818542 0.5165146589279175 61.368568420410156 
0.7954689860343933 -0.5368934869766235 0.2810238003730774 -1146.84765625 
0.0 0.0 0.0 1.0

0.13603241741657257 0.5291658639907837 0.837543249130249 201.97796630859375 
-0.6583775877952576 -0.5834314823150635 0.4755488634109497 19.3156795501709 
0.7402933239936829 -0.6161097884178162 0.2690253257751465 -1151.266357421875 
0.0 0.0 0.0 1.0

0.06875713169574738 0.3536130487918854 0.932861328125 186.46798706054688 
-0.19892430305480957 -0.911437451839447 0.3601539134979248 -31.5189208984375 
0.9775999188423157 -0.21033194661140442 0.007674405816942453 -1205.6734619140625 
0.0 0.0 0.0 1.0

-0.03519957512617111 0.3219909965991974 0.9460881352424622 205.3170623779297 
0.0012267231941223145 -0.9466601610183716 0.32223132252693176 41.97809600830078 
0.9993795156478882 0.012502983212471008 0.032927047461271286 -1152.46826171875 
0.0 0.0 0.0 1.0

0.02501656487584114 0.6510257124900818 0.7586433291435242 228.08792114257812 
0.09122127294540405 -0.7572013735771179 0.6467803120613098 217.02230834960938 
0.9955163598060608 0.05302420258522034 -0.07832996547222137 -1181.118408203125 
0.0 0.0 0.0 1.0

0.13798581063747406 0.7669712901115417 0.626669704914093 177.09034729003906 
0.1999945193529129 -0.6412650942802429 0.7407976984977722 247.78794860839844 
0.9700319766998291 0.023110924288630486 -0.2418755292892456 -1204.0537109375 
0.0 0.0 0.0 1.0

0.021763069555163383 0.872582733631134 0.48798131942749023 196.09666442871094 
0.6173409819602966 -0.39565661549568176 0.6799602508544922 262.7950439453125 
0.7863945960998535 0.2864528298377991 -0.5472917556762695 -1192.9300537109375 
0.0 0.0 0.0 1.0

-0.09859175980091095 0.9011311531066895 0.4221875071525574 251.4085693359375 
0.678220808506012 -0.2496134340763092 0.6911654472351074 224.47662353515625 
0.7282143831253052 0.3544796109199524 -0.586556077003479 -1188.348388671875 
0.0 0.0 0.0 1.0

0.01920204982161522 0.9115431308746338 0.41075584292411804 259.2264099121094 
0.5749896168708801 -0.34616369009017944 0.7413215637207031 188.22915649414062 
0.8179353475570679 0.22194546461105347 -0.5307748913764954 -1128.5137939453125 
0.0 0.0 0.0 1.0

-0.15659280121326447 0.9053649306297302 0.39470621943473816 191.98773193359375 
0.4459551274776459 -0.29176485538482666 0.84616619348526 186.34347534179688 
0.8812506794929504 0.3085247874259949 -0.3580639064311981 -1058.658935546875 
0.0 0.0 0.0 1.0

0.048782262951135635 0.4311566650867462 0.9009574055671692 212.06417846679688 
-0.5316594839096069 -0.7524147033691406 0.3888576626777649 42.50006103515625 
0.8455522060394287 -0.49797192215919495 0.1925240457057953 -1153.5677490234375 
0.0 0.0 0.0 1.0

-0.08702759444713593 0.2911572754383087 0.9527086019515991 243.3048095703125 
-0.7013446092605591 -0.6970824003219604 0.14896924793720245 -55.72520446777344 
0.7074898481369019 -0.6552126407623291 0.26486700773239136 -1092.031494140625 
0.0 0.0 0.0 1.0

-0.039293985813856125 0.18979224562644958 0.9810376763343811 237.1985321044922 
-0.28582051396369934 -0.9429086446762085 0.17096766829490662 -49.86030197143555 
0.9574772715568542 -0.27368268370628357 0.09129715710878372 -1082.641845703125 
0.0 0.0 0.0 1.0

0.05765949934720993 0.3056056797504425 0.9504107236862183 251.3155975341797 
0.14445634186267853 -0.9445297122001648 0.2949507534503937 54.79671859741211 
0.9878298044204712 0.12028615921735764 -0.09860779345035553 -1070.7353515625 
0.0 0.0 0.0 1.0

-0.004258040338754654 0.8160576224327087 0.577954888343811 306.03216552734375 
0.4711925983428955 -0.5081396698951721 0.7209518551826477 213.49932861328125 
0.882020115852356 0.275397926568985 -0.3823566436767578 -1104.5164794921875 
0.0 0.0 0.0 1.0

0.2619781494140625 0.88248610496521 0.3906221389770508 242.0371856689453 
0.16936028003692627 -0.4405175745487213 0.8816242218017578 263.2560119628906 
0.9500970840454102 -0.1648104190826416 -0.26486408710479736 -1191.6593017578125 
0.0 0.0 0.0 1.0

0.15938150882720947 0.8498716950416565 0.5023103952407837 160.1139373779297 
0.10839216411113739 -0.5208030939102173 0.8467676043510437 221.07290649414062 
0.9812485575675964 -0.08051259070634842 -0.17512580752372742 -1134.572509765625 
0.0 0.0 0.0 1.0

0.1315184235572815 0.7228624820709229 0.6783603429794312 141.310791015625 
0.04036647081375122 -0.687641978263855 0.7249269485473633 158.41259765625 
0.9904915690422058 -0.06795826554298401 -0.11961697787046432 -1182.1358642578125 
0.0 0.0 0.0 1.0

0.08155617117881775 0.8949262499809265 0.4386977255344391 176.94482421875 
-0.11375480890274048 -0.42892947793006897 0.8961469531059265 181.00428771972656 
0.9901557564735413 -0.12299028038978577 0.06682029366493225 -1130.7998046875 
0.0 0.0 0.0 1.0

-0.04709116369485855 0.9240763187408447 0.3792959749698639 201.86068725585938 
-0.4454135298728943 -0.3593024015426636 0.8200662136077881 134.88235473632812 
0.894085705280304 -0.13032570481300354 0.4285160303115845 -1066.8905029296875 
0.0 0.0 0.0 1.0

0.0070955753326416016 0.890768826007843 0.4544013440608978 281.4015197753906 
0.12318414449691772 -0.4517303705215454 0.8836092948913574 189.7086639404297 
0.9923584461212158 0.049705326557159424 -0.11293387413024902 -1078.08740234375 
0.0 0.0 0.0 1.0

0.010226897895336151 0.9197903275489807 0.39227694272994995 255.97207641601562 
0.3513617515563965 -0.3705872893333435 0.8597732186317444 267.9180603027344 
0.9361839294433594 0.12903830409049988 -0.32696911692619324 -1111.207275390625 
0.0 0.0 0.0 1.0

-0.08844783902168274 0.9834946990013123 0.15784551203250885 223.3883056640625 
0.671518087387085 -0.05816647782921791 0.7387016415596008 289.909423828125 
0.7356904745101929 0.17133264243602753 -0.6552897691726685 -1153.6453857421875 
0.0 0.0 0.0 1.0

-0.08844783902168274 0.9834946990013123 0.15784551203250885 223.3883056640625 
0.671518087387085 -0.05816647782921791 0.7387016415596008 289.909423828125 
0.7356904745101929 0.17133264243602753 -0.6552897691726685 -1153.6453857421875 
0.0 0.0 0.0 1.0

-0.21559463441371918 0.713858425617218 0.6662770509719849 224.2280731201172 
0.34416043758392334 -0.5829895734786987 0.7359869480133057 144.08560180664062 
0.9138230681419373 0.38798102736473083 -0.11999242007732391 -999.6058959960938 
0.0 0.0 0.0 1.0

-0.41860702633857727 0.900134801864624 -0.12052172422409058 219.54437255859375 
0.42901062965393066 0.3129653334617615 0.8473502993583679 196.79510498046875 
0.8004486560821533 0.30300167202949524 -0.5171768665313721 -1117.66357421875 
0.0 0.0 0.0 1.0

-0.37731534242630005 0.8963891863822937 0.23263604938983917 255.1312255859375 
0.4218241274356842 -0.05727855861186981 0.9048665761947632 161.37474060058594 
0.82443767786026 0.43955156207084656 -0.3565065264701843 -1009.2988891601562 
0.0 0.0 0.0 1.0

-0.1961340457201004 0.7965728640556335 0.571841835975647 302.4613037109375 
0.0692610815167427 -0.570458173751831 0.8184011578559875 -105.1097412109375 
0.9781280159950256 0.2001226842403412 0.05671478807926178 -1048.8604736328125 
0.0 0.0 0.0 1.0

0.16796573996543884 0.7140820622444153 0.6796133518218994 256.12615966796875 
-0.01992347650229931 -0.6868080496788025 0.7265657186508179 -71.05963897705078 
0.985591471195221 -0.13557840883731842 -0.10113323479890823 -1118.043701171875 
0.0 0.0 0.0 1.0

0.3926449120044708 0.6781578063964844 0.6212342381477356 204.08197021484375 
0.03868478536605835 -0.6870626211166382 0.7255676984786987 -44.81507110595703 
0.9188761711120605 -0.26085811853408813 -0.2960060238838196 -1174.956787109375 
0.0 0.0 0.0 1.0

0.3446703553199768 0.677250325679779 0.6500264406204224 249.5933837890625 
-0.07947850227355957 -0.6689175963401794 0.7390754222869873 -51.12726593017578 
0.93535315990448 -0.3064005374908447 -0.1767292022705078 -1212.7200927734375 
0.0 0.0 0.0 1.0

0.2596610188484192 0.7806616425514221 0.5684570670127869 152.62103271484375 
0.06215959042310715 -0.6009383201599121 0.7968747019767761 -3.894598960876465 
0.9636971354484558 -0.17158222198486328 -0.2045658826828003 -1156.86279296875 
0.0 0.0 0.0 1.0

0.0611993670463562 0.8399079442024231 0.539267361164093 189.13418579101562 
0.12206888198852539 -0.5425226092338562 0.8311247825622559 220.2425537109375 
0.9906330108642578 0.014963477849960327 -0.135728657245636 -1113.224609375 
0.0 0.0 0.0 1.0

0.2503355145454407 0.8712113499641418 0.42228299379348755 242.71243286132812 
0.2620314657688141 -0.4808608889579773 0.8367271423339844 210.44911193847656 
0.9320255517959595 -0.0988110825419426 -0.348661333322525 -1120.23388671875 
0.0 0.0 0.0 1.0

0.14365829527378082 0.9269241690635681 0.3466610908508301 196.94342041015625 
0.3451571762561798 -0.3752281069755554 0.8602734208106995 216.69581604003906 
0.9274852275848389 -0.003932863473892212 -0.3738391399383545 -1087.5426025390625 
0.0 0.0 0.0 1.0

-0.09961117058992386 0.9606503844261169 0.2592843770980835 198.3175506591797 
0.5238981246948242 -0.17090119421482086 0.8344600200653076 195.17758178710938 
0.8459363579750061 0.21896012127399445 -0.4862593114376068 -1069.3994140625 
0.0 0.0 0.0 1.0

-0.29908186197280884 0.937559962272644 0.177570641040802 234.04714965820312 
0.3808877766132355 -0.053325362503528595 0.9230822920799255 229.44879150390625 
0.8749139904975891 0.3437116742134094 -0.3411564826965332 -1010.7928466796875 
0.0 0.0 0.0 1.0

-0.11957594752311707 0.9322654008865356 0.3414422273635864 265.4635009765625 
0.2975374460220337 -0.2944531738758087 0.908167839050293 165.50448608398438 
0.9471921920776367 0.21018686890602112 -0.24217435717582703 -1037.681640625 
0.0 0.0 0.0 1.0

-0.06177280470728874 0.3693508803844452 0.9272346496582031 260.037353515625 
-0.09751851856708527 -0.9267973899841309 0.36267998814582825 -13.389982223510742 
0.993314802646637 -0.06801880896091461 0.09326943010091782 -1032.2454833984375 
0.0 0.0 0.0 1.0

0.2833656668663025 0.5322178602218628 0.7977769374847412 275.3021240234375 
-0.16464120149612427 -0.7925254106521606 0.5871939659118652 126.76786804199219 
0.9447736144065857 -0.29773756861686707 -0.13694949448108673 -1123.491943359375 
0.0 0.0 0.0 1.0

0.14096243679523468 0.7514726519584656 0.6445296406745911 257.0276184082031 
0.07667887210845947 -0.6573618054389954 0.749663770198822 123.70165252685547 
0.9870409965515137 -0.056252628564834595 -0.15028540790081024 -1049.929443359375 
0.0 0.0 0.0 1.0

0.35669708251953125 0.7456643581390381 0.5628071427345276 213.24237060546875 
0.17683842778205872 -0.645435631275177 0.743061900138855 100.98762512207031 
0.9173306226730347 -0.16552209854125977 -0.36208707094192505 -1101.601318359375 
0.0 0.0 0.0 1.0

0.29703763127326965 0.870993971824646 0.39132869243621826 213.31126403808594 
0.09750070422887802 -0.4353500008583069 0.8949659466743469 165.83612060546875 
0.9498748779296875 -0.22768372297286987 -0.21423786878585815 -1126.6680908203125 
0.0 0.0 0.0 1.0

0.26690152287483215 0.9259340167045593 0.267225980758667 211.813232421875 
-0.14218322932720184 -0.23641714453697205 0.9611924290657043 102.58702087402344 
0.9531775712966919 -0.29453879594802856 0.06855218857526779 -1081.2144775390625 
0.0 0.0 0.0 1.0

0.3286128044128418 0.8662468194961548 0.37633755803108215 207.39895629882812 
0.1926736980676651 -0.451572984457016 0.8711823225021362 121.97274780273438 
0.9246028661727905 -0.2137712687253952 -0.3152956962585449 -1133.004638671875 
0.0 0.0 0.0 1.0

0.36015787720680237 0.8561419248580933 0.3705500364303589 144.05931091308594 
0.2894454300403595 -0.48015546798706055 0.8280531764030457 126.75985717773438 
0.8868526220321655 -0.1909758448600769 -0.4207381308078766 -1134.44970703125 
0.0 0.0 0.0 1.0

0.2655922472476959 0.8697364330291748 0.4159558415412903 162.84854125976562 
0.20632199943065643 -0.47273170948028564 0.856712281703949 139.5218963623047 
0.9417493939399719 -0.14171527326107025 -0.3049996495246887 -1140.7972412109375 
0.0 0.0 0.0 1.0

0.18785452842712402 0.8385960459709167 0.5113387703895569 190.8346405029297 
-0.12264487147331238 -0.49650517106056213 0.8593258857727051 25.44328498840332 
0.974509596824646 -0.22414135932922363 0.00957876443862915 -1088.22265625 
0.0 0.0 0.0 1.0

0.15345171093940735 0.666246771812439 0.7297723293304443 206.38775634765625 
0.13522571325302124 -0.745729923248291 0.6523808836936951 -21.062332153320312 
0.9788597822189331 -0.0014249681262299418 -0.20452721416950226 -1085.302734375 
0.0 0.0 0.0 1.0

0.10060509294271469 0.518534779548645 0.8491173982620239 272.0507507324219 
0.15985921025276184 -0.8507835865020752 0.5006119012832642 -60.75507736206055 
0.9819998741149902 0.085375115275383 -0.16848573088645935 -1074.896240234375 
0.0 0.0 0.0 1.0

-0.005444314330816269 0.7236926555633545 0.6901009678840637 227.31790161132812 
0.22733832895755768 -0.6711449027061462 0.7056073546409607 50.29909133911133 
0.9738005995750427 0.16072794795036316 -0.16086915135383606 -1030.29150390625 
0.0 0.0 0.0 1.0

0.19248466193675995 0.8530188202857971 0.485086053609848 184.50286865234375 
0.1659536510705948 -0.5155066251754761 0.8406618237495422 101.50038146972656 
0.9671654105186462 -0.08131267875432968 -0.24078874289989471 -1168.3831787109375 
0.0 0.0 0.0 1.0

0.40875494480133057 0.7304176688194275 0.5471832156181335 190.93548583984375 
0.14144384860992432 -0.643014669418335 0.7526790499687195 53.65683364868164 
0.9016169309616089 -0.23026560246944427 -0.3661485016345978 -1234.5162353515625 
0.0 0.0 0.0 1.0

0.24875977635383606 0.6338512301445007 0.7323600053787231 241.87149047851562 
-0.04145404323935509 -0.7484683990478516 0.6618735790252686 -127.36404418945312 
0.9676777124404907 -0.1950068175792694 -0.15991312265396118 -1151.290771484375 
0.0 0.0 0.0 1.0

0.21575208008289337 0.7744566798210144 0.5946998000144958 207.38792419433594 
0.002119838958606124 -0.6094139814376831 0.7928493618965149 -108.03565979003906 
0.9764458537101746 -0.16979824006557465 -0.13312405347824097 -1180.3670654296875 
0.0 0.0 0.0 1.0

0.4172987937927246 0.6698777079582214 0.6141055226325989 166.01571655273438 
-0.148814857006073 -0.6162620186805725 0.7733532786369324 -73.2674789428711 
0.8965020179748535 -0.41410744190216064 -0.15747764706611633 -1238.9041748046875 
0.0 0.0 0.0 1.0

0.24517789483070374 0.2513228952884674 0.9363356828689575 147.16876220703125 
-0.599686861038208 -0.7195560932159424 0.3501638174057007 -164.06814575195312 
0.7617502212524414 -0.6473606824874878 -0.025704210624098778 -1261.0860595703125 
0.0 0.0 0.0 1.0

0.11924055218696594 0.2599097192287445 0.9582424759864807 119.05037689208984 
