DataSet_3
-140.625 74.00390625 -0.791015625 7.03125 -30.1628649507114 -26.54296875 -37.177734375
216.708 271.385 626.188 716.047
-0.2440755 -0.004209373 0.9697471 0 0.6138588 0.7734713 0.1578594 0 -0.750736 0.6338174 -0.1862014 0 216.7083 271.3851 626.1875 1
DataSet_4
-142.20703125 76.904296875 3.251953125 7.03125 -26.1296998145357 -24.78515625 -28.916015625
202.583 304.095 611.653 712.484
-0.08875927 -0.1165025 0.9892163 0 0.5605454 0.8150996 0.1462923 0 -0.8233533 0.5674855 -0.007042694 0 202.5835 304.095 611.6526 1
DataSet_5
-121.904296875 52.470703125 6.767578125 7.03125 -5.83244554169428 -22.587890625 -40.869140625
132.524 356.371 737.543 829.779
-0.2795941 -0.2224621 0.9339902 0 0.2610876 0.9185118 0.2969331 0 -0.9239374 0.326874 -0.1987284 0 132.5244 356.371 737.5429 1
DataSet_6
-127.96875 53.0859375 -2.724609375 7.03125 -5.53633355218976 -14.677734375 -45.17578125
42.435 330.124 703.597 778.352
-0.4127398 -0.1093559 0.9042606 0 0.1819688 0.9628537 0.1994995 0 -0.8924871 0.2468885 -0.3775087 0 42.43543 330.1242 703.597 1
DataSet_7
-115.927734375 37.265625 10.107421875 7.03125 -14.869942066974 -4.39453125 -31.552734375
88.345 387.064 662.386 772.256
-0.228133 0.07117894 0.9710246 0 0.2669807 0.9636694 -0.00791519 0 -0.9363101 0.2574391 -0.2388482 0 88.34472 387.0636 662.3864 1
DataSet_8
-120.9375 45.615234375 5.185546875 7.03125 -10.6436234123886 3.955078125 -36.474609375
51.713 371.410 603.608 710.607
-0.2365541 0.1643072 0.9576248 0 0.145678 0.9804544 -0.1322386 0 -0.9606352 0.1082233 -0.2558665 0 51.71298 371.4104 603.6077 1
DataSet_9
-111.005859375 26.279296875 6.064453125 7.03125 -14.6448007674708 -5.009765625 -41.044921875
61.041 369.374 696.240 790.515
-0.4768788 0.1022975 0.8729959 0 0.2646844 0.9638157 0.03164553 0 -0.8381699 0.2461595 -0.4866998 0 61.04084 369.3745 696.24 1
DataSet_10
-89.033203125 1.58203125 12.83203125 7.03125 -13.8806236711426 -9.755859375 -47.021484375
133.611 396.444 744.570 854.052
-0.6158502 0.06336798 0.7853108 0 0.2613342 0.9567587 0.127739 0 -0.7432584 0.2838966 -0.6057802 0 133.6113 396.4438 744.5699 1
DataSet_11
-89.208984375 2.021484375 -14.150390625 7.03125 -13.3963662364713 -6.328125 -53.61328125
129.267 281.528 722.254 785.887
-0.6857216 0.1229064 0.7174119 0 0.2457282 0.9668633 0.06923132 0 -0.6851303 0.2237617 -0.6932006 0 129.2673 281.5284 722.254 1
DataSet_12
-98.525390625 5.44921875 -20.21484375 7.03125 -5.12038315940109 -21.181640625 -26.630859375
-6.159 242.299 814.611 849.904
-0.4166553 -0.2817 0.8643168 0 0.107943 0.9287186 0.3547253 0 -0.9026332 0.2410951 -0.356548 0 -6.158912 242.2991 814.6105 1
DataSet_13
-101.07421875 7.91015625 -16.69921875 7.03125 19.6057761919176 -16.5234375 -131.66015625
-163.850 247.983 800.092 853.516
-0.8084535 -0.07259855 -0.5840654 0 -0.3017756 0.9031213 0.305456 0 0.5053062 0.4232036 -0.7520401 0 -163.8496 247.9831 800.092 1
DataSet_14
-102.83203125 8.96484375 -4.04296875 7.03125 15.4782653113896 -9.404296875 -122.255859375
-160.552 319.999 762.995 842.816
-0.8660592 -0.1416433 -0.4794566 0 -0.2538658 0.9507791 0.177683 0 0.4306898 0.2756016 -0.8593894 0 -160.5523 319.9987 762.9955 1
DataSet_15
-75.76171875 -34.27734375 -10.1953125 7.03125 -6.19603822506165 -8.61328125 -65.56640625
-50.707 304.380 733.842 796.079
-0.9804647 0.03667802 0.1932451 0 0.07026541 0.982946 0.1699409 0 -0.1837164 0.1801995 -0.9663211 0 -50.70728 304.3799 733.842 1
DataSet_16
-75.76171875 -34.62890625 0.17578125 7.03125 -10.0856124900725 -7.294921875 -51.240234375
-30.059 347.855 734.518 813.279
-0.9039822 0.05828815 0.4235785 0 0.1396627 0.9765779 0.163676 0 -0.404117 0.2071183 -0.8909497 0 -30.05941 347.8551 734.5179 1
DataSet_17
-75.76171875 -27.7734375 3.515625 7.03125 -4.94158936652175 -10.72265625 -77.51953125
-4.826 363.472 758.884 841.451
-0.9939726 0.04404628 0.1003912 0 0.0630167 0.9788873 0.1944445 0 -0.08970713 0.1995989 -0.9757627 0 -4.826397 363.472 758.884 1
DataSet_18
-75.76171875 -32.16796875 3.515625 7.03125 15.9183354857866 -7.646484375 -134.208984375
-164.754 354.308 709.773 810.219
-0.5712084 -0.1073726 -0.8137519 0 -0.292083 0.9531025 0.07926643 0 0.7670779 0.2829608 -0.5757818 0 -164.754 354.3081 709.7728 1
DataSet_19
-67.412109375 -33.486328125 -9.84375 7.03125 4.49481052015439 -13.88671875 -140.537109375
-3.745 300.527 761.830 818.972
-0.5961214 0.1349117 -0.7914784 0 -0.09209178 0.9677865 0.2343255 0 0.7975953 0.2125751 -0.564494 0 -3.745341 300.527 761.8303 1
DataSet_20
-63.720703125 -38.232421875 -20.478515625 7.03125 -15.2070990172744 -3.1640625 -56.77734375
129.325 253.569 685.930 742.646
-0.859118 0.1902516 0.4751006 0 0.2562075 0.963513 0.07746281 0 -0.4430282 0.1882741 -0.8765152 0 129.325 253.569 685.9304 1
DataSet_21
-62.75390625 -37.44140625 -21.97265625 7.03125 -14.5316187736361 -5.185546875 -30.234375
142.667 247.585 693.158 749.746
-0.5537422 0.05075597 0.8311399 0 0.2445178 0.9640475 0.1040362 0 -0.7959778 0.2608377 -0.5462444 0 142.6668 247.5848 693.1577 1
DataSet_22
-62.75390625 -36.9140625 -23.02734375 7.03125 -6.48840387342733 -34.62890625 -61.69921875
83.750 191.210 858.224 883.246
-0.9222634 -0.168191 0.3480546 0 0.06674358 0.8175792 0.5719349 0 -0.3807565 0.550705 -0.7427977 0 83.74986 191.2104 858.2238 1
DataSet_23
-63.017578125 -34.27734375 -23.02734375 7.03125 16.8950298801558 -22.8515625 -126.123046875
-19.008 214.013 795.031 823.551
-0.836914 -0.01569199 -0.5471095 0 -0.269594 0.8817404 0.3871085 0 0.476334 0.4714739 -0.7421713 0 -19.00789 214.0132 795.0305 1
DataSet_24
-63.369140625 -38.583984375 -22.939453125 7.03125 19.3006176444022 1.494140625 -148.447265625
-75.701 236.313 634.450 681.250
-0.4116468 -0.1939289 -0.8904709 0 -0.3269567 0.9434765 -0.05432706 0 0.850674 0.2687819 -0.4517854 0 -75.70052 236.313 634.4504 1
DataSet_25
-66.005859375 -26.806640625 8.701171875 7.03125 -19.878203170882 -3.955078125 -10.810546875
219.842 371.854 697.711 820.613
-0.1267961 6.171934E-05 0.9919288 0 0.343367 0.9381779 0.04383347 0 -0.930603 0.3461535 -0.1189785 0 219.8416 371.8538 697.7111 1
DataSet_26
-66.26953125 -26.806640625 14.58984375 7.03125 -21.91180047484 -12.12890625 -29.619140625
229.460 386.347 742.868 868.199
-0.466815 0.01497578 0.8842282 0 0.3784719 0.9070494 0.1844463 0 -0.7992764 0.4207579 -0.4290921 0 229.4603 386.3474 742.8682 1
DataSet_27
-66.884765625 -26.982421875 1.142578125 7.03125 -15.7950392527186 -20.830078125 -65.302734375
183.013 324.693 807.575 889.437
-0.8917169 0.1043315 0.4404042 0 0.2736454 0.8993486 0.3410136 0 -0.3604985 0.4246022 -0.8305142 0 183.0135 324.6934 807.5752 1
DataSet_28
-67.32421875 -25.576171875 -5.537109375 7.03125 -12.6709228320223 -33.22265625 -71.3671875
170.737 265.560 875.693 930.865
-0.9411514 0.03706395 0.3359469 0 0.2224883 0.8161744 0.5332525 0 -0.2544268 0.5766156 -0.77639 0 170.7366 265.5598 875.6926 1
DataSet_29
-103.271484375 26.279296875 -6.85546875 7.03125 -17.4172320990013 9.140625 -21.005859375
138.696 304.480 593.792 681.567
0.03620842 0.2487995 0.967878 0 0.2232009 0.942034 -0.2505062 0 -0.9740998 0.2251016 -0.02142271 0 138.6961 304.4801 593.7922 1
DataSet_30
-105.99609375 27.861328125 -12.919921875 7.03125 4.92772001305501 -6.064453125 -39.111328125
21.465 295.313 722.870 781.160
-0.3380797 -0.1358585 0.9312597 0 -0.04659982 0.9907282 0.1276168 0 -0.939963 -0.0002518752 -0.3412761 0 21.465 295.3132 722.87 1
DataSet_31
-110.7421875 28.212890625 -6.328125 7.03125 16.7381641354995 -9.66796875 -40.517578125
-97.564 307.512 765.781 830.965
-0.3790739 -0.3093659 0.8721214 0 -0.2328087 0.9440301 0.2336819 0 -0.8956021 -0.1144547 -0.4298802 0 -97.56358 307.5119 765.7813 1
DataSet_32
-105.908203125 23.818359375 -7.03125 7.03125 3.33511108287062 -11.513671875 -15.556640625
7.591 316.566 762.282 825.436
-0.0044887 -0.2075661 0.9782107 0 -0.003614261 0.9782175 0.2075509 0 -0.9999834 -0.002603875 -0.005141123 0 7.591495 316.5662 762.2816 1
DataSet_33
-104.853515625 24.873046875 -5.537109375 7.03125 -8.05753177255472 23.291015625 -9.931640625
32.348 298.707 539.516 617.535
0.1542162 0.4098062 0.8990418 0 0.007146686 0.9094407 -0.4157722 0 -0.9880113 0.07054399 0.1373218 0 32.34838 298.7067 539.5163 1
DataSet_34
-107.314453125 28.212890625 7.294921875 7.03125 -31.4031250676122 2.900390625 -45
196.355 335.205 607.851 721.388
-0.3390796 0.3989809 0.851962 0 0.4795389 0.852429 -0.2083438 0 -0.8093624 0.3379038 -0.4803682 0 196.3554 335.2054 607.851 1
DataSet_35
-88.41796875 -5.2734375 30.05859375 7.03125 -40.6314313276038 11.77734375 -58.18359375
218.592 391.265 587.060 738.587
-0.5437656 0.6350077 0.5487114 0 0.6245081 0.7429376 -0.2409009 0 -0.5606322 0.2116811 -0.8005514 0 218.592 391.2649 587.0602 1
DataSet_36
-96.85546875 -3.33984375 21.357421875 7.03125 32.2152496234881 -5.625 -108.28125
-281.204 391.742 707.915 856.552
-0.8012604 -0.480182 -0.3569413 0 -0.5351358 0.8419774 0.06858472 0 0.2676033 0.2459663 -0.9316056 0 -281.2036 391.7417 707.9149 1
DataSet_37
-79.013671875 -29.70703125 23.90625 7.03125 15.4064424743367 -12.83203125 -83.671875
-180.315 437.003 721.462 862.550
-0.9537243 -0.2876458 -0.08757825 0 -0.2986552 0.9399883 0.1650062 0 0.0348592 0.1835261 -0.9823965 0 -180.3151 437.0031 721.4616 1
DataSet_38
-70.13671875 -32.958984375 -7.646484375 7.03125 -15.9091720882227 6.50390625 -33.134765625
100.921 305.790 651.605 726.830
-0.5847754 0.2410516 0.7745526 0 0.2827916 0.9555081 -0.08386414 0 -0.7603069 0.1699953 -0.6269251 0 100.9206 305.7902 651.6048 1
DataSet_39
-66.4453125 -36.2109375 -8.7890625 7.03125 -48.2701272753711 3.251953125 -27.158203125
284.679 197.370 681.189 764.209
-0.3519428 0.3742395 0.8579517 0 0.7470619 0.6645477 0.01657791 0 -0.5639457 0.6467775 -0.5134628 0 284.6787 197.3698 681.1891 1
DataSet_40
-61.5234375 -41.30859375 -2.28515625 7.03125 -34.3137339968176 16.69921875 -31.201171875
238.038 271.040 585.981 688.112
-0.3706545 0.4950424 0.7858424 0 0.5662271 0.7911294 -0.2313034 0 -0.736208 0.3592316 -0.5735421 0 238.0379 271.0396 585.9813 1
DataSet_41
-61.259765625 -40.4296875 -12.48046875 11.77734375 -34.41904984902 9.580078125 -26.103515625
257.115 234.199 604.536 697.439
-0.2771283 0.3719885 0.8859032 0 0.5571025 0.8134211 -0.1672807 0 -0.7828389 0.4471807 -0.4326578 0 257.1145 234.1987 604.5362 1
DataSet_42
-73.564453125 -46.318359375 -0.087890625 11.77734375 -19.1334527424442 -23.818359375 -49.482421875
-72.076 306.780 817.904 876.514
-0.9490913 0.001300044 0.3149985 0 0.1595069 0.864293 0.4770275 0 -0.2716309 0.502987 -0.8205003 0 -72.07648 306.7801 817.9045 1
DataSet_43
-68.994140625 -39.638671875 -17.841796875 11.77734375 -11.7385023153247 -20.830078125 -66.62109375
29.149 247.401 795.199 833.306
-0.96505 0.04858891 0.2575218 0 0.1463424 0.9150924 0.3757524 0 -0.2173989 0.4003062 -0.8902206 0 29.14902 247.4008 795.199 1
DataSet_44
-75.5859375 -52.3828125 -11.25 11.77734375 -16.0475529118642 -21.62109375 -62.138671875
-165.181 267.967 772.480 834.156
-0.9968631 0.07890435 -0.006168058 0 0.06796857 0.8934152 0.4440603 0 0.04054893 0.4422481 -0.8959756 0 -165.1814 267.9668 772.4797 1
DataSet_45
-72.0703125 -40.95703125 -5.09765625 11.77734375 -14.8143324101872 -35.68359375 -67.587890625
-40.349 256.509 884.267 921.603
-0.9927503 0.02137131 0.11828 0 0.08989394 0.7852509 0.6126174 0 -0.07978706 0.6188087 -0.7814792 0 -40.3489 256.5094 884.2667 1
DataSet_46
-62.666015625 -41.923828125 1.0546875 11.77734375 -35.5311430244485 -32.51953125 -65.21484375
194.440 248.552 868.305 923.871
-0.8861048 0.3442114 0.3103818 0 0.4630581 0.6862026 0.560984 0 -0.01988774 0.6408154 -0.7674373 0 194.4398 248.5517 868.3049 1
DataSet_47
-60.908203125 -43.505859375 3.8671875 11.77734375 -32.5767835406746 -7.294921875 -55.634765625
225.761 314.192 718.805 816.312
-0.7591589 0.3840522 0.5255299 0 0.5276644 0.8358498 0.1514113 0 -0.3811142 0.3922486 -0.8371935 0 225.7612 314.1918 718.8046 1
DataSet_48
-65.126953125 -47.373046875 -0.3515625 11.77734375 -28.7344588232505 -6.328125 -42.71484375
119.442 308.178 727.693 799.235
-0.7585528 0.2551056 0.5995988 0 0.4489712 0.8715144 0.1971989 0 -0.4722525 0.4187884 -0.7756248 0 119.4423 308.1777 727.6927 1
DataSet_49
-59.23828125 -56.162109375 -0.791015625 11.77734375 -23.4248437363817 -7.03125 -29.970703125
87.572 320.150 712.739 786.233
-0.6889627 0.1012945 0.7176837 0 0.354624 0.9106817 0.2118978 0 -0.6321173 0.4004976 -0.6633472 0 87.57161 320.1497 712.7392 1
DataSet_50
-60.908203125 -55.37109375 -6.767578125 11.77734375 -25.6304957241633 -15.1171875 -41.66015625
69.961 279.409 763.825 816.328
-0.8424158 0.1118635 0.5270883 0 0.3389853 0.870402 0.3570566 0 -0.4188371 0.4794653 -0.7711605 0 69.96088 279.409 763.8246 1
DataSet_51
-59.94140625 -53.96484375 -22.67578125 11.77734375 -25.7546663687908 -15.46875 -41.66015625
103.379 210.579 749.274 785.139
-0.8212548 0.1093621 0.5599826 0 0.3533909 0.8680373 0.3487494 0 -0.4479458 0.4843048 -0.7515274 0 103.3788 210.5794 749.2745 1
DataSet_52
-72.24609375 -52.91015625 -10.546875 11.77734375 -4.88700133516998 -21.09375 -50.712890625
-181.885 283.888 751.605 823.762
-0.9601031 -0.1611232 0.2285637 0 -0.06985294 0.929601 0.3618874 0 -0.2707815 0.3314833 -0.9037678 0 -181.8848 283.8881 751.6046 1
DataSet_53
-72.24609375 -43.857421875 21.26953125 11.77734375 -6.84166266745536 -18.984375 -53.26171875
-78.271 425.816 765.385 879.352
-0.9333454 -0.09773748 0.3454181 0 0.02864808 0.9388738 0.3430675 0 -0.3578345 0.330096 -0.8734936 0 -78.27058 425.8157 765.3848 1
DataSet_54
-66.09375 -29.091796875 6.591796875 11.77734375 -30.8911173587482 7.3828125 -42.1875
264.431 331.614 615.952 747.856
-0.4395738 0.4264885 0.790495 0 0.4910351 0.8510303 -0.1860967 0 -0.7521033 0.3063576 -0.5835114 0 264.4311 331.6141 615.9516 1
DataSet_55
-56.6015625 -54.140625 -20.126953125 11.77734375 1.25990941615883 4.21875 -87.275390625
7.900 266.950 601.990 658.571
-0.9938922 -0.01846686 -0.1087991 0 -0.0101969 0.9970493 -0.07608295 0 0.1098831 -0.07450884 -0.9911479 0 7.899822 266.9496 601.9896 1
DataSet_56
-56.689453125 -48.515625 0 11.77734375 -7.09790609310971 3.603515625 -68.203125
93.048 351.979 634.968 731.937
-0.9390205 0.1378901 0.3150029 0 0.1268582 0.9903745 -0.05536601 0 -0.3196053 -0.01202913 -0.9474744 0 93.04822 351.9791 634.9682 1
DataSet_57
-57.12890625 -43.41796875 8.349609375 11.77734375 -2.30402860318608 13.359375 -96.85546875
95.186 382.387 576.636 698.420
-0.9954214 0.01235661 -0.09478137 0 0.03414341 0.9721534 -0.2318448 0 0.08927722 -0.2340194 -0.9681242 0 95.18633 382.3874 576.6364 1
DataSet_58
-60.029296875 -54.755859375 17.666015625 11.77734375 -6.30112990151842 5.625 -110.91796875
13.698 428.633 604.930 741.522
-0.8283922 0.06773657 -0.5560379 0 0.1284847 0.9891726 -0.07091707 0 0.5452138 -0.1301895 -0.828126 0 13.69805 428.6328 604.9304 1
DataSet_59
-49.921875 -53.0859375 14.677734375 11.77734375 -6.30112990151842 5.625 -110.91796875
130.457 415.911 597.842 739.876
-0.9244453 0.06773657 -0.37525 0 0.1113051 0.9891726 -0.09564902 0 0.3647081 -0.1301895 -0.9219754 0 130.4567 415.911 597.8423 1
DataSet_60
-46.845703125 -56.07421875 3.427734375 11.77734375 -10.9087150873462 10.458984375 -35.68359375
167.426 358.366 567.343 691.618
-0.5606835 0.2551729 0.7877315 0 0.1896833 0.9656153 -0.1777846 0 -0.8060113 0.04973866 -0.5898066 0 167.4258 358.3662 567.3427 1
DataSet_61
-48.779296875 -66.708984375 2.28515625 11.77734375 -5.7258844367839 4.306640625 -36.474609375
39.111 362.756 592.254 695.620
-0.7588495 0.1193931 0.6402286 0 0.1144517 0.9922011 -0.0493735 0 -0.6411304 0.03580819 -0.7665961 0 39.11116 362.756 592.2544 1
DataSet_62
-50.712890625 -49.482421875 9.66796875 11.77734375 -3.43667922376571 -4.921875 -18.10546875
130.985 396.109 671.615 790.649
-0.2888323 -0.06277344 0.9553195 0 0.0620703 0.9945209 0.08411574 0 -0.9553655 0.08359232 -0.2833534 0 130.9852 396.1091 671.6145 1
DataSet_63
-50.185546875 -49.482421875 -5.625 11.77734375 -1.38140684553889 -12.568359375 -34.27734375
125.630 321.886 720.017 798.635
-0.5373003 -0.1661813 0.8268568 0 0.03152353 0.9757534 0.2165907 0 -0.8428016 0.1424397 -0.519034 0 125.63 321.8864 720.0169 1
DataSet_64
-49.658203125 -46.23046875 -7.294921875 11.77734375 -14.3029142025193 -5.09765625 -1.93359375
236.163 310.770 665.350 771.389
0.04778622 -0.07771465 0.9958298 0 0.2538887 0.9651704 0.06313881 0 -0.9660523 0.2498127 0.06585272 0 236.1627 310.7695 665.3501 1
DataSet_65
-51.943359375 -53.525390625 -13.359375 11.77734375 7.67082159390379 -4.04296875 -22.412109375
16.010 292.654 657.284 719.671
-0.4277593 -0.1154877 0.8964846 0 -0.1374124 0.9885851 0.06178579 0 -0.8933867 -0.09675861 -0.4387459 0 16.00978 292.6544 657.2844 1
DataSet_66
-50.9765625 -52.294921875 -5.361328125 11.77734375 2.8940429455181 -17.578125 -34.013671875
63.735 314.640 748.311 814.266
-0.5664567 -0.2782578 0.7756928 0 -0.05598994 0.9520902 0.3006482 0 -0.8221872 0.1268732 -0.5548975 0 63.73473 314.64 748.3108 1
DataSet_67
-50.2734375 -48.251953125 -1.142578125 11.77734375 2.43900050840253 -19.86328125 -71.015625
115.543 328.888 766.691 842.219
-0.9211773 -0.1506738 0.3587894 0 -0.02068503 0.9396541 0.3415002 0 -0.3885931 0.3071606 -0.8687046 0 115.5434 328.8882 766.6909 1
DataSet_68
-55.283203125 -52.646484375 15.556640625 11.77734375 35.1599451115988 -17.9296875 -93.69140625
-170.256 344.566 725.365 820.894
-0.8159356 -0.5584623 -0.1495632 0 -0.5777316 0.7778435 0.2473574 0 -0.02180302 0.2882351 -0.9573115 0 -170.2562 344.566 725.3647 1
DataSet_69
-52.55859375 -57.48046875 15.64453125 11.77734375 50.8546550529996 7.3828125 -116.982421875
-234.783 290.996 541.446 658.001
-0.4473298 -0.7279308 -0.5196275 0 -0.7426711 0.6260562 -0.237683 0 0.4983328 0.2795897 -0.8206668 0 -234.7827 290.9961 541.4465 1
DataSet_70
-42.5390625 -70.3125 -5.185546875 11.77734375 42.0586142372181 7.119140625 -116.982421875
-185.406 238.879 508.430 591.557
-0.5258745 -0.638719 -0.5616886 0 -0.6285432 0.7367359 -0.2493061 0 0.5730528 0.2219418 -0.7888932 0 -185.4061 238.8791 508.4296 1
DataSet_71
-42.451171875 -70.13671875 -18.017578125 11.77734375 38.1027922113805 -0.52734375 -120.9375
-171.435 201.090 548.968 609.256
-0.5694181 -0.5255588 -0.6321004 0 -0.6078234 0.7868716 -0.1066945 0 0.5534561 0.3234517 -0.7675059 0 -171.4353 201.0897 548.968 1
DataSet_72
-41.220703125 -54.404296875 -15.732421875 11.77734375 0.922462271239122 -14.23828125 -103.359375
179.211 275.567 696.849 770.489
-0.9921229 0.0411589 -0.1183136 0 0.01084471 0.9691556 0.2462109 0 0.1247981 0.2429884 -0.9619678 0 179.211 275.567 696.8492 1
DataSet_73
-88.76953125 -13.447265625 -1.58203125 11.77734375 -16.9119692303541 -1.669921875 -47.021484375
40.393 332.873 711.542 786.593
-0.7109543 0.1938194 0.6760015 0 0.2905465 0.9563465 0.03137089 0 -0.6404114 0.2187131 -0.7362322 0 40.39333 332.8731 711.5419 1
DataSet_74
-88.76953125 -13.623046875 0.3515625 11.77734375 -8.90349650051664 17.05078125 -71.103515625
-10.552 337.243 596.631 685.429
-0.9232794 0.2402469 0.2997276 0 0.1511077 0.9445253 -0.2916134 0 -0.3531595 -0.2239495 -0.9083639 0 -10.55231 337.2428 596.6314 1
DataSet_75
-88.76953125 -19.423828125 -7.03125 11.77734375 -4.28649207402119 18.193359375 -48.69140625
-70.937 305.596 581.680 660.888
-0.7991419 0.2616724 0.5412022 0 0.1054524 0.9473509 -0.3023345 0 -0.591821 -0.184537 -0.7846617 0 -70.93678 305.5962 581.6799 1
DataSet_76
-80.419921875 -32.34375 -15.46875 11.77734375 -6.98671742091869 5.09765625 -38.671875
-54.802 283.621 645.672 707.345
-0.7487693 0.1448636 0.6468068 0 0.1358709 0.9886485 -0.06413542 0 -0.6487555 0.03985958 -0.7599523 0 -54.80209 283.6206 645.6722 1
DataSet_77
-80.419921875 -48.955078125 -14.853515625 11.77734375 -2.17479277265529 -0.087890625 -39.462890625
-205.276 290.031 616.747 711.782
-0.9205509 0.02293561 0.3899485 0 0.03291986 0.9992785 0.0189393 0 -0.3892328 0.03027164 -0.9206418 0 -205.2761 290.031 616.7472 1
DataSet_78
-80.33203125 -40.869140625 -20.654296875 11.77734375 -11.2289524147158 7.119140625 -21.005859375
-79.364 256.316 617.752 673.509
-0.6184021 0.1832857 0.7641892 0 0.2234454 0.973295 -0.05262037 0 -0.7534261 0.138214 -0.6428421 0 -79.36421 256.316 617.7518 1
DataSet_79
-76.46484375 -26.89453125 -1.93359375 11.77734375 -30.496568464963 1.23046875 -54.4921875
162.709 297.593 689.248 768.179
-0.7108592 0.4238597 0.5612684 0 0.5077692 0.8614609 -0.007458335 0 -0.486672 0.279693 -0.8276002 0 162.7087 297.5929 689.2484 1
DataSet_80
-76.46484375 -16.083984375 -1.40625 11.77734375 -35.2054719235964 -1.40625 -51.416015625
270.649 284.073 674.310 780.155
-0.5391694 0.4381493 0.7192507 0 0.5728127 0.8168437 -0.06820493 0 -0.6173994 0.3752219 -0.6913946 0 270.6487 284.0728 674.3101 1
DataSet_81
-76.46484375 -7.998046875 21.005859375 11.77734375 -37.994071208453 -1.494140625 -50.537109375
340.446 371.036 620.021 798.747
-0.4014977 0.4621898 0.7906834 0 0.5952458 0.7878065 -0.1582508 0 -0.6960474 0.4071137 -0.591419 0 340.4462 371.0361 620.0206 1
DataSet_82
-74.443359375 -25.13671875 23.02734375 11.77734375 -16.3784688847199 21.005859375 -100.72265625
112.365 417.675 543.064 694.260
-0.9674267 0.2130698 -0.1367 0 0.2493045 0.8956606 -0.3682926 0 0.04396474 -0.390376 -0.9196052 0 112.3647 417.675 543.0638 1
DataSet_83
-71.89453125 -32.87109375 6.6796875 11.77734375 -12.930485229743 16.259765625 -80.419921875
72.672 362.078 587.427 693.868
-0.9576591 0.2660644 0.1099943 0 0.2291229 0.9356587 -0.2684131 0 -0.1743323 -0.231846 -0.9570035 0 72.67214 362.078 587.4271 1
DataSet_84
-111.4453125 23.818359375 -4.833984375 11.77734375 -13.4957062599544 -2.98828125 -59.23828125
38.287 323.712 682.590 756.429
-0.6913869 0.1746099 0.7010674 0 0.2387282 0.9710652 -0.006424604 0 -0.681904 0.1629227 -0.713066 0 38.28679 323.7123 682.5904 1
DataSet_85
-110.302734375 34.8046875 4.5703125 11.77734375 -31.657986218978 5.9765625 -53.701171875
201.352 321.110 551.713 669.359
-0.3254235 0.4754634 0.8173336 0 0.4219453 0.8465696 -0.3244721 0 -0.8462043 0.2392792 -0.4761132 0 201.3516 321.1102 551.7131 1
DataSet_86
-120.05859375 49.39453125 -6.328125 11.77734375 -16.0010313899981 -1.7578125 -66.884765625
137.163 313.473 593.405 684.988
-0.5569845 0.2419485 0.7944993 0 0.2517406 0.9608044 -0.1161103 0 -0.7914512 0.1353361 -0.5960614 0 137.1631 313.4734 593.4046 1
DataSet_87
-132.36328125 58.53515625 -20.0390625 11.77734375 -20.7893612948843 -4.306640625 -13.7109375
100.376 244.286 562.868 621.748
0.2354278 0.01592313 0.9717614 0 0.3478457 0.9322519 -0.09954803 0 -0.9075115 0.3614594 0.2139393 0 100.3761 244.2865 562.8676 1
DataSet_88
-132.5390625 58.359375 -21.796875 11.77734375 -26.9618813374839 -13.88671875 -35.244140625
151.041 213.198 599.070 653.568
-0.1672926 0.0869325 0.9820672 0 0.5012509 0.8652573 0.008794266 0 -0.8489763 0.4937332 -0.1883261 0 151.0408 213.1979 599.0696 1
DataSet_89
-137.8125 56.953125 -8.4375 11.77734375 -20.4846002071378 -8.26171875 -33.486328125
43.543 292.202 612.390 679.926
-0.2272815 0.08081783 0.9704698 0 0.3748021 0.9270445 0.01057616 0 -0.898814 0.3661378 -0.2409908 0 43.54301 292.2021 612.3896 1
DataSet_90
-120.41015625 29.970703125 -16.171875 11.77734375 -3.4387529570548 -6.416015625 -23.203125
-75.675 281.794 694.875 753.648
-0.212087 -0.07889078 0.9740613 0 0.08041143 0.9919475 0.09784777 0 -0.9739369 0.09907791 -0.2040354 0 -75.67516 281.7941 694.8748 1
DataSet_91
-121.46484375 31.552734375 -3.779296875 11.77734375 0.700600366695039 -23.02734375 -26.54296875
-79.520 310.315 803.826 865.306
-0.2638185 -0.3553787 0.8967195 0 0.06941596 0.9202495 0.3851264 0 -0.9620713 0.1638501 -0.2181099 0 -79.52046 310.3147 803.8257 1
DataSet_92
-120.234375 31.904296875 -4.130859375 11.77734375 11.7655570783225 -27.158203125 -30.322265625
-112.076 291.277 841.455 897.469
-0.2239615 -0.4886739 0.8432313 0 -0.07030542 0.8710561 0.486126 0 -0.9720588 0.04958976 -0.2294394 0 -112.0765 291.2765 841.4552 1
DataSet_93
-124.62890625 45 -5.537109375 11.77734375 -3.46128445694231 -14.853515625 -12.83203125
17.425 318.389 722.945 790.142
0.1360015 -0.2360818 0.9621689 0 0.1506959 0.9648212 0.2154319 0 -0.9791805 0.1156958 0.1667937 0 17.42513 318.3889 722.9445 1
DataSet_94
-151.787109375 68.642578125 26.279296875 11.77734375 -13.3452996155243 -13.095703125 -42.626953125
-44.194 449.268 589.156 742.226
-0.4318916 -0.005893864 0.9019063 0 0.2854248 0.9476919 0.1428731 0 -0.8555713 0.3191321 -0.4076179 0 -44.19444 449.2675 589.1563 1
DataSet_95
-151.962890625 68.642578125 1.7578125 11.77734375 -10.0782181594563 -5.712890625 -31.9921875
-74.345 355.970 577.851 682.754
-0.241635 0.00958936 0.9703199 0 0.1966815 0.9796796 0.03929696 0 -0.9502257 0.2003395 -0.2386109 0 -74.34518 355.9695 577.8509 1
DataSet_96
-167.607421875 74.619140625 4.04296875 11.77734375 -3.55050112306866 -4.306640625 -52.55859375
-218.125 371.624 528.627 682.004
-0.6933096 0.003603604 0.7206309 0 0.07250249 0.9952624 0.06477676 0 -0.7169834 0.09715788 -0.6902863 0 -218.125 371.6245 528.6272 1
DataSet_97
-137.8125 51.240234375 12.216796875 11.77734375 -6.75986859141576 -5.888671875 -56.865234375
-84.217 404.816 637.539 759.884
-0.6662199 0.04287746 0.7445216 0 0.1398968 0.987808 0.06829529 0 -0.7325161 0.1496558 -0.6640958 0 -84.21687 404.8163 637.5387 1
DataSet_98
-157.763671875 74.70703125 1.318359375 11.77734375 -16.5057161893533 -9.31640625 -32.34375
-40.278 342.104 562.804 659.853
-0.2550319 0.02086453 0.9667075 0 0.3174889 0.9461443 0.0633376 0 -0.9133233 0.323072 -0.2479212 0 -40.27804 342.1037 562.8039 1
DataSet_99
-157.236328125 76.2890625 -0.87890625 11.77734375 -17.1813190359066 -8.4375 -16.083984375
-20.316 331.969 550.983 643.582
0.05167228 -0.0528569 0.9972643 0 0.325278 0.9450342 0.03323465 0 -0.9442056 0.3226708 0.06602526 0 -20.31609 331.969 550.983 1
DataSet_100
-137.021484375 55.546875 2.63671875 11.77734375 -14.2898437844042 0.3515625 -49.39453125
-10.116 356.082 582.216 682.548
-0.4632592 0.1912635 0.8653376 0 0.2293591 0.9690412 -0.09139728 0 -0.8560288 0.1561324 -0.4927853 0 -10.1163 356.0821 582.2158 1
DataSet_101
-142.294921875 64.072265625 -0.87890625 11.77734375 -4.48657980087153 11.953125 -45.52734375
-86.297 342.732 512.722 622.733
-0.3678255 0.2004717 0.9080284 0 -0.01261376 0.9753195 -0.2204377 0 -0.9298093 -0.09253626 -0.3562187 0 -86.29737 342.7324 512.722 1
DataSet_102
-139.306640625 60.556640625 -11.162109375 11.77734375 -3.7780353471665 -2.724609375 -52.91015625
-50.254 305.056 604.124 678.638
-0.4986374 0.02395619 0.8664796 0 0.07916697 0.9966988 0.01800216 0 -0.8631879 0.07757311 -0.4988878 0 -50.25366 305.056 604.1235 1
DataSet_103
-120.146484375 34.716796875 -11.865234375 11.77734375 -9.26722309196887 -1.23046875 -53.96484375
-7.399 298.455 652.707 717.745
-0.6022453 0.1177575 0.7895783 0 0.1605372 0.9867204 -0.02471053 0 -0.7820028 0.1118749 -0.6131522 0 -7.399067 298.4554 652.7075 1
DataSet_104
-124.62890625 54.228515625 8.525390625 11.77734375 -6.29522595258719 2.28515625 -91.0546875
57.933 390.631 589.465 709.520
-0.8581133 0.1089034 0.5017784 0 0.07278116 0.9931796 -0.09108835 0 -0.5082759 -0.04164412 -0.8601868 0 57.93289 390.631 589.4654 1
DataSet_105
-124.892578125 61.171875 -4.130859375 11.77734375 -4.92699335247416 5.712890625 -89.47265625
80.987 334.031 553.196 651.277
-0.7787517 0.08679546 0.6212988 0 0.005928462 0.9913565 -0.1310616 0 -0.6273043 -0.09838113 -0.7725351 0 80.98652 334.0313 553.1959 1
DataSet_106
-148.447265625 79.365234375 2.724609375 11.77734375 15.2460874918484 -9.052734375 -73.828125
-77.157 350.695 640.848 734.592
-0.6215364 -0.2948408 0.7257833 0 -0.1335508 0.9527876 0.2726902 0 -0.7719176 0.07255791 -0.6315684 0 -77.15688 350.6947 640.8478 1
DataSet_107
-153.720703125 71.71875 4.921875 11.77734375 21.085565342652 -16.083984375 -80.771484375
-220.007 340.416 688.407 798.868
-0.7994772 -0.3965609 0.4511936 0 -0.2315594 0.8965217 0.3776627 0 -0.5542711 0.1974546 -0.808576 0 -220.0069 340.4163 688.4067 1
DataSet_108
-160.048828125 68.37890625 6.943359375 11.77734375 5.39405962899773 -8.876953125 -71.630859375
-247.025 380.294 596.103 748.989
-0.8710368 -0.1376297 0.4715432 0 -0.06435663 0.9836468 0.1682179 0 -0.4869837 0.116177 -0.8656499 0 -247.0254 380.2936 596.1032 1
DataSet_109
-162.333984375 71.015625 -2.021484375 11.77734375 1.03020236855569 -0.615234375 -61.259765625
-230.290 346.362 533.249 676.280
-0.7747275 -0.0209268 0.6319488 0 -0.01573049 0.9997807 0.0138229 0 -0.6320995 0.0007681232 -0.7748868 0 -230.2901 346.3624 533.2487 1
DataSet_110
-160.48828125 66.884765625 0.615234375 11.77734375 0.915920725945122 -2.4609375 -35.419921875
-243.556 357.754 552.478 701.812
-0.4572932 -0.04425147 0.8882143 0 -0.009703347 0.9989501 0.04477268 0 -0.889263 0.01185559 -0.4572425 0 -243.5555 357.7542 552.4782 1
DataSet_111
-153.544921875 66.884765625 11.25 11.77734375 -5.03748890320988 -3.1640625 -20.21484375
-138.568 403.040 567.611 709.806
-0.09232883 -0.02125422 0.9955017 0 0.09903429 0.994619 0.03042041 0 -0.9907914 0.1013975 -0.0897271 0 -138.5683 403.0405 567.6108 1
DataSet_112
-128.935546875 42.5390625 4.833984375 11.77734375 -2.97609123362186 1.142578125 -32.6953125
-87.789 376.254 633.210 741.774
-0.2961176 0.04480363 0.9541001 0 0.04476087 0.9984527 -0.03299425 0 -0.9541021 0.03293617 -0.2976649 0 -87.78916 376.2544 633.2097 1
DataSet_113
-129.7265625 49.482421875 -14.150390625 11.77734375 -14.0691499629927 -3.8671875 -29.267578125
29.040 281.859 618.096 679.949
-0.1349722 0.06177577 0.9889218 0 0.2503659 0.9677944 -0.02628501 0 -0.9586967 0.2440445 -0.1460919 0 29.04026 281.8593 618.0959 1
DataSet_114
-133.06640625 61.083984375 -1.7578125 11.77734375 4.92145483378732 -0.966796875 -94.130859375
-31.148 346.248 626.018 716.070
-0.8982432 -0.08435617 0.4313273 0 -0.06605465 0.9961714 0.05726527 0 -0.4345066 0.02294697 -0.9003763 0 -31.14804 346.2479 626.0175 1
DataSet_115
-108.984375 28.564453125 -3.1640625 11.77734375 9.2675468314536 -1.58203125 -115.400390625
-30.050 336.608 709.774 786.121
-0.9882467 -0.1337893 -0.07395198 0 -0.1398737 0.9865709 0.08433992 0 0.06167509 0.09369259 -0.993689 0 -30.04999 336.6077 709.7739 1
DataSet_116
-115.48828125 30.322265625 1.0546875 11.77734375 25.1181723374082 -6.416015625 -101.953125
-176.016 324.451 757.109 842.297
-0.9170861 -0.3943273 0.05881489 0 -0.3722775 0.8997632 0.2276743 0 -0.1426977 0.1869015 -0.9719595 0 -176.016 324.4512 757.1088 1
DataSet_117
-124.365234375 31.552734375 6.064453125 11.77734375 29.4740576372202 -10.01953125 -86.484375
-298.224 331.519 747.870 870.719
-0.8437304 -0.5003915 0.1942353 0 -0.4514948 0.8573009 0.2473613 0 -0.2902956 0.12101 -0.949255 0 -298.2236 331.5191 747.8696 1
DataSet_118
-125.68359375 30.9375 12.216796875 11.77734375 1.26150064963656 -7.294921875 -51.064453125
-159.565 406.187 697.958 823.162
-0.6937671 -0.0969035 0.7136503 0 -0.006129836 0.9916653 0.1286949 0 -0.7201733 0.08490974 -0.6885788 0 -159.5651 406.1871 697.9585 1
DataSet_119
-133.41796875 44.296875 10.8984375 11.77734375 -9.66269415276943 12.392578125 -60.1171875
-99.899 390.218 543.148 676.209
-0.7098473 0.2509387 0.6581388 0 0.1129324 0.9628436 -0.245313 0 -0.6952432 -0.09980962 -0.711811 0 -99.89905 390.218 543.1476 1
DataSet_120
-140.80078125 55.986328125 -13.447265625 11.77734375 -7.9015916762777 4.833984375 -57.744140625
-91.300 291.706 557.294 635.614
-0.6401332 0.1608038 0.7512467 0 0.1064379 0.9869825 -0.1205678 0 -0.7608551 0.002781634 -0.6489158 0 -91.30025 291.7058 557.2941 1
DataSet_121
-157.587890625 77.607421875 -12.12890625 11.77734375 -0.343414093681651 -1.142578125 -59.58984375
-125.466 301.955 536.246 628.075
-0.6128893 -0.004924312 0.7901534 0 0.01296828 0.9997832 0.0162897 0 -0.7900624 0.02023071 -0.6126925 0 -125.4657 301.9546 536.2464 1
DataSet_122
-141.85546875 69.2578125 -7.119140625 11.77734375 -18.8681819528083 5.9765625 -54.931640625
42.701 302.996 488.946 576.800
-0.3807084 0.3212945 0.8670818 0 0.2300527 0.9411218 -0.2477209 0 -0.8956209 0.1051651 -0.4322076 0 42.70128 302.9957 488.9462 1
DataSet_123
-134.033203125 70.83984375 -2.197265625 11.77734375 -32.6330033502376 2.021484375 -61.435546875
193.336 289.373 443.139 563.461
-0.273044 0.4878214 0.8291425 0 0.3992721 0.8416178 -0.3636774 0 -0.8752307 0.2317535 -0.4245722 0 193.3364 289.3726 443.1393 1
DataSet_124
-119.70703125 33.22265625 5.361328125 11.77734375 -13.4927803653036 -1.669921875 -55.458984375
12.040 369.177 655.984 752.829
-0.6268566 0.1761257 0.7589667 0 0.2326515 0.9719864 -0.03340425 0 -0.7435886 0.155635 -0.650272 0 12.03976 369.1768 655.9841 1
DataSet_125
-127.96875 35.33203125 3.603515625 11.77734375 -10.5235605526599 0.3515625 -49.306640625
-85.579 365.380 638.966 741.016
-0.6316939 0.1424127 0.7620246 0 0.1793424 0.9831614 -0.03507124 0 -0.7541877 0.1145091 -0.6465977 0 -85.57932 365.3799 638.9661 1
DataSet_126
-133.857421875 38.759765625 6.328125 11.77734375 -13.4935711939798 2.109375 -38.14453125
-107.536 373.352 610.550 723.690
-0.498395 0.1722677 0.8496624 0 0.227314 0.9717372 -0.06368033 0 -0.8366187 0.1614022 -0.5234678 0 -107.5363 373.3518 610.5504 1
DataSet_127
-132.71484375 43.59375 -14.0625 11.77734375 -15.2052124732389 2.548828125 -34.892578125
-50.409 280.902 593.606 658.646
-0.3497322 0.185232 0.9183553 0 0.2459074 0.964038 -0.1007986 0 -0.9040005 0.1905779 -0.382705 0 -50.40901 280.9021 593.606 1
DataSet_128
-129.287109375 45.703125 -11.953125 11.77734375 -5.36687447122698 -22.67578125 -46.494140625
-11.620 273.884 756.681 804.806
-0.5112773 -0.1963972 0.8366742 0 0.202356 0.9186562 0.3392976 0 -0.8352531 0.3427812 -0.4299459 0 -11.62002 273.8841 756.6808 1
DataSet_129
-118.037109375 44.912109375 9.84375 11.77734375 -32.5625727930951 18.10546875 -2.197265625
143.509 328.126 459.952 582.938
0.5737321 0.2823587 0.7688336 0 0.2999158 0.8010736 -0.5180073 0 -0.7621562 0.5277827 0.3749178 0 143.5088 328.1259 459.9521 1
DataSet_130
-69.345703125 -41.30859375 -2.197265625 11.77734375 -22.2330412315034 -16.171875 -41.30859375
68.866 306.221 786.915 847.200
-0.7932586 0.05611082 0.606294 0 0.3160705 0.8890249 0.3312613 0 -0.5204231 0.4544075 -0.7229617 0 68.86642 306.2211 786.9147 1
DataSet_131
-47.4609375 -48.251953125 6.85546875 11.77734375 -8.92822789408115 -19.072265625 -66.26953125
218.694 362.140 746.731 858.242
-0.8794076 0.01216859 0.4759141 0 0.1803783 0.9336558 0.3094357 0 -0.4405746 0.3579647 -0.8232589 0 218.6935 362.14 746.731 1
DataSet_132
-53.876953125 -48.1640625 0.791015625 11.77734375 0.915733474609715 -0.52734375 -83.759765625
77.077 358.846 655.144 750.949
-0.9944216 -0.01688749 0.1041176 0 -0.01602339 0.9998299 0.009130113 0 -0.1042541 0.007410864 -0.9945231 0 77.07727 358.8461 655.1438 1
DataSet_133
-52.734375 -53.701171875 -1.23046875 11.77734375 1.84200803806834 12.65625 -85.4296875
48.024 341.131 563.878 660.784
-0.9998875 -0.01459187 -0.003467528 0 -0.01346541 0.975198 -0.2209245 0 0.006605228 -0.220853 -0.9752848 0 48.02421 341.1309 563.8782 1
DataSet_134
-45.439453125 -61.083984375 11.513671875 11.77734375 -1.26348316821749 9.84375 -91.318359375
90.716 400.781 556.318 691.624
-0.9942759 0.01811183 -0.1052967 0 0.03579647 0.9850381 -0.1685781 0 0.100668 -0.1713824 -0.9800479 0 90.71617 400.7814 556.3175 1
DataSet_135
-43.154296875 -69.697265625 -14.501953125 11.77734375 -3.43617467623943 4.482421875 -88.154296875
65.039 290.071 569.354 642.289
-0.9851261 0.06241816 -0.1600951 0 0.07365235 0.995149 -0.06522053 0 0.1552475 -0.07604183 -0.9849446 0 65.03852 290.0711 569.3538 1
DataSet_136
-66.357421875 -66.181640625 -10.634765625 11.77734375 -2.29482076207261 -8.26171875 -101.07421875
-193.645 304.554 631.508 727.361
-0.7444513 0.06687474 -0.6643192 0 -0.03944492 0.9888284 0.1437448 0 0.6665106 0.133215 -0.7334967 0 -193.6446 304.5545 631.5077 1
DataSet_137
-113.90625 13.974609375 1.318359375 11.77734375 -5.85228734169528 8.701171875 -62.75390625
-119.331 355.323 626.168 729.781
-0.8623221 0.1595486 0.4805672 0 0.0958659 0.9833388 -0.1544488 0 -0.4972025 -0.08711462 -0.8632501 0 -119.3313 355.3226 626.1677 1
DataSet_138
-115.576171875 19.072265625 -11.42578125 11.77734375 -9.39433878255098 6.328125 -52.20703125
-78.822 298.180 630.934 702.284
-0.7093739 0.1956275 0.67714 0 0.1514169 0.980577 -0.1246664 0 -0.6883761 0.01409531 -0.725217 0 -78.82234 298.1801 630.9342 1
DataSet_139
-119.35546875 32.51953125 -12.3046875 11.77734375 -13.8379954930761 2.98828125 -27.333984375
4.947 290.486 624.450 688.727
-0.1913417 0.1547915 0.9692409 0 0.2173354 0.9696556 -0.1119526 0 -0.9571592 0.1892292 -0.2191772 0 4.946517 290.4856 624.4501 1
DataSet_140
-112.587890625 20.0390625 -6.50390625 11.77734375 -30.8345840728194 -1.494140625 -31.552734375
91.364 276.290 664.507 725.433
-0.318127 0.2491356 0.9147276 0 0.5099366 0.8583587 -0.05643552 0 -0.7992246 0.4484995 -0.4001104 0 91.3637 276.2899 664.5067 1
DataSet_141
-114.2578125 30.498046875 -0.966796875 -0.439453125 -16.8183100370041 -6.064453125 -48.1640625
49.455 334.009 709.730 785.954
-0.6627855 0.1481207 0.7340134 0 0.2969229 0.9518701 0.07602651 0 -0.6874243 0.2683347 -0.6748661 0 49.45483 334.0089 709.73 1
DataSet_142
-114.521484375 29.1796875 -1.318359375 -0.439453125 21.3287750400104 -11.42578125 -99.228515625
-190.794 318.653 762.892 848.496
-0.9400483 -0.3294177 -0.08827926 0 -0.340972 0.9130481 0.2237882 0 0.006883408 0.2404725 -0.9706315 0 -190.7936 318.6534 762.8919 1
DataSet_143
-103.18359375 -1.494140625 7.470703125 -0.439453125 6.19671932097795 8.7890625 -107.490234375
-195.801 382.199 621.585 755.501
-0.8331376 -0.1486059 -0.5327269 0 -0.06313477 0.9824833 -0.1753298 0 0.5494503 -0.1124402 -0.827926 0 -195.8007 382.1995 621.5847 1
DataSet_144
-102.568359375 1.58203125 -5.625 -0.439453125 0.915880899519994 -2.197265625 -86.396484375
-150.797 330.197 704.178 792.235
-0.9905231 -0.01836229 -0.1361131 0 -0.02325128 0.9991371 0.03441614 0 0.1353637 0.03725478 -0.9900953 0 -150.7967 330.197 704.1781 1
DataSet_145
-102.041015625 2.197265625 -7.470703125 -0.439453125 1.60955939603445 11.07421875 -79.541015625
-128.671 315.620 624.260 711.247
-0.9999738 0.007233168 -0.0003636729 0 0.00716639 0.980992 -0.1939159 0 -0.001045866 -0.1939134 -0.9810181 0 -128.6711 315.6197 624.2596 1
DataSet_146
-74.00390625 -39.375 -2.900390625 -0.439453125 -14.1866285824169 4.658203125 -93.427734375
-19.807 330.571 668.604 746.124
-0.8623667 0.2399352 -0.4458193 0 0.2562634 0.9663002 0.02435159 0 0.4366381 -0.09324716 -0.8947917 0 -19.80693 330.5708 668.6039 1
DataSet_147
-65.56640625 -32.16796875 -2.4609375 -0.439453125 -27.9094801105217 2.109375 -87.451171875
209.411 302.944 691.188 783.178
-0.8794057 0.4690594 -0.08141764 0 0.4682402 0.8830894 0.03007117 0 0.08600422 -0.01167825 -0.9962263 0 209.411 302.9437 691.1875 1
DataSet_148
-73.828125 -36.03515625 -3.69140625 -0.439453125 -11.4732505287413 9.404296875 -85.869140625
1.331 327.264 639.588 718.454
-0.9392066 0.2099289 -0.2716999 0 0.2407419 0.9668462 -0.08515788 0 0.2448149 -0.1453904 -0.958607 0 1.330579 327.2639 639.5879 1
DataSet_149
-73.916015625 -40.166015625 -16.435546875 -0.439453125 -8.51083216473244 12.041015625 -85.693359375
-33.923 271.887 602.308 661.701
-0.9256179 0.1630716 -0.3415248 0 0.2182666 0.9672287 -0.1297241 0 0.3091783 -0.1946184 -0.9308773 0 -33.92297 271.8872 602.3084 1
DataSet_150
-61.962890625 -55.72265625 -12.83203125 -0.439453125 -9.27163089981465 3.8671875 -93.955078125
-27.720 293.546 625.681 691.675
-0.8365473 0.1561403 -0.525175 0 0.1735602 0.9846884 0.01629602 0 0.5196782 -0.0775171 -0.8508382 0 -27.72 293.5465 625.681 1
DataSet_151
-54.404296875 -47.373046875 -13.359375 -0.439453125 -12.124918473602 -2.548828125 -95.537109375
125.156 288.439 675.022 744.658
-0.9298132 0.213259 -0.2999467 0 0.1956735 0.9767247 0.08786736 0 0.3117039 0.02300862 -0.9499007 0 125.1559 288.4392 675.0217 1
DataSet_152
-59.0625 -49.74609375 -11.865234375 -0.439453125 9.8380920829432 -0.263671875 -96.240234375
-72.815 297.945 623.434 694.798
-0.8889531 -0.1693593 -0.4255346 0 -0.1628287 0.9852841 -0.05198169 0 0.4280761 0.02307994 -0.903448 0 -72.81475 297.9449 623.4344 1
DataSet_153
-64.423828125 -43.330078125 3.33984375 -0.439453125 20.0978650980876 -2.197265625 -99.140625
-149.755 348.311 635.364 739.888
