-0.2440755 -0.004209373 0.9697471 0 0.6138588 0.7734713 0.1578594 0 -0.750736 0.6338174 -0.1862014 0 216.7083 271.3851 626.1875 1
-0.08875927 -0.1165025 0.9892163 0 0.5605454 0.8150996 0.1462923 0 -0.8233533 0.5674855 -0.007042694 0 202.5835 304.095 611.6526 1
-0.2795941 -0.2224621 0.9339902 0 0.2610876 0.9185118 0.2969331 0 -0.9239374 0.326874 -0.1987284 0 132.5244 356.371 737.5429 1
-0.4127398 -0.1093559 0.9042606 0 0.1819688 0.9628537 0.1994995 0 -0.8924871 0.2468885 -0.3775087 0 42.43543 330.1242 703.597 1
-0.228133 0.07117894 0.9710246 0 0.2669807 0.9636694 -0.00791519 0 -0.9363101 0.2574391 -0.2388482 0 88.34472 387.0636 662.3864 1
-0.2365541 0.1643072 0.9576248 0 0.145678 0.9804544 -0.1322386 0 -0.9606352 0.1082233 -0.2558665 0 51.71298 371.4104 603.6077 1
-0.4768788 0.1022975 0.8729959 0 0.2646844 0.9638157 0.03164553 0 -0.8381699 0.2461595 -0.4866998 0 61.04084 369.3745 696.24 1
-0.6158502 0.06336798 0.7853108 0 0.2613342 0.9567587 0.127739 0 -0.7432584 0.2838966 -0.6057802 0 133.6113 396.4438 744.5699 1
-0.6857216 0.1229064 0.7174119 0 0.2457282 0.9668633 0.06923132 0 -0.6851303 0.2237617 -0.6932006 0 129.2673 281.5284 722.254 1
-0.4166553 -0.2817 0.8643168 0 0.107943 0.9287186 0.3547253 0 -0.9026332 0.2410951 -0.356548 0 -6.158912 242.2991 814.6105 1
-0.8084535 -0.07259855 -0.5840654 0 -0.3017756 0.9031213 0.305456 0 0.5053062 0.4232036 -0.7520401 0 -163.8496 247.9831 800.092 1
-0.8660592 -0.1416433 -0.4794566 0 -0.2538658 0.9507791 0.177683 0 0.4306898 0.2756016 -0.8593894 0 -160.5523 319.9987 762.9955 1
-0.9804647 0.03667802 0.1932451 0 0.07026541 0.982946 0.1699409 0 -0.1837164 0.1801995 -0.9663211 0 -50.70728 304.3799 733.842 1
-0.9039822 0.05828815 0.4235785 0 0.1396627 0.9765779 0.163676 0 -0.404117 0.2071183 -0.8909497 0 -30.05941 347.8551 734.5179 1
-0.9939726 0.04404628 0.1003912 0 0.0630167 0.9788873 0.1944445 0 -0.08970713 0.1995989 -0.9757627 0 -4.826397 363.472 758.884 1
-0.5712084 -0.1073726 -0.8137519 0 -0.292083 0.9531025 0.07926643 0 0.7670779 0.2829608 -0.5757818 0 -164.754 354.3081 709.7728 1
-0.5961214 0.1349117 -0.7914784 0 -0.09209178 0.9677865 0.2343255 0 0.7975953 0.2125751 -0.564494 0 -3.745341 300.527 761.8303 1
-0.859118 0.1902516 0.4751006 0 0.2562075 0.963513 0.07746281 0 -0.4430282 0.1882741 -0.8765152 0 129.325 253.569 685.9304 1
-0.5537422 0.05075597 0.8311399 0 0.2445178 0.9640475 0.1040362 0 -0.7959778 0.2608377 -0.5462444 0 142.6668 247.5848 693.1577 1
-0.9222634 -0.168191 0.3480546 0 0.06674358 0.8175792 0.5719349 0 -0.3807565 0.550705 -0.7427977 0 83.74986 191.2104 858.2238 1
-0.836914 -0.01569199 -0.5471095 0 -0.269594 0.8817404 0.3871085 0 0.476334 0.4714739 -0.7421713 0 -19.00789 214.0132 795.0305 1
-0.4116468 -0.1939289 -0.8904709 0 -0.3269567 0.9434765 -0.05432706 0 0.850674 0.2687819 -0.4517854 0 -75.70052 236.313 634.4504 1
-0.1267961 6.171934E-05 0.9919288 0 0.343367 0.9381779 0.04383347 0 -0.930603 0.3461535 -0.1189785 0 219.8416 371.8538 697.7111 1
-0.466815 0.01497578 0.8842282 0 0.3784719 0.9070494 0.1844463 0 -0.7992764 0.4207579 -0.4290921 0 229.4603 386.3474 742.8682 1
-0.8917169 0.1043315 0.4404042 0 0.2736454 0.8993486 0.3410136 0 -0.3604985 0.4246022 -0.8305142 0 183.0135 324.6934 807.5752 1
-0.9411514 0.03706395 0.3359469 0 0.2224883 0.8161744 0.5332525 0 -0.2544268 0.5766156 -0.77639 0 170.7366 265.5598 875.6926 1
0.03620842 0.2487995 0.967878 0 0.2232009 0.942034 -0.2505062 0 -0.9740998 0.2251016 -0.02142271 0 138.6961 304.4801 593.7922 1
-0.3380797 -0.1358585 0.9312597 0 -0.04659982 0.9907282 0.1276168 0 -0.939963 -0.0002518752 -0.3412761 0 21.465 295.3132 722.87 1
-0.3790739 -0.3093659 0.8721214 0 -0.2328087 0.9440301 0.2336819 0 -0.8956021 -0.1144547 -0.4298802 0 -97.56358 307.5119 765.7813 1
-0.0044887 -0.2075661 0.9782107 0 -0.003614261 0.9782175 0.2075509 0 -0.9999834 -0.002603875 -0.005141123 0 7.591495 316.5662 762.2816 1
0.1542162 0.4098062 0.8990418 0 0.007146686 0.9094407 -0.4157722 0 -0.9880113 0.07054399 0.1373218 0 32.34838 298.7067 539.5163 1
-0.3390796 0.3989809 0.851962 0 0.4795389 0.852429 -0.2083438 0 -0.8093624 0.3379038 -0.4803682 0 196.3554 335.2054 607.851 1
-0.5437656 0.6350077 0.5487114 0 0.6245081 0.7429376 -0.2409009 0 -0.5606322 0.2116811 -0.8005514 0 218.592 391.2649 587.0602 1
-0.8012604 -0.480182 -0.3569413 0 -0.5351358 0.8419774 0.06858472 0 0.2676033 0.2459663 -0.9316056 0 -281.2036 391.7417 707.9149 1
-0.9537243 -0.2876458 -0.08757825 0 -0.2986552 0.9399883 0.1650062 0 0.0348592 0.1835261 -0.9823965 0 -180.3151 437.0031 721.4616 1
-0.5847754 0.2410516 0.7745526 0 0.2827916 0.9555081 -0.08386414 0 -0.7603069 0.1699953 -0.6269251 0 100.9206 305.7902 651.6048 1
-0.3519428 0.3742395 0.8579517 0 0.7470619 0.6645477 0.01657791 0 -0.5639457 0.6467775 -0.5134628 0 284.6787 197.3698 681.1891 1
-0.3706545 0.4950424 0.7858424 0 0.5662271 0.7911294 -0.2313034 0 -0.736208 0.3592316 -0.5735421 0 238.0379 271.0396 585.9813 1
-0.2771283 0.3719885 0.8859032 0 0.5571025 0.8134211 -0.1672807 0 -0.7828389 0.4471807 -0.4326578 0 257.1145 234.1987 604.5362 1
-0.9490913 0.001300044 0.3149985 0 0.1595069 0.864293 0.4770275 0 -0.2716309 0.502987 -0.8205003 0 -72.07648 306.7801 817.9045 1
-0.96505 0.04858891 0.2575218 0 0.1463424 0.9150924 0.3757524 0 -0.2173989 0.4003062 -0.8902206 0 29.14902 247.4008 795.199 1
-0.9968631 0.07890435 -0.006168058 0 0.06796857 0.8934152 0.4440603 0 0.04054893 0.4422481 -0.8959756 0 -165.1814 267.9668 772.4797 1
-0.9927503 0.02137131 0.11828 0 0.08989394 0.7852509 0.6126174 0 -0.07978706 0.6188087 -0.7814792 0 -40.3489 256.5094 884.2667 1
-0.8861048 0.3442114 0.3103818 0 0.4630581 0.6862026 0.560984 0 -0.01988774 0.6408154 -0.7674373 0 194.4398 248.5517 868.3049 1
-0.7591589 0.3840522 0.5255299 0 0.5276644 0.8358498 0.1514113 0 -0.3811142 0.3922486 -0.8371935 0 225.7612 314.1918 718.8046 1
-0.7585528 0.2551056 0.5995988 0 0.4489712 0.8715144 0.1971989 0 -0.4722525 0.4187884 -0.7756248 0 119.4423 308.1777 727.6927 1
-0.6889627 0.1012945 0.7176837 0 0.354624 0.9106817 0.2118978 0 -0.6321173 0.4004976 -0.6633472 0 87.57161 320.1497 712.7392 1
-0.8424158 0.1118635 0.5270883 0 0.3389853 0.870402 0.3570566 0 -0.4188371 0.4794653 -0.7711605 0 69.96088 279.409 763.8246 1
-0.8212548 0.1093621 0.5599826 0 0.3533909 0.8680373 0.3487494 0 -0.4479458 0.4843048 -0.7515274 0 103.3788 210.5794 749.2745 1
-0.9601031 -0.1611232 0.2285637 0 -0.06985294 0.929601 0.3618874 0 -0.2707815 0.3314833 -0.9037678 0 -181.8848 283.8881 751.6046 1
-0.9333454 -0.09773748 0.3454181 0 0.02864808 0.9388738 0.3430675 0 -0.3578345 0.330096 -0.8734936 0 -78.27058 425.8157 765.3848 1
-0.4395738 0.4264885 0.790495 0 0.4910351 0.8510303 -0.1860967 0 -0.7521033 0.3063576 -0.5835114 0 264.4311 331.6141 615.9516 1
-0.9938922 -0.01846686 -0.1087991 0 -0.0101969 0.9970493 -0.07608295 0 0.1098831 -0.07450884 -0.9911479 0 7.899822 266.9496 601.9896 1
-0.9390205 0.1378901 0.3150029 0 0.1268582 0.9903745 -0.05536601 0 -0.3196053 -0.01202913 -0.9474744 0 93.04822 351.9791 634.9682 1
-0.9954214 0.01235661 -0.09478137 0 0.03414341 0.9721534 -0.2318448 0 0.08927722 -0.2340194 -0.9681242 0 95.18633 382.3874 576.6364 1
-0.8283922 0.06773657 -0.5560379 0 0.1284847 0.9891726 -0.07091707 0 0.5452138 -0.1301895 -0.828126 0 13.69805 428.6328 604.9304 1
-0.9244453 0.06773657 -0.37525 0 0.1113051 0.9891726 -0.09564902 0 0.3647081 -0.1301895 -0.9219754 0 130.4567 415.911 597.8423 1
-0.5606835 0.2551729 0.7877315 0 0.1896833 0.9656153 -0.1777846 0 -0.8060113 0.04973866 -0.5898066 0 167.4258 358.3662 567.3427 1
-0.7588495 0.1193931 0.6402286 0 0.1144517 0.9922011 -0.0493735 0 -0.6411304 0.03580819 -0.7665961 0 39.11116 362.756 592.2544 1
-0.2888323 -0.06277344 0.9553195 0 0.0620703 0.9945209 0.08411574 0 -0.9553655 0.08359232 -0.2833534 0 130.9852 396.1091 671.6145 1
-0.5373003 -0.1661813 0.8268568 0 0.03152353 0.9757534 0.2165907 0 -0.8428016 0.1424397 -0.519034 0 125.63 321.8864 720.0169 1
0.04778622 -0.07771465 0.9958298 0 0.2538887 0.9651704 0.06313881 0 -0.9660523 0.2498127 0.06585272 0 236.1627 310.7695 665.3501 1
-0.4277593 -0.1154877 0.8964846 0 -0.1374124 0.9885851 0.06178579 0 -0.8933867 -0.09675861 -0.4387459 0 16.00978 292.6544 657.2844 1
-0.5664567 -0.2782578 0.7756928 0 -0.05598994 0.9520902 0.3006482 0 -0.8221872 0.1268732 -0.5548975 0 63.73473 314.64 748.3108 1
-0.9211773 -0.1506738 0.3587894 0 -0.02068503 0.9396541 0.3415002 0 -0.3885931 0.3071606 -0.8687046 0 115.5434 328.8882 766.6909 1
-0.8159356 -0.5584623 -0.1495632 0 -0.5777316 0.7778435 0.2473574 0 -0.02180302 0.2882351 -0.9573115 0 -170.2562 344.566 725.3647 1
-0.4473298 -0.7279308 -0.5196275 0 -0.7426711 0.6260562 -0.237683 0 0.4983328 0.2795897 -0.8206668 0 -234.7827 290.9961 541.4465 1
-0.5258745 -0.638719 -0.5616886 0 -0.6285432 0.7367359 -0.2493061 0 0.5730528 0.2219418 -0.7888932 0 -185.4061 238.8791 508.4296 1
-0.5694181 -0.5255588 -0.6321004 0 -0.6078234 0.7868716 -0.1066945 0 0.5534561 0.3234517 -0.7675059 0 -171.4353 201.0897 548.968 1
-0.9921229 0.0411589 -0.1183136 0 0.01084471 0.9691556 0.2462109 0 0.1247981 0.2429884 -0.9619678 0 179.211 275.567 696.8492 1
-0.7109543 0.1938194 0.6760015 0 0.2905465 0.9563465 0.03137089 0 -0.6404114 0.2187131 -0.7362322 0 40.39333 332.8731 711.5419 1
-0.9232794 0.2402469 0.2997276 0 0.1511077 0.9445253 -0.2916134 0 -0.3531595 -0.2239495 -0.9083639 0 -10.55231 337.2428 596.6314 1
-0.7991419 0.2616724 0.5412022 0 0.1054524 0.9473509 -0.3023345 0 -0.591821 -0.184537 -0.7846617 0 -70.93678 305.5962 581.6799 1
-0.7487693 0.1448636 0.6468068 0 0.1358709 0.9886485 -0.06413542 0 -0.6487555 0.03985958 -0.7599523 0 -54.80209 283.6206 645.6722 1
-0.9205509 0.02293561 0.3899485 0 0.03291986 0.9992785 0.0189393 0 -0.3892328 0.03027164 -0.9206418 0 -205.2761 290.031 616.7472 1
-0.6184021 0.1832857 0.7641892 0 0.2234454 0.973295 -0.05262037 0 -0.7534261 0.138214 -0.6428421 0 -79.36421 256.316 617.7518 1
-0.7108592 0.4238597 0.5612684 0 0.5077692 0.8614609 -0.007458335 0 -0.486672 0.279693 -0.8276002 0 162.7087 297.5929 689.2484 1
-0.5391694 0.4381493 0.7192507 0 0.5728127 0.8168437 -0.06820493 0 -0.6173994 0.3752219 -0.6913946 0 270.6487 284.0728 674.3101 1
-0.4014977 0.4621898 0.7906834 0 0.5952458 0.7878065 -0.1582508 0 -0.6960474 0.4071137 -0.591419 0 340.4462 371.0361 620.0206 1
-0.9674267 0.2130698 -0.1367 0 0.2493045 0.8956606 -0.3682926 0 0.04396474 -0.390376 -0.9196052 0 112.3647 417.675 543.0638 1
-0.9576591 0.2660644 0.1099943 0 0.2291229 0.9356587 -0.2684131 0 -0.1743323 -0.231846 -0.9570035 0 72.67214 362.078 587.4271 1
-0.6913869 0.1746099 0.7010674 0 0.2387282 0.9710652 -0.006424604 0 -0.681904 0.1629227 -0.713066 0 38.28679 323.7123 682.5904 1
-0.3254235 0.4754634 0.8173336 0 0.4219453 0.8465696 -0.3244721 0 -0.8462043 0.2392792 -0.4761132 0 201.3516 321.1102 551.7131 1
-0.5569845 0.2419485 0.7944993 0 0.2517406 0.9608044 -0.1161103 0 -0.7914512 0.1353361 -0.5960614 0 137.1631 313.4734 593.4046 1
0.2354278 0.01592313 0.9717614 0 0.3478457 0.9322519 -0.09954803 0 -0.9075115 0.3614594 0.2139393 0 100.3761 244.2865 562.8676 1
-0.1672926 0.0869325 0.9820672 0 0.5012509 0.8652573 0.008794266 0 -0.8489763 0.4937332 -0.1883261 0 151.0408 213.1979 599.0696 1
-0.2272815 0.08081783 0.9704698 0 0.3748021 0.9270445 0.01057616 0 -0.898814 0.3661378 -0.2409908 0 43.54301 292.2021 612.3896 1
-0.212087 -0.07889078 0.9740613 0 0.08041143 0.9919475 0.09784777 0 -0.9739369 0.09907791 -0.2040354 0 -75.67516 281.7941 694.8748 1
-0.2638185 -0.3553787 0.8967195 0 0.06941596 0.9202495 0.3851264 0 -0.9620713 0.1638501 -0.2181099 0 -79.52046 310.3147 803.8257 1
-0.2239615 -0.4886739 0.8432313 0 -0.07030542 0.8710561 0.486126 0 -0.9720588 0.04958976 -0.2294394 0 -112.0765 291.2765 841.4552 1
0.1360015 -0.2360818 0.9621689 0 0.1506959 0.9648212 0.2154319 0 -0.9791805 0.1156958 0.1667937 0 17.42513 318.3889 722.9445 1
-0.4318916 -0.005893864 0.9019063 0 0.2854248 0.9476919 0.1428731 0 -0.8555713 0.3191321 -0.4076179 0 -44.19444 449.2675 589.1563 1
-0.241635 0.00958936 0.9703199 0 0.1966815 0.9796796 0.03929696 0 -0.9502257 0.2003395 -0.2386109 0 -74.34518 355.9695 577.8509 1
-0.6933096 0.003603604 0.7206309 0 0.07250249 0.9952624 0.06477676 0 -0.7169834 0.09715788 -0.6902863 0 -218.125 371.6245 528.6272 1
-0.6662199 0.04287746 0.7445216 0 0.1398968 0.987808 0.06829529 0 -0.7325161 0.1496558 -0.6640958 0 -84.21687 404.8163 637.5387 1
-0.2550319 0.02086453 0.9667075 0 0.3174889 0.9461443 0.0633376 0 -0.9133233 0.323072 -0.2479212 0 -40.27804 342.1037 562.8039 1
0.05167228 -0.0528569 0.9972643 0 0.325278 0.9450342 0.03323465 0 -0.9442056 0.3226708 0.06602526 0 -20.31609 331.969 550.983 1
-0.4632592 0.1912635 0.8653376 0 0.2293591 0.9690412 -0.09139728 0 -0.8560288 0.1561324 -0.4927853 0 -10.1163 356.0821 582.2158 1
-0.3678255 0.2004717 0.9080284 0 -0.01261376 0.9753195 -0.2204377 0 -0.9298093 -0.09253626 -0.3562187 0 -86.29737 342.7324 512.722 1
-0.4986374 0.02395619 0.8664796 0 0.07916697 0.9966988 0.01800216 0 -0.8631879 0.07757311 -0.4988878 0 -50.25366 305.056 604.1235 1
-0.6022453 0.1177575 0.7895783 0 0.1605372 0.9867204 -0.02471053 0 -0.7820028 0.1118749 -0.6131522 0 -7.399067 298.4554 652.7075 1
-0.8581133 0.1089034 0.5017784 0 0.07278116 0.9931796 -0.09108835 0 -0.5082759 -0.04164412 -0.8601868 0 57.93289 390.631 589.4654 1
-0.7787517 0.08679546 0.6212988 0 0.005928462 0.9913565 -0.1310616 0 -0.6273043 -0.09838113 -0.7725351 0 80.98652 334.0313 553.1959 1
-0.6215364 -0.2948408 0.7257833 0 -0.1335508 0.9527876 0.2726902 0 -0.7719176 0.07255791 -0.6315684 0 -77.15688 350.6947 640.8478 1
-0.7994772 -0.3965609 0.4511936 0 -0.2315594 0.8965217 0.3776627 0 -0.5542711 0.1974546 -0.808576 0 -220.0069 340.4163 688.4067 1
-0.8710368 -0.1376297 0.4715432 0 -0.06435663 0.9836468 0.1682179 0 -0.4869837 0.116177 -0.8656499 0 -247.0254 380.2936 596.1032 1
-0.7747275 -0.0209268 0.6319488 0 -0.01573049 0.9997807 0.0138229 0 -0.6320995 0.0007681232 -0.7748868 0 -230.2901 346.3624 533.2487 1
-0.4572932 -0.04425147 0.8882143 0 -0.009703347 0.9989501 0.04477268 0 -0.889263 0.01185559 -0.4572425 0 -243.5555 357.7542 552.4782 1
-0.09232883 -0.02125422 0.9955017 0 0.09903429 0.994619 0.03042041 0 -0.9907914 0.1013975 -0.0897271 0 -138.5683 403.0405 567.6108 1
-0.2961176 0.04480363 0.9541001 0 0.04476087 0.9984527 -0.03299425 0 -0.9541021 0.03293617 -0.2976649 0 -87.78916 376.2544 633.2097 1
-0.1349722 0.06177577 0.9889218 0 0.2503659 0.9677944 -0.02628501 0 -0.9586967 0.2440445 -0.1460919 0 29.04026 281.8593 618.0959 1
-0.8982432 -0.08435617 0.4313273 0 -0.06605465 0.9961714 0.05726527 0 -0.4345066 0.02294697 -0.9003763 0 -31.14804 346.2479 626.0175 1
-0.9882467 -0.1337893 -0.07395198 0 -0.1398737 0.9865709 0.08433992 0 0.06167509 0.09369259 -0.993689 0 -30.04999 336.6077 709.7739 1
-0.9170861 -0.3943273 0.05881489 0 -0.3722775 0.8997632 0.2276743 0 -0.1426977 0.1869015 -0.9719595 0 -176.016 324.4512 757.1088 1
-0.8437304 -0.5003915 0.1942353 0 -0.4514948 0.8573009 0.2473613 0 -0.2902956 0.12101 -0.949255 0 -298.2236 331.5191 747.8696 1
-0.6937671 -0.0969035 0.7136503 0 -0.006129836 0.9916653 0.1286949 0 -0.7201733 0.08490974 -0.6885788 0 -159.5651 406.1871 697.9585 1
-0.7098473 0.2509387 0.6581388 0 0.1129324 0.9628436 -0.245313 0 -0.6952432 -0.09980962 -0.711811 0 -99.89905 390.218 543.1476 1
-0.6401332 0.1608038 0.7512467 0 0.1064379 0.9869825 -0.1205678 0 -0.7608551 0.002781634 -0.6489158 0 -91.30025 291.7058 557.2941 1
-0.6128893 -0.004924312 0.7901534 0 0.01296828 0.9997832 0.0162897 0 -0.7900624 0.02023071 -0.6126925 0 -125.4657 301.9546 536.2464 1
-0.3807084 0.3212945 0.8670818 0 0.2300527 0.9411218 -0.2477209 0 -0.8956209 0.1051651 -0.4322076 0 42.70128 302.9957 488.9462 1
-0.273044 0.4878214 0.8291425 0 0.3992721 0.8416178 -0.3636774 0 -0.8752307 0.2317535 -0.4245722 0 193.3364 289.3726 443.1393 1
-0.6268566 0.1761257 0.7589667 0 0.2326515 0.9719864 -0.03340425 0 -0.7435886 0.155635 -0.650272 0 12.03976 369.1768 655.9841 1
-0.6316939 0.1424127 0.7620246 0 0.1793424 0.9831614 -0.03507124 0 -0.7541877 0.1145091 -0.6465977 0 -85.57932 365.3799 638.9661 1
-0.498395 0.1722677 0.8496624 0 0.227314 0.9717372 -0.06368033 0 -0.8366187 0.1614022 -0.5234678 0 -107.5363 373.3518 610.5504 1
-0.3497322 0.185232 0.9183553 0 0.2459074 0.964038 -0.1007986 0 -0.9040005 0.1905779 -0.382705 0 -50.40901 280.9021 593.606 1
-0.5112773 -0.1963972 0.8366742 0 0.202356 0.9186562 0.3392976 0 -0.8352531 0.3427812 -0.4299459 0 -11.62002 273.8841 756.6808 1
0.5737321 0.2823587 0.7688336 0 0.2999158 0.8010736 -0.5180073 0 -0.7621562 0.5277827 0.3749178 0 143.5088 328.1259 459.9521 1
-0.7932586 0.05611082 0.606294 0 0.3160705 0.8890249 0.3312613 0 -0.5204231 0.4544075 -0.7229617 0 68.86642 306.2211 786.9147 1
-0.8794076 0.01216859 0.4759141 0 0.1803783 0.9336558 0.3094357 0 -0.4405746 0.3579647 -0.8232589 0 218.6935 362.14 746.731 1
-0.9944216 -0.01688749 0.1041176 0 -0.01602339 0.9998299 0.009130113 0 -0.1042541 0.007410864 -0.9945231 0 77.07727 358.8461 655.1438 1
-0.9998875 -0.01459187 -0.003467528 0 -0.01346541 0.975198 -0.2209245 0 0.006605228 -0.220853 -0.9752848 0 48.02421 341.1309 563.8782 1
-0.9942759 0.01811183 -0.1052967 0 0.03579647 0.9850381 -0.1685781 0 0.100668 -0.1713824 -0.9800479 0 90.71617 400.7814 556.3175 1
-0.9851261 0.06241816 -0.1600951 0 0.07365235 0.995149 -0.06522053 0 0.1552475 -0.07604183 -0.9849446 0 65.03852 290.0711 569.3538 1
-0.7444513 0.06687474 -0.6643192 0 -0.03944492 0.9888284 0.1437448 0 0.6665106 0.133215 -0.7334967 0 -193.6446 304.5545 631.5077 1
-0.8623221 0.1595486 0.4805672 0 0.0958659 0.9833388 -0.1544488 0 -0.4972025 -0.08711462 -0.8632501 0 -119.3313 355.3226 626.1677 1
-0.7093739 0.1956275 0.67714 0 0.1514169 0.980577 -0.1246664 0 -0.6883761 0.01409531 -0.725217 0 -78.82234 298.1801 630.9342 1
-0.1913417 0.1547915 0.9692409 0 0.2173354 0.9696556 -0.1119526 0 -0.9571592 0.1892292 -0.2191772 0 4.946517 290.4856 624.4501 1
-0.318127 0.2491356 0.9147276 0 0.5099366 0.8583587 -0.05643552 0 -0.7992246 0.4484995 -0.4001104 0 91.3637 276.2899 664.5067 1
-0.6627855 0.1481207 0.7340134 0 0.2969229 0.9518701 0.07602651 0 -0.6874243 0.2683347 -0.6748661 0 49.45483 334.0089 709.73 1
-0.9400483 -0.3294177 -0.08827926 0 -0.340972 0.9130481 0.2237882 0 0.006883408 0.2404725 -0.9706315 0 -190.7936 318.6534 762.8919 1
-0.8331376 -0.1486059 -0.5327269 0 -0.06313477 0.9824833 -0.1753298 0 0.5494503 -0.1124402 -0.827926 0 -195.8007 382.1995 621.5847 1
-0.9905231 -0.01836229 -0.1361131 0 -0.02325128 0.9991371 0.03441614 0 0.1353637 0.03725478 -0.9900953 0 -150.7967 330.197 704.1781 1
-0.9999738 0.007233168 -0.0003636729 0 0.00716639 0.980992 -0.1939159 0 -0.001045866 -0.1939134 -0.9810181 0 -128.6711 315.6197 624.2596 1
-0.8623667 0.2399352 -0.4458193 0 0.2562634 0.9663002 0.02435159 0 0.4366381 -0.09324716 -0.8947917 0 -19.80693 330.5708 668.6039 1
-0.8794057 0.4690594 -0.08141764 0 0.4682402 0.8830894 0.03007117 0 0.08600422 -0.01167825 -0.9962263 0 209.411 302.9437 691.1875 1
-0.9392066 0.2099289 -0.2716999 0 0.2407419 0.9668462 -0.08515788 0 0.2448149 -0.1453904 -0.958607 0 1.330579 327.2639 639.5879 1
-0.9256179 0.1630716 -0.3415248 0 0.2182666 0.9672287 -0.1297241 0 0.3091783 -0.1946184 -0.9308773 0 -33.92297 271.8872 602.3084 1
-0.8365473 0.1561403 -0.525175 0 0.1735602 0.9846884 0.01629602 0 0.5196782 -0.0775171 -0.8508382 0 -27.72 293.5465 625.681 1
-0.9298132 0.213259 -0.2999467 0 0.1956735 0.9767247 0.08786736 0 0.3117039 0.02300862 -0.9499007 0 125.1559 288.4392 675.0217 1
-0.8889531 -0.1693593 -0.4255346 0 -0.1628287 0.9852841 -0.05198169 0 0.4280761 0.02307994 -0.903448 0 -72.81475 297.9449 623.4344 1
-0.8332555 -0.3335414 -0.4409483 0 -0.338177 0.9384166 -0.07078587 0 0.4374032 0.09013586 -0.8947368 0 -149.7545 348.3109 635.364 1
-0.8928228 -0.1568567 -0.4222125 0 -0.2130891 0.9729579 0.08913971 0 0.3968129 0.1695549 -0.9021035 0 -150.6303 289.7574 682.9497 1
-0.7795449 0.09600653 -0.6189446 0 0.07866932 0.9953651 0.05531235 0 0.6213863 -0.005573494 -0.7834846 0 -20.64863 327.6934 600.2397 1
-0.7550942 0.006241081 -0.6555866 0 0.1586092 0.9719903 -0.1734303 0 0.6361414 -0.2349383 -0.7349341 0 17.32763 363.3535 522.0407 1
-0.9790391 -0.1021517 -0.1762031 0 -0.08746161 0.9921634 -0.08923109 0 0.1839374 -0.07194971 -0.9803011 0 86.31908 360.7957 608.4506 1
-0.9868027 0.05846786 -0.1510033 0 0.06271925 0.9977535 -0.02354257 0 0.1492876 -0.03270268 -0.9882529 0 158.3953 347.5891 582.2983 1
-0.8903615 0.06276467 -0.4509068 0 0.1611892 0.9697524 -0.1832983 0 0.4257633 -0.235883 -0.8735473 0 168.6271 340.7538 510.2872 1
-0.5717154 -0.2524404 -0.7806506 0 -0.03226542 0.9576702 -0.2860538 0 0.8198173 -0.1383533 -0.5556599 0 138.0515 331.007 455.2928 1
0.3387093 -0.3397275 -0.8774174 0 0.0626576 0.9386129 -0.3392341 0 0.9388024 0.05992488 0.3392034 0 -99.85712 296.6989 389.5898 1
-0.6863289 0.09991458 0.7203955 0 0.2772034 0.9516867 0.1321015 0 -0.6723919 0.2903611 -0.6808668 0 58.46837 291.3543 747.9865 1
-0.640556 0.300272 0.7067707 0 0.4724914 0.8796481 0.05450642 0 -0.6053428 0.3688575 -0.7053398 0 163.2157 287.3429 724.6945 1
-0.3714767 0.06367607 0.9262561 0 0.1540412 0.9880453 -0.006145282 0 -0.9155743 0.1403988 -0.3768446 0 209.6672 345.6969 595.0643 1
-0.802416 0.009967919 0.5966818 0 -0.01516843 0.9991968 -0.03709063 0 -0.5965722 -0.03881284 -0.8016203 0 46.26484 303.6523 657.7548 1
-0.4499574 0.08902602 0.8886015 0 -0.08951032 0.9855123 -0.1440601 0 -0.8885529 -0.1443599 -0.4354698 0 -13.80078 340.1234 553.7824 1
-0.3367305 0.1118106 0.934939 0 0.01520277 0.9934409 -0.1133314 0 -0.9414783 -0.02394848 -0.3362217 0 -78.19143 337.4934 551.0162 1
-0.5323268 -0.06609438 0.8439548 0 0.1024266 0.9845942 0.1417144 0 -0.8403196 0.1618818 -0.517356 0 -112.3963 307.6526 648.1393 1
-0.3054675 0.001971027 0.9522005 0 0.1327953 0.9903136 0.04055106 0 -0.9428971 0.1388348 -0.3027704 0 -132.0038 366.755 513.4338 1
-0.9475901 0.008465986 0.3193766 0 -0.00394361 0.9992628 -0.038189 0 -0.3194644 -0.03744701 -0.946858 0 -180.3303 367.6012 470.9413 1
-0.9653208 0.05144474 0.2559479 0 0.05879915 0.9980456 0.02115997 0 -0.2543591 0.03547568 -0.966459 0 -15.60325 370.6697 513.2185 1
-0.976585 -0.0153545 0.2145834 0 -0.01756395 0.9998105 -0.008393469 0 -0.2144138 -0.01196587 -0.9766696 0 44.58785 352.9949 604.5276 1
-0.9812453 -0.03015697 0.1903894 0 -0.02740449 0.9994786 0.01707408 0 -0.190805 0.01153633 -0.9815602 0 69.21933 343.9191 651.1642 1
-0.9894013 -0.03247607 0.1415284 0 0.02422658 0.9240879 0.3814114 0 -0.1431714 0.3807977 -0.913507 0 52.5767 296.1688 783.0617 1
-0.9575087 -0.08656009 0.2751082 0 0.01282003 0.9401795 0.3404381 0 -0.2881194 0.3294994 -0.8991203 0 -104.8469 313.1238 766.6855 1
-0.9704197 -0.08783416 0.2248794 0 -0.002691029 0.935348 0.3537188 0 -0.2414091 0.3426505 -0.9079164 0 -113.7017 296.6955 817.3666 1
-0.968211 0.02096478 -0.2492549 0 -0.01936388 0.987209 0.1582514 0 0.2493843 0.1580473 -0.9554206 0 -141.7788 326.3455 745.1615 1
-0.8891858 0.05175625 -0.4546097 0 0.04806904 0.9986503 0.01967421 0 0.4550143 -0.004358622 -0.8904734 0 -72.65298 331.1875 676.6354 1
-0.8348811 0.3214301 -0.4468291 0 0.2594856 0.9457527 0.195497 0 0.4854284 0.04727105 -0.8729975 0 -6.500763 339.2375 713.7155 1
-0.8328443 0.3007298 -0.4646848 0 0.3496929 0.9366382 -0.02058312 0 0.4290516 -0.1796395 -0.8852369 0 17.45525 327.0373 632.8966 1
-0.8347128 0.5337259 -0.1356141 0 0.5263886 0.8456545 0.08822416 0 0.1617702 0.002256126 -0.9868259 0 214.4749 297.039 688.8048 1
-0.9193739 0.3794282 -0.1038551 0 0.358847 0.9170742 0.1737924 0 0.1611846 0.1225121 -0.9792907 0 -60.66198 289.4296 724.2838 1
-0.8736289 0.2459851 -0.419838 0 0.1700799 0.9627572 0.2101698 0 0.4559007 0.1122044 -0.8829296 0 -138.1031 284.613 690.7277 1
-0.8434675 0.2123509 -0.4934264 0 0.2203475 0.9744857 0.04271541 0 0.4899076 -0.07269623 -0.8687381 0 -107.7185 247.3336 619.9746 1
-0.9666408 0.209606 -0.1472106 0 0.2278598 0.9662125 -0.1204712 0 0.1169853 -0.1499958 -0.9817412 0 -17.48551 276.7741 642.0372 1
-0.8065981 -0.2274052 -0.5456064 0 -0.1844279 0.9737763 -0.1332144 0 0.5615922 -0.006825485 -0.827386 0 -303.8687 295.7631 574.6838 1
-0.8225243 -0.3407824 -0.4553253 0 -0.3328297 0.9376157 -0.1005049 0 0.4611705 0.06887805 -0.8846342 0 -239.4522 276.437 622.7491 1
-0.9807912 -0.1663762 0.1018216 0 -0.1616641 0.9854238 0.0529593 0 -0.1091486 0.03548112 -0.993392 0 -26.42372 302.1962 712.2076 1
-0.963363 0.2043825 0.1736652 0 0.164942 0.9620748 -0.2172699 0 -0.2114851 -0.180665 -0.9605385 0 48.48406 362.9374 620.0523 1
-0.8206747 0.056954 -0.5685502 0 0.02176352 0.9974137 0.06850041 0 0.5709811 0.0438429 -0.8197917 0 6.260992 368.1114 683.5468 1
-0.6912564 0.1257421 -0.7115852 0 0.1375098 0.9896392 0.04129481 0 0.7094051 -0.06930465 -0.7013852 0 111.8987 385.5152 568.9617 1
-0.7023598 -0.0900059 -0.7061088 0 -0.05003916 0.9957627 -0.07715385 0 0.7100611 -0.01885668 -0.7038875 0 22.24884 292.1771 530.6403 1
-0.9634291 0.1223799 -0.2383852 0 0.1533212 0.981363 -0.1158417 0 0.2197657 -0.1481548 -0.9642371 0 22.9515 315.3652 629.0647 1
-0.9703092 -0.1363972 -0.1997396 0 -0.1385543 0.9903497 -0.003206001 0 0.1982493 0.02456397 -0.9798438 0 -257.4144 308.5459 634.652 1
-0.9754 -0.1494289 -0.1620671 0 -0.1193553 0.9760951 -0.181639 0 0.185335 -0.1578272 -0.9699183 0 -194.3715 362.4796 605.1635 1
-0.8633451 -0.4943559 -0.1012303 0 -0.4916862 0.8692438 -0.05157461 0 0.11349 0.005246859 -0.9935253 0 -316.8814 322.1707 674.6439 1
-0.8636119 -0.1367205 -0.4852649 0 -0.1748667 0.984006 0.03396735 0 0.4728595 0.1141913 -0.8737072 0 -174.3481 341.5349 710.7268 1
-0.9451224 0.001348041 -0.3267136 0 0.008544347 0.9997514 -0.02059219 0 0.3266046 -0.0222537 -0.944899 0 -74.59118 293.5947 688.4882 1
-0.7986023 0.004961519 -0.6018386 0 0.006186485 0.9999809 3.46966E-05 0 0.6018272 -0.003695557 -0.7986178 0 -57.67437 291.0341 680.4204 1
-0.9356982 0.2491921 -0.2497444 0 0.289543 0.9468656 -0.140037 0 0.2015783 -0.2033441 -0.9581322 0 55.68712 313.5592 651.0792 1
-0.754397 -0.1975076 -0.626 0 -0.06099286 0.9706253 -0.2327365 0 0.6535787 -0.1373942 -0.7442834 0 -224.7533 350.8042 573.081 1
-0.820162 -0.01154434 0.5720149 0 -0.01716382 0.9998429 -0.00443098 0 -0.5718738 -0.01345208 -0.8202313 0 -55.95866 307.7034 682.4875 1
-0.8245251 -0.01154434 0.5657076 0 -0.01712933 0.9998429 -0.004562493 0 -0.565566 -0.01345208 -0.8245933 0 -61.19157 307.7034 682.0383 1
-0.2399712 -0.01154434 0.9707114 0 -0.01583007 0.9998429 0.007977413 0 -0.9706509 -0.01345208 -0.2401162 0 407.6421 307.7034 550.226 1
-0.428898 -0.01154434 0.9032792 0 -0.01710383 0.9998429 0.004657174 0 -0.903191 -0.01345208 -0.429028 0 289.6131 307.7034 620.5199 1
-0.4968498 -0.01154434 0.8677598 0 -0.0174104 0.9998429 0.003332921 0 -0.8676619 -0.01345208 -0.4969727 0 241.215 307.7034 640.8868 1
-0.4981803 -0.01154434 0.8669966 0 -0.01741549 0.9998429 0.003306209 0 -0.8668985 -0.01345208 -0.4983031 0 240.2316 307.7034 641.2561 1
0.140665 -0.01154434 0.9899899 0 -0.01169536 0.9998429 0.013321 0 -0.9899881 -0.01345208 0.1405079 0 583.9068 307.7034 357.7339 1
-0.8584507 -0.01154434 0.5127662 0 -0.0168087 0.9998429 -0.005630082 0 -0.5126206 -0.01345208 -0.8585098 0 -103.9379 307.7034 676.8438 1
-0.9290066 -0.01154434 0.3698829 0 -0.01570087 0.9998429 -0.008228787 0 -0.3697298 -0.01345208 -0.9290419 0 -210.1402 307.7034 651.7375 1
-0.8389955 -0.01154434 0.5440159 0 -0.01700454 0.9998429 -0.005007585 0 -0.5438727 -0.01345208 -0.8390599 0 -78.95472 307.7034 680.2109 1
-0.8654478 -0.01154434 0.5008661 0 -0.01672938 0.9998429 -0.005861596 0 -0.5007197 -0.01345208 -0.8655049 0 -113.2721 307.7034 675.3444 1
-0.7081319 -0.01154434 0.7059858 0 -0.01767297 0.9998429 -0.001377173 0 -0.7058589 -0.01345208 -0.7082247 0 63.63663 307.7034 681.8145 1
-0.6449491 -0.01154434 0.7641383 0 -0.01772596 0.9998429 0.0001441981 0 -0.7640199 -0.01345208 -0.6450524 0 121.8998 307.7034 673.8406 1
-0.5048154 -0.01154434 0.8631501 0 -0.01744034 0.9998429 0.003172538 0 -0.8630511 -0.01345208 -0.5049374 0 235.3062 307.7034 643.0798 1
-0.3555587 -0.01154434 0.9345827 0 -0.01667835 0.9998429 0.006005241 0 -0.9345051 -0.01345208 -0.3556954 0 338.1367 307.7034 595.4697 1
-0.4995097 -0.01154434 0.8662314 0 -0.01742054 0.9998429 0.003279491 0 -0.8661331 -0.01345208 -0.4996323 0 239.2477 307.7034 641.6239 1
-0.8646784 -0.01154434 0.5021931 0 -0.01673835 0.9998429 -0.005835926 0 -0.5020468 -0.01345208 -0.8647358 0 -112.236 307.7034 675.5174 1
-0.948493 -0.01154434 0.3165877 0 -0.0152088 0.9998429 -0.009106197 0 -0.3164329 -0.01345208 -0.9485195 0 -246.7728 307.7034 638.7675 1
-0.9367353 -0.01154434 0.3498481 0 -0.01552055 0.9998429 -0.008564051 0 -0.3496942 -0.01345208 -0.9367673 0 -224.0872 307.7034 647.0746 1
-0.8854443 -0.01154434 0.4646021 0 -0.01647233 0.9998429 -0.00654926 0 -0.4644535 -0.01345208 -0.8854953 0 -141.138 307.7034 670.0751 1
-0.8654478 -0.01154434 0.5008661 0 -0.01672938 0.9998429 -0.005861596 0 -0.5007197 -0.01345208 -0.8655049 0 -113.2721 307.7034 675.3444 1
