0.33455216884613037 0.5285088419914246 0.7802264094352722 16.275583267211914 
-0.2570256292819977 -0.7453718185424805 0.6151087284088135 -11.112842559814453 
0.906649112701416 -0.4063241183757782 -0.11352544277906418 -1411.8388671875 
0.0 0.0 0.0 1.0
0.341280072927475 0.5479685664176941 0.763713538646698 16.304834365844727 
-0.2183445692062378 -0.7440540790557861 0.6314342617988586 18.146728515625 
0.9142502546310425 -0.3822486698627472 -0.1342848688364029 -1412.3763427734375 
0.0 0.0 0.0 1.0
0.3438253402709961 0.5593932867050171 0.7542302012443542 16.085834503173828 
-0.19576990604400635 -0.74284827709198 0.6401957273483276 34.342288970947266 
0.9183998107910156 -0.36777111887931824 -0.14589768648147583 -1413.056396484375 
0.0 0.0 0.0 1.0
0.3441624343395233 0.561952531337738 0.7521712183952332 15.996662139892578 
-0.19082090258598328 -0.7425274848937988 0.6420593857765198 38.208282470703125 
0.9193147420883179 -0.3645027279853821 -0.14831778407096863 -1413.225341796875 
0.0 0.0 0.0 1.0
0.3461620807647705 0.5671201944351196 0.7473596334457397 15.680509567260742 
-0.18016855418682098 -0.7415976524353027 0.6461982727050781 46.147796630859375 
0.9207122325897217 -0.3583400547504425 -0.15453577041625977 -1413.69775390625 
0.0 0.0 0.0 1.0
0.3476594090461731 0.5737518668174744 0.7415805459022522 15.267967224121094 
-0.16716688871383667 -0.7403162121772766 0.6511428952217102 56.189571380615234 
0.9225986003875732 -0.3503436744213104 -0.1614656001329422 -1414.3857421875 
0.0 0.0 0.0 1.0
0.34896907210350037 0.5798482298851013 0.736204206943512 14.816427230834961 
-0.15489766001701355 -0.7390956878662109 0.6555488109588623 65.17425537109375 
0.9242441654205322 -0.34280258417129517 -0.1681043952703476 -1415.08203125 
0.0 0.0 0.0 1.0
0.3502967953681946 0.5844923257827759 0.7318885922431946 14.364215850830078 
-0.14542560279369354 -0.7379830479621887 0.658963143825531 72.4599609375 
0.9252802729606628 -0.33726799488067627 -0.17351296544075012 -1415.7528076171875 
0.0 0.0 0.0 1.0
0.3513796925544739 0.5926569104194641 0.7247689962387085 13.622730255126953 
-0.12866148352622986 -0.7362207770347595 0.6643984317779541 84.07150268554688 
0.9273502826690674 -0.3267059922218323 -0.18244090676307678 -1416.86865234375 
0.0 0.0 0.0 1.0
0.3524675667285919 0.5973315834999084 0.7203899025917053 13.085369110107422 
-0.11859948933124542 -0.7350730299949646 0.6675341129302979 91.33892059326172 
0.9282784461975098 -0.32072198390960693 -0.1882462054491043 -1417.6824951171875 
0.0 0.0 0.0 1.0
0.3544353246688843 0.6035460829734802 0.714218258857727 12.146289825439453 
-0.10549008846282959 -0.7331196069717407 0.6718686819076538 101.30032348632812 
0.929111123085022 -0.31347692012786865 -0.19617533683776855 -1418.904541015625 
0.0 0.0 0.0 1.0
0.3550688624382019 0.6111906170845032 0.707369863986969 11.172367095947266 
-0.09054422378540039 -0.7306330800056458 0.6767400503158569 112.52731323242188 
0.9304449558258057 -0.30433759093284607 -0.20408527553081512 -1420.29150390625 
0.0 0.0 0.0 1.0
0.35527509450912476 0.6179088354110718 0.7014044523239136 10.158132553100586 
-0.07740696519613266 -0.7283315658569336 0.6808386445045471 122.76032257080078 
0.9315512180328369 -0.2961786091327667 -0.21092763543128967 -1421.6729736328125 
0.0 0.0 0.0 1.0
0.35744988918304443 0.6244479417800903 0.6944741606712341 8.845184326171875 
-0.0626603364944458 -0.7258915305137634 0.6849490404129028 133.14202880859375 
0.9318279027938843 -0.2883509397506714 -0.22034171223640442 -1423.347900390625 
0.0 0.0 0.0 1.0
0.3579607605934143 0.6319497227668762 0.6873889565467834 7.4632568359375 
-0.04766210541129112 -0.7228440046310425 0.6893655061721802 144.37391662597656 
0.9325193762779236 -0.27952826023101807 -0.22862973809242249 -1425.1824951171875 
0.0 0.0 0.0 1.0
0.35881322622299194 0.6379728317260742 0.681354284286499 6.1238555908203125 
-0.03448262810707092 -0.7204047441482544 0.6926961541175842 153.6568603515625 
0.9327722191810608 -0.2720434367656708 -0.23649176955223083 -1426.853759765625 
0.0 0.0 0.0 1.0
0.3600304424762726 0.6443641185760498 0.674665093421936 4.588443756103516 
-0.020877182483673096 -0.7174140810966492 0.6963340640068054 163.7657928466797 
0.932706892490387 -0.26478657126426697 -0.2448384165763855 -1428.7947998046875 
0.0 0.0 0.0 1.0
0.3611569404602051 0.651701807975769 0.6669711470603943 2.7220001220703125 
-0.00605437159538269 -0.7135928273200989 0.7005345225334167 175.4381866455078 
0.9324854016304016 -0.25704097747802734 -0.25377339124679565 -1431.1505126953125 
0.0 0.0 0.0 1.0
0.3626664876937866 0.661098301410675 0.6568272709846497 0.0736846923828125 
0.015340209007263184 -0.7089510560035706 0.7050908803939819 190.19158935546875 
0.9317927360534668 -0.2456369549036026 -0.26725417375564575 -1434.399658203125 
0.0 0.0 0.0 1.0
0.36315152049064636 0.6668897271156311 0.6506758332252502 -1.6041755676269531 
0.02729162387549877 -0.7056663036346436 0.7080185413360596 199.2675323486328 
0.9313302636146545 -0.2393600344657898 -0.27446430921554565 -1436.516845703125 
0.0 0.0 0.0 1.0
0.3629678189754486 0.6745172142982483 0.6428693532943726 -3.818134307861328 
0.04387006163597107 -0.7015260457992554 0.7112922668457031 210.77841186523438 
0.9307684302330017 -0.22997348010540009 -0.28422248363494873 -1439.314453125 
0.0 0.0 0.0 1.0
0.3633160889148712 0.6821622848510742 0.6345518231391907 -6.293647766113281 
0.0601784884929657 -0.6968541741371155 0.7146837115287781 222.89511108398438 
0.929720401763916 -0.22146974503993988 -0.2942298352718353 -1442.5068359375 
0.0 0.0 0.0 1.0
0.3634157180786133 0.6895402073860168 0.6264689564704895 -8.857513427734375 
0.07621204853057861 -0.6921963095664978 0.7176740169525146 234.455078125 
0.9285045862197876 -0.21306952834129333 -0.30410629510879517 -1445.7474365234375 
0.0 0.0 0.0 1.0
0.36326444149017334 0.6973551511764526 0.6178468465805054 -11.697193145751953 
0.09311714768409729 -0.6870036125183105 0.7206630706787109 246.65570068359375 
0.9270211458206177 -0.20425915718078613 -0.31449973583221436 -1449.2906494140625 
0.0 0.0 0.0 1.0
0.3633393943309784 0.7052438855171204 0.6087820529937744 -14.814006805419922 
0.11099504679441452 -0.6815537810325623 0.7233011722564697 259.09564208984375 
0.9250213503837585 -0.1952320635318756 -0.3259139060974121 -1453.19384765625 
0.0 0.0 0.0 1.0
0.3628407418727875 0.713401198387146 0.599504292011261 -18.09137725830078 
0.12878729403018951 -0.6755648255348206 0.7259656190872192 271.7806396484375 
0.9229087233543396 -0.18620134890079498 -0.33699944615364075 -1457.322021484375 
0.0 0.0 0.0 1.0
0.3615490198135376 0.722015917301178 0.5898943543434143 -21.628677368164062 
0.14788752794265747 -0.6690946817398071 0.728314220905304 284.8686218261719 
0.9205496311187744 -0.17608323693275452 -0.34868767857551575 -1461.8638916015625 
0.0 0.0 0.0 1.0
0.35968226194381714 0.7311325669288635 0.5797187089920044 -25.595993041992188 
0.16852577030658722 -0.6619851589202881 0.7303251028060913 298.7838439941406 
0.9177296161651611 -0.16498740017414093 -0.36131903529167175 -1466.9456787109375 
0.0 0.0 0.0 1.0
0.3583675026893616 0.73966383934021 0.5696228742599487 -29.637596130371094 
0.18793460726737976 -0.6548144817352295 0.732050895690918 311.9058532714844 
0.9144688844680786 -0.15529140830039978 -0.37367263436317444 -1472.0665283203125 
0.0 0.0 0.0 1.0
0.3558046817779541 0.7494084239006042 0.5583816766738892 -34.40699005126953 
0.20990175008773804 -0.6462969779968262 0.7336494326591492 326.7839050292969 
0.9106834530830383 -0.14383065700531006 -0.3872576057910919 -1478.0626220703125 
0.0 0.0 0.0 1.0
0.35145139694213867 0.760244607925415 0.5463606715202332 -39.77876281738281 
0.23450413346290588 -0.6364726424217224 0.7347859144210815 343.02789306640625 
0.9063606858253479 -0.13011771440505981 -0.40196970105171204 -1485.00927734375 
0.0 0.0 0.0 1.0
0.34859344363212585 0.7696880102157593 0.5348485708236694 -44.943458557128906 
0.25695908069610596 -0.6272597312927246 0.7351987957954407 357.0717468261719 
0.9013626575469971 -0.11885127425193787 -0.41643694043159485 -1491.4427490234375 
0.0 0.0 0.0 1.0
0.343486487865448 0.7807194590568542 0.5220097303390503 -51.22420120239258 
0.28239738941192627 -0.6159641146659851 0.7354182004928589 373.71563720703125 
0.8956944942474365 -0.10519202798604965 -0.432048499584198 -1499.4456787109375 
0.0 0.0 0.0 1.0
0.3380718529224396 0.791144073009491 0.5097042918205261 -57.55500030517578 
0.30755919218063354 -0.6047318577766418 0.7346473336219788 389.4838562011719 
0.8894463181495667 -0.09159934520721436 -0.4477664530277252 -1507.4781494140625 
0.0 0.0 0.0 1.0
0.33237797021865845 0.801639199256897 0.49688977003097534 -64.37466430664062 
0.3327871263027191 -0.5926392674446106 0.7335062623023987 405.3789367675781 
0.8824837803840637 -0.07844281196594238 -0.46375542879104614 -1516.0809326171875 
0.0 0.0 0.0 1.0
0.3244697153568268 0.8137526512145996 0.4822095036506653 -72.71007537841797 
0.36127129197120667 -0.5777571797370911 0.7319014072418213 423.8973388671875 
0.8741867542266846 -0.0632714033126831 -0.4814501702785492 -1526.6917724609375 
0.0 0.0 0.0 1.0
0.31765758991241455 0.8244920969009399 0.4683016836643219 -80.74771118164062 
0.387612909078598 -0.5636434555053711 0.7294259667396545 440.2759094238281 
0.8653611540794373 -0.050187915563583374 -0.4986293911933899 -1536.741455078125 
0.0 0.0 0.0 1.0
0.3124448359012604 0.8314997553825378 0.45933255553245544 -86.35824584960938 
0.404329389333725 -0.5539604425430298 0.7277675271034241 451.41864013671875 
0.8595905900001526 -0.04166555404663086 -0.5092818737030029 -1543.9046630859375 
0.0 0.0 0.0 1.0
0.307106614112854 0.8397442102432251 0.4477892518043518 -93.33145904541016 
0.42497292160987854 -0.5420175790786743 0.724993109703064 464.0635070800781 
0.8515183925628662 -0.03235188126564026 -0.5233257412910461 -1552.4505615234375 
0.0 0.0 0.0 1.0
0.298971563577652 0.8482182025909424 0.4371977150440216 -100.43739318847656 
0.44573065638542175 -0.5292314291000366 0.7219682931900024 477.09222412109375 
0.8437654376029968 -0.020975559949874878 -0.5363020300865173 -1561.540771484375 
0.0 0.0 0.0 1.0
0.30744245648384094 0.8382217884063721 0.45040351152420044 -91.99105072021484 
0.42151129245758057 -0.5443218946456909 0.7252874374389648 461.8623352050781 
0.8531162142753601 -0.03313398361206055 -0.5206676721572876 -1550.832275390625 
0.0 0.0 0.0 1.0
0.3116508424282074 0.8316032886505127 0.4596844017505646 -86.39129638671875 
0.40501677989959717 -0.5538894534111023 0.7274392247200012 451.6243591308594 
0.859555184841156 -0.04052719473838806 -0.5094334483146667 -1544.001953125 
0.0 0.0 0.0 1.0
0.318048357963562 0.8237168192863464 0.4693993926048279 -80.42155456542969 
0.3862658441066742 -0.5647356510162354 0.7292957901954651 439.75299072265625 
0.8658198118209839 -0.05063837766647339 -0.4977869391441345 -1536.422607421875 
0.0 0.0 0.0 1.0
0.32567277550697327 0.8121230602264404 0.48414182662963867 -71.8117904663086 
0.35893309116363525 -0.5799210071563721 0.7313403487205505 421.8328552246094 
0.8747023940086365 -0.06440314650535583 -0.48036232590675354 -1525.5391845703125 
0.0 0.0 0.0 1.0
0.33207792043685913 0.8013427257537842 0.49756816029548645 -64.36292266845703 
0.33297014236450195 -0.5931318998336792 0.7330248355865479 405.5039978027344 
0.8825276494026184 -0.07774600386619568 -0.4637891948223114 -1516.173095703125 
0.0 0.0 0.0 1.0
0.33805128931999207 0.7901998162269592 0.511180579662323 -57.141910552978516 
0.30625930428504944 -0.6059595942497253 0.7341786026954651 388.62750244140625 
0.8899025917053223 -0.09163618087768555 -0.4468514621257782 -1507.03369140625 
0.0 0.0 0.0 1.0
0.34342271089553833 0.7788113355636597 0.5248939990997314 -50.291847229003906 
0.279518723487854 -0.6183153390884399 0.7345443964004517 371.5360412597656 
0.8966214656829834 -0.10554152727127075 -0.43003588914871216 -1498.379638671875 
0.0 0.0 0.0 1.0
0.34818166494369507 0.7690986394882202 0.5359634757041931 -44.79446029663086 
0.2566620409488678 -0.6281039714813232 0.7345815300941467 356.8305969238281 
0.9016063809394836 -0.11820629239082336 -0.4160926938056946 -1491.3565673828125 
0.0 0.0 0.0 1.0
0.3513745963573456 0.759291410446167 0.5477339625358582 -39.50407791137695 
0.23358529806137085 -0.6376354694366455 0.7340701222419739 342.2618408203125 
0.9066277146339417 -0.12999099493026733 -0.40140819549560547 -1484.6923828125 
0.0 0.0 0.0 1.0
0.35526761412620544 0.7495646476745605 0.5585138201713562 -34.678306579589844 
0.21158036589622498 -0.6464662551879883 0.7330178022384644 327.7081604003906 
0.9105046391487122 -0.14224693179130554 -0.38826170563697815 -1478.4886474609375 
0.0 0.0 0.0 1.0
0.35750052332878113 0.7393298745155334 0.5706003904342651 -29.622703552246094 
0.18828953802585602 -0.655491292476654 0.7313536405563354 312.1394958496094 
0.9147351980209351 -0.1540212482213974 -0.3735465407371521 -1472.114501953125 
0.0 0.0 0.0 1.0
0.3592263162136078 0.7306930422782898 0.5805550217628479 -25.524188995361328 
0.16917705535888672 -0.6627575755119324 0.7294734716415405 298.6376647949219 
0.9177884459495544 -0.16382944583892822 -0.3616964519023895 -1466.917236328125 
0.0 0.0 0.0 1.0
0.36095207929611206 0.7221389412879944 0.5901092886924744 -21.851974487304688 
0.14991626143455505 -0.6694689393043518 0.7275551557540894 285.82122802734375 
0.9204556941986084 -0.17414557933807373 -0.3499065935611725 -1462.2252197265625 
0.0 0.0 0.0 1.0
0.3626348674297333 0.7131601572036743 0.5999154448509216 -18.207054138183594 
0.13029351830482483 -0.6762092113494873 0.7250962853431702 272.203857421875 
0.9227781891822815 -0.1847800612449646 -0.3381372094154358 -1457.5318603515625 
0.0 0.0 0.0 1.0
0.3631029725074768 0.7048507332801819 0.6093780994415283 -14.860679626464844 
0.1112833321094513 -0.6821403503417969 0.7227036356925964 259.4334716796875 
0.9250795841217041 -0.19460219144821167 -0.3261253535747528 -1453.2896728515625 
0.0 0.0 0.0 1.0
0.36340662837028503 0.6967650651931763 0.618428647518158 -11.746540069580078 
0.09384268522262573 -0.6878143548965454 0.7197951078414917 246.77125549316406 
0.9268921613693237 -0.2035433053970337 -0.31534257531166077 -1449.3643798828125 
0.0 0.0 0.0 1.0
0.3631572723388672 0.688744843006134 0.6274928450584412 -8.76314926147461 
0.07634690403938293 -0.6932046413421631 0.7166857719421387 234.0832061767578 
0.9285945892333984 -0.21236252784729004 -0.30432581901550293 -1445.6451416015625 
0.0 0.0 0.0 1.0
0.36356762051582336 0.6807765960693359 0.6358944177627563 -6.12078857421875 
0.05907198786735535 -0.6980807185173035 0.7135781645774841 221.81173706054688 
0.9296929836273193 -0.22187036275863647 -0.2940143942832947 -1442.2760009765625 
0.0 0.0 0.0 1.0
0.36305123567581177 0.6731834411621094 0.6442188024520874 -3.6343994140625 
0.04281690716743469 -0.7027158737182617 0.7101810574531555 209.69908142089844 
0.9307848811149597 -0.23024865984916687 -0.2839455008506775 -1439.102783203125 
0.0 0.0 0.0 1.0
0.3632039725780487 0.6659606099128723 0.6515974998474121 -1.593170166015625 
0.027363600209355354 -0.70667964220047 0.7070043087005615 198.99298095703125 
0.9313077330589294 -0.23895671963691711 -0.2748919129371643 -1436.4317626953125 
0.0 0.0 0.0 1.0
0.36251360177993774 0.6579796075820923 0.6600354313850403 0.6906509399414062 
0.01069653034210205 -0.7110996246337891 0.703009843826294 186.40846252441406 
0.931917130947113 -0.24779053032398224 -0.2648214101791382 -1433.5487060546875 
0.0 0.0 0.0 1.0
0.36153271794319153 0.6513890027999878 0.6670730113983154 2.4972190856933594 
-0.004046380519866943 -0.714364767074585 0.6997618079185486 176.10665893554688 
0.9323506355285645 -0.25568604469299316 -0.2556304633617401 -1431.305419921875 
0.0 0.0 0.0 1.0
0.36031273007392883 0.6440696120262146 0.6747956275939941 4.3563079833984375 
-0.01905706524848938 -0.7181508541107178 0.695626437664032 164.67135620117188 
0.9326369166374207 -0.26350268721580505 -0.24648483097553253 -1428.955322265625 
0.0 0.0 0.0 1.0
0.35971173644065857 0.6378510594367981 0.6809945106506348 5.731681823730469 
-0.03286325931549072 -0.7207342982292175 0.6924320459365845 155.400146484375 
0.9324845671653748 -0.2714556157588959 -0.23829472064971924 -1427.185302734375 
0.0 0.0 0.0 1.0
0.3576641380786896 0.629709005355835 0.6895962357521057 7.653877258300781 
-0.0501360259950161 -0.7244308590888977 0.6875218152999878 142.36221313476562 
0.9325034618377686 -0.2804754972457886 -0.22753183543682098 -1424.831298828125 
0.0 0.0 0.0 1.0
0.35705292224884033 0.6237691044807434 0.6952879428863525 8.749530792236328 
-0.06243518367409706 -0.7267506718635559 0.6840579509735107 133.36431884765625 
0.9319952130317688 -0.2876553237438202 -0.2205432951450348 -1423.34228515625 
0.0 0.0 0.0 1.0
0.35524982213974 0.6168376803398132 0.7023594975471497 10.12411117553711 
-0.07734432071447372 -0.7293974161148071 0.6797037720680237 122.37873840332031 
0.9315661191940308 -0.2957881689071655 -0.21140943467617035 -1421.6234130859375 
0.0 0.0 0.0 1.0
0.35539814829826355 0.6103811860084534 0.7079032063484192 10.957704544067383 
-0.09003117680549622 -0.7314714789390564 0.675902247428894 112.86279296875 
0.9303690791130066 -0.303947776556015 -0.20501025021076202 -1420.3287353515625 
0.0 0.0 0.0 1.0
0.3544241189956665 0.603621244430542 0.7141603231430054 11.946432113647461 
-0.1037747859954834 -0.7336298823356628 0.6715787053108215 102.7636947631836 
0.9293085336685181 -0.3121355175971985 -0.19737547636032104 -1419.013671875 
0.0 0.0 0.0 1.0
0.35315176844596863 0.5965263247489929 0.7207220196723938 12.869356155395508 
-0.11736986041069031 -0.7360243797302246 0.6667026877403259 91.70968627929688 
0.928174614906311 -0.3200382590293884 -0.18991409242153168 -1417.720458984375 
0.0 0.0 0.0 1.0
0.3515322208404541 0.5907167196273804 0.7262773513793945 13.555305480957031 
-0.13039793074131012 -0.737333357334137 0.6628241539001465 82.85890197753906 
0.9270498752593994 -0.3277091383934021 -0.18216818571090698 -1416.6973876953125 
0.0 0.0 0.0 1.0
0.35031095147132874 0.5847228765487671 0.731697678565979 14.173776626586914 
-0.14262078702449799 -0.7387897372245789 0.6586721539497375 73.8131103515625 
0.9257113933563232 -0.3350953459739685 -0.17541249096393585 -1415.8094482421875 
0.0 0.0 0.0 1.0
0.34854856133461 0.5777096152305603 0.7380823493003845 14.823726654052734 
-0.15666784346103668 -0.740476131439209 0.653567373752594 63.26654052734375 
0.9241044521331787 -0.3434337377548218 -0.1675833761692047 -1414.8824462890625 
0.0 0.0 0.0 1.0
0.34730997681617737 0.571927547454834 0.743151843547821 15.210540771484375 
-0.16885559260845184 -0.741388738155365 0.6494848132133484 54.816802978515625 
0.9224226474761963 -0.35105788707733154 -0.16091853380203247 -1414.2154541015625 
0.0 0.0 0.0 1.0
0.3461207449436188 0.5658880472183228 0.7483121752738953 15.547168731689453 
-0.1804240643978119 -0.7425758242607117 0.645002543926239 45.87281799316406 
0.9206777215003967 -0.358262300491333 -0.15492106974124908 -1413.61474609375 
0.0 0.0 0.0 1.0
0.34323811531066895 0.55985027551651 0.7541586756706238 16.00595474243164 
-0.19349715113639832 -0.7435664534568787 0.6400529742240906 36.167022705078125 
0.9191008806228638 -0.36561813950538635 -0.14689090847969055 -1413.007568359375 
0.0 0.0 0.0 1.0
0.34205105900764465 0.5534499883651733 0.7594038248062134 16.148754119873047 
-0.2056145817041397 -0.7444842457771301 0.6351896524429321 26.976619720458984 
0.9169098734855652 -0.37341177463531494 -0.14085425436496735 -1412.617431640625 
0.0 0.0 0.0 1.0
0.34144628047943115 0.5473752617835999 0.764064610004425 16.233642578125 
-0.21787793934345245 -0.7446818351745605 0.6308550834655762 18.313634872436523 
0.9142995476722717 -0.3818759322166443 -0.135007843375206 -1412.361328125 
0.0 0.0 0.0 1.0
0.3392460346221924 0.5404624342918396 0.769943118095398 16.344337463378906 
-0.23226475715637207 -0.7450159788131714 0.625303328037262 8.386760711669922 
0.9115729331970215 -0.39096230268478394 -0.12721335887908936 -1412.105712890625 
0.0 0.0 0.0 1.0
0.3358038067817688 0.5309429168701172 0.7780331373214722 16.28531265258789 
-0.25070491433143616 -0.7458224892616272 0.617167592048645 -6.008462905883789 
0.9079553484916687 -0.40230393409729004 -0.11734004318714142 -1411.83740234375 
0.0 0.0 0.0 1.0
0.33333656191825867 0.5242741107940674 0.7835964560508728 16.127471923828125 
-0.2637248933315277 -0.7461028099060059 0.6113753318786621 -15.961860656738281 
0.9051717519760132 -0.4104476571083069 -0.11043917387723923 -1411.8330078125 
0.0 0.0 0.0 1.0
0.3310616612434387 0.5168313384056091 0.7894830107688904 15.8575439453125 
-0.2776069641113281 -0.7462903261184692 0.6049670577049255 -27.103639602661133 
0.9018494486808777 -0.4194474220275879 -0.10359212756156921 -1411.9990234375 
0.0 0.0 0.0 1.0
0.327707439661026 0.5076844096183777 0.7967837452888489 15.370718002319336 
-0.2951289713382721 -0.7461422681808472 0.5968002676963806 -40.734554290771484 
0.897500216960907 -0.43072986602783203 -0.09468399733304977 -1412.3221435546875 
0.0 0.0 0.0 1.0
0.32526347041130066 0.49998965859413147 0.8026294708251953 14.761333465576172 
-0.3089894950389862 -0.7459964156150818 0.5899278521537781 -51.69789505004883 
0.8937165141105652 -0.43988606333732605 -0.08815383166074753 -1412.7666015625 
0.0 0.0 0.0 1.0
0.3217282295227051 0.49148836731910706 0.8092775940895081 14.032405853271484 
-0.32597091794013977 -0.7449753880500793 0.5820263028144836 -63.840057373046875 
0.8889510631561279 -0.45105522871017456 -0.07946868985891342 -1413.346435546875 
0.0 0.0 0.0 1.0
0.3185695707798004 0.4847703278064728 0.8145619630813599 13.338441848754883 
-0.3383713364601135 -0.7445593476295471 0.5754443407058716 -74.38054656982422 
0.8854480385780334 -0.4589434564113617 -0.07316157221794128 -1413.994140625 
0.0 0.0 0.0 1.0
0.31516143679618835 0.47710731625556946 0.8203912973403931 12.513641357421875 
-0.35320964455604553 -0.7433773279190063 0.5680079460144043 -84.99718475341797 
0.8808610439300537 -0.46878430247306824 -0.06576498597860336 -1414.7957763671875 
0.0 0.0 0.0 1.0
0.3110024034976959 0.4686356782913208 0.8268362283706665 11.41567611694336 
-0.36841848492622375 -0.7425100207328796 0.5594164133071899 -97.75480651855469 
0.8760966658592224 -0.4786015748977661 -0.05826837196946144 -1415.910400390625 
0.0 0.0 0.0 1.0
0.30749109387397766 0.4616423547267914 0.8320670127868652 10.40053939819336 
-0.3811054527759552 -0.7414884567260742 0.5522259473800659 -108.34971618652344 
0.8718989491462708 -0.4869098365306854 -0.052066702395677567 -1416.9866943359375 
0.0 0.0 0.0 1.0
0.3038225769996643 0.45460227131843567 0.8372744917869568 9.2081298828125 
-0.3937292993068695 -0.7403491139411926 0.5448490381240845 -119.04528045654297 
0.8675649762153625 -0.4951969385147095 -0.04594455659389496 -1418.1644287109375 
0.0 0.0 0.0 1.0
0.2987509071826935 0.44567835330963135 0.8438712358474731 7.717914581298828 
-0.41036099195480347 -0.738338053226471 0.5352202653884888 -132.489501953125 
0.8615983128547668 -0.5061893463134766 -0.03769013658165932 -1419.8323974609375 
0.0 0.0 0.0 1.0
0.2949244976043701 0.43921709060668945 0.848591685295105 6.476200103759766 
-0.42160505056381226 -0.7371538281440735 0.5280657410621643 -141.96868896484375 
0.8574780821800232 -0.5135101079940796 -0.03222857043147087 -1421.1361083984375 
0.0 0.0 0.0 1.0
0.2916238307952881 0.43241459131240845 0.8532134294509888 5.021335601806641 
-0.4340745210647583 -0.7350257039070129 0.5208805203437805 -151.90444946289062 
0.8523701429367065 -0.5222593545913696 -0.02665085345506668 -1422.666015625 
0.0 0.0 0.0 1.0
0.2856188416481018 0.4235756993293762 0.8596543073654175 3.0694541931152344 
-0.4497731029987335 -0.7328459620475769 0.5105301141738892 -165.1617431640625 
0.8462423086166382 -0.5324664115905762 -0.01880168728530407 -1424.7691650390625 
0.0 0.0 0.0 1.0
0.2817821204662323 0.4163004457950592 0.8644610047340393 1.3061447143554688 
-0.4623073935508728 -0.7305781245231628 0.5025211572647095 -175.49789428710938 
0.8407560586929321 -0.5412481427192688 -0.013405096717178822 -1426.633544921875 
0.0 0.0 0.0 1.0
0.27682292461395264 0.40866580605506897 0.8696903586387634 -0.6309890747070312 
-0.4757879376411438 -0.7280368208885193 0.49354660511016846 -186.83148193359375 
0.834862232208252 -0.550413191318512 -0.0070990207605063915 -1428.756591796875 
0.0 0.0 0.0 1.0
0.27205389738082886 0.4010109305381775 0.8747439384460449 -2.6972503662109375 
-0.4893067181110382 -0.7250909805297852 0.48458436131477356 -197.94149780273438 
0.8285925984382629 -0.5598511695861816 -0.0010464937658980489 -1431.0068359375 
0.0 0.0 0.0 1.0
0.26764270663261414 0.39505234360694885 0.8788066506385803 -4.503334045410156 
-0.49964582920074463 -0.7229593396186829 0.47716227173805237 -207.15301513671875 
0.8238455653190613 -0.5668010711669922 0.0038914596661925316 -1432.92822265625 
0.0 0.0 0.0 1.0
0.26056697964668274 0.3871792256832123 0.8844190835952759 -6.891288757324219 
-0.5147230625152588 -0.7193037867546082 0.4665427803993225 -219.31642150878906 
0.8168016672134399 -0.5767965316772461 0.011863300576806068 -1435.6798095703125 
0.0 0.0 0.0 1.0
0.256528377532959 0.3805050551891327 0.8884869813919067 -9.062957763671875 
-0.5261356234550476 -0.7161439657211304 0.4586056172847748 -229.1165771484375 
0.8107863664627075 -0.5851100087165833 0.016486041247844696 -1438.112060546875 
0.0 0.0 0.0 1.0
0.2505842447280884 0.37272873520851135 0.8934656381607056 -11.669578552246094 
-0.5394778251647949 -0.7125669717788696 0.44856658577919006 -240.81256103515625 
0.8038477301597595 -0.5944086313247681 0.022520823404192924 -1441.1083984375 
0.0 0.0 0.0 1.0
0.24363164603710175 0.36508864164352417 0.8985286951065063 -14.390918731689453 
-0.5523176193237305 -0.7093169093132019 0.43796664476394653 -252.5691375732422 
0.797238290309906 -0.6029757857322693 0.028832847252488136 -1444.292236328125 
0.0 0.0 0.0 1.0
0.23798733949661255 0.35770106315612793 0.9030016660690308 -17.11646270751953 
-0.5650815963745117 -0.70517498254776 0.42826512455940247 -263.30010986328125 
0.7899650931358337 -0.6121912598609924 0.03430755063891411 -1447.36376953125 
0.0 0.0 0.0 1.0
0.23109662532806396 0.3491712212562561 0.9081155061721802 -20.410911560058594 
-0.5786637663841248 -0.7010178565979004 0.416799932718277 -275.73663330078125 
0.7821397185325623 -0.6218146085739136 0.04004986956715584 -1451.1494140625 
0.0 0.0 0.0 1.0
0.22409401834011078 0.34275302290916443 0.912306010723114 -23.18243408203125 
-0.5904202461242676 -0.6970207095146179 0.4068980813026428 -286.1475524902344 
0.7753617167472839 -0.6298273205757141 0.04617017135024071 -1454.4149169921875 
0.0 0.0 0.0 1.0
0.21765883266925812 0.33506646752357483 0.9167088866233826 -26.46942138671875 
-0.6030303835868835 -0.6923490762710571 0.3962412476539612 -297.4007263183594 
0.7674497365951538 -0.6390486359596252 0.05135936290025711 -1458.2139892578125 
0.0 0.0 0.0 1.0
0.2107296884059906 0.3271142840385437 0.92118901014328 -30.00725555419922 
-0.615542471408844 -0.6876644492149353 0.3850001394748688 -309.1053466796875 
0.7594079971313477 -0.6481619477272034 0.05644140765070915 -1462.3553466796875 
0.0 0.0 0.0 1.0
0.20300611853599548 0.3207755982875824 0.9251440763473511 -33.29075622558594 
-0.6269557476043701 -0.6831653714179993 0.374448299407959 -319.845458984375 
0.7521402835845947 -0.6560396552085876 0.06242534890770912 -1466.2281494140625 
0.0 0.0 0.0 1.0
0.19560888409614563 0.31235355138778687 0.9296087026596069 -37.311683654785156 
-0.6402032375335693 -0.6773948669433594 0.36232027411460876 -331.9096984863281 
0.7428842186927795 -0.6660115718841553 0.06746528297662735 -1470.8978271484375 
0.0 0.0 0.0 1.0
0.18705180287361145 0.30476391315460205 0.9338793158531189 -41.50559997558594 
-0.6529858112335205 -0.6716572642326355 0.3499799966812134 -344.16326904296875 
0.7339081168174744 -0.6752743721008301 0.07337181270122528 -1475.8568115234375 
0.0 0.0 0.0 1.0
0.18117812275886536 0.2989119589328766 0.9369238018989563 -44.670806884765625 
-0.6629773378372192 -0.6665427684783936 0.3408544063568115 -353.1738586425781 
0.7263852953910828 -0.6829146146774292 0.07740888744592667 -1479.6678466796875 
0.0 0.0 0.0 1.0
0.1724843829870224 0.28946661949157715 0.9415191411972046 -49.611473083496094 
-0.6764493584632874 -0.6599952578544617 0.3268372416496277 -366.0854797363281 
0.7160066366195679 -0.6932643055915833 0.08197061717510223 -1485.3489990234375 
0.0 0.0 0.0 1.0
0.16234250366687775 0.281236469745636 0.9458070397377014 -54.637451171875 
-0.6908832788467407 -0.6519635915756226 0.3124481439590454 -379.05316162109375 
0.7045035362243652 -0.7041658759117126 0.08846015483140945 -1491.250244140625 
0.0 0.0 0.0 1.0
0.15419670939445496 0.27486327290534973 0.9490382075309753 -58.73957061767578 
-0.7019934058189392 -0.6454510688781738 0.3009951412677765 -389.2538757324219 
0.6952902674674988 -0.7126310467720032 0.09342578798532486 -1496.131591796875 
0.0 0.0 0.0 1.0
0.14481374621391296 0.2661152780056 0.9530013799667358 -64.21214294433594 
-0.7155972123146057 -0.63700270652771 0.28661495447158813 -401.82147216796875 
0.6833370327949524 -0.72347092628479 0.09818460792303085 -1502.4891357421875 
0.0 0.0 0.0 1.0
0.1359826624393463 0.2577528953552246 0.9565940499305725 -69.46495056152344 
-0.7277632355690002 -0.6291601657867432 0.2729800045490265 -413.4095153808594 
0.6722122430801392 -0.7332945466041565 0.10202822089195251 -1508.6201171875 
0.0 0.0 0.0 1.0
0.12581132352352142 0.24931621551513672 0.9602150321006775 -75.32080841064453 
-0.740353524684906 -0.6206696033477783 0.25815868377685547 -425.98907470703125 
0.6603394150733948 -0.7433779239654541 0.10649488866329193 -1515.4871826171875 
0.0 0.0 0.0 1.0
0.11948615312576294 0.24426905810832977 0.9623178839683533 -78.97887420654297 
-0.748266875743866 -0.6148986220359802 0.2489907592535019 -433.6088562011719 
0.6525487303733826 -0.7498215436935425 0.10930657386779785 -1519.8643798828125 
0.0 0.0 0.0 1.0
0.10915661603212357 0.236411914229393 0.9655020833015442 -85.01374816894531 
-0.7608579993247986 -0.605180561542511 0.23420415818691254 -445.5798034667969 
0.6396717429161072 -0.7601749300956726 0.11381644755601883 -1526.9239501953125 
0.0 0.0 0.0 1.0
0.10105319321155548 0.23009160161018372 0.9679080843925476 -89.68417358398438 
-0.7696669697761536 -0.5983814597129822 0.22260364890098572 -454.56707763671875 
0.6303974986076355 -0.7674617171287537 0.11662556231021881 -1532.4068603515625 
0.0 0.0 0.0 1.0
0.10951729118824005 0.23712708055973053 0.9652858376502991 -84.59137725830078 
-0.7602747082710266 -0.6055952906608582 0.23502497375011444 -444.8411865234375 
0.640303373336792 -0.7596216797828674 0.11395855247974396 -1526.4598388671875 
0.0 0.0 0.0 1.0
0.11806994676589966 0.2428562492132187 0.9628501534461975 -79.9737548828125 
-0.7506311535835266 -0.6129570603370667 0.24665050208568573 -435.5535888671875 
0.6500864624977112 -0.7518672943115234 0.10992366075515747 -1521.00048828125 
0.0 0.0 0.0 1.0
0.12585492432117462 0.24968843162059784 0.9601126313209534 -75.35911560058594 
-0.7411589026451111 -0.6196485757827759 0.2583004832267761 -426.1628723144531 
0.6594271063804626 -0.7441043257713318 0.10707296431064606 -1515.6209716796875 
0.0 0.0 0.0 1.0
0.13592903316020966 0.2586694061756134 0.9563542604446411 -69.32633972167969 
-0.7283017635345459 -0.6283272504806519 0.27346184849739075 -413.380126953125 
0.6716396808624268 -0.7336858510971069 0.10298149287700653 -1508.6282958984375 
0.0 0.0 0.0 1.0
0.14545224606990814 0.26724109053611755 0.9525889754295349 -63.86116409301758 
-0.7154748439788818 -0.6365891098976135 0.28783681988716125 -401.15557861328125 
0.6833295822143555 -0.7234200239181519 0.09861098229885101 -1502.1749267578125 
0.0 0.0 0.0 1.0
0.1551242172718048 0.27623099088668823 0.948489785194397 -58.239349365234375 
-0.7010594606399536 -0.6456701159477234 0.30269739031791687 -388.2633361816406 
0.6960259079933167 -0.71190345287323 0.09349527955055237 -1495.656005859375 
0.0 0.0 0.0 1.0
0.1633441001176834 0.2827339172363281 0.9451879858970642 -54.11526870727539 
-0.6896886825561523 -0.6523282527923584 0.31432050466537476 -378.0390930175781 
0.7054418921470642 -0.7032278180122375 0.08844441920518875 -1490.81689453125 
0.0 0.0 0.0 1.0
0.17245106399059296 0.2905455529689789 0.9411928653717041 -49.43541717529297 
-0.6768345832824707 -0.659258246421814 0.3275263011455536 -365.9546813964844 
0.7156504988670349 -0.6935141086578369 0.08296147733926773 -1485.29833984375 
0.0 0.0 0.0 1.0
0.18129904568195343 0.2992328703403473 0.9367978572845459 -44.61448669433594 
-0.6635341048240662 -0.6658607125282288 0.34110400080680847 -353.23968505859375 
0.7258464097976685 -0.6834391951560974 0.07783129811286926 -1479.712646484375 
0.0 0.0 0.0 1.0
0.18906362354755402 0.3071417510509491 0.9326944351196289 -40.410972595214844 
-0.6510679125785828 -0.671826958656311 0.35321253538131714 -341.54931640625 
0.7350956201553345 -0.6740270256996155 0.07295210659503937 -1474.802978515625 
0.0 0.0 0.0 1.0
0.19631782174110413 0.31401923298835754 0.9288978576660156 -36.88566589355469 
-0.6395539045333862 -0.6770774126052856 0.36405637860298157 -331.0608825683594 
0.7432564496994019 -0.6655510067939758 0.0679098591208458 -1470.5916748046875 
0.0 0.0 0.0 1.0
0.20456257462501526 0.32220378518104553 0.9243045449256897 -32.78506088256836 
-0.6262704730033875 -0.6826319098472595 0.37656211853027344 -318.4334716796875 
0.7522894740104675 -0.6558951735496521 0.06214575096964836 -1465.751708984375 
0.0 0.0 0.0 1.0
0.21098457276821136 0.32803967595100403 0.9208015203475952 -29.806472778320312 
-0.6161142587661743 -0.6866976618766785 0.3858102262020111 -308.8431091308594 
0.7588733434677124 -0.6487189531326294 0.05722730606794357 -1462.282958984375 
0.0 0.0 0.0 1.0
0.21859759092330933 0.33648592233657837 0.91596519947052 -26.109230041503906 
-0.6026619672775269 -0.6917020082473755 0.39792823791503906 -296.5980224609375 
0.7674722671508789 -0.639003574848175 0.051582884043455124 -1457.9755859375 
0.0 0.0 0.0 1.0
0.22498910129070282 0.34485676884651184 0.911292314529419 -22.602622985839844 
-0.5892108678817749 -0.6967356204986572 0.40913325548171997 -284.65753173828125 
0.77602219581604 -0.6289938688278198 0.046435412019491196 -1453.92919921875 
0.0 0.0 0.0 1.0
0.23156951367855072 0.3521284759044647 0.9068523049354553 -19.569438934326172 
-0.5765677690505981 -0.7011448740959167 0.41948238015174866 -273.6555480957031 
0.7835465669631958 -0.6200011372566223 0.04066215455532074 -1450.4058837890625 
0.0 0.0 0.0 1.0
0.23812948167324066 0.35902824997901917 0.9024372696876526 -16.808578491210938 
-0.5653159618377686 -0.7043104767799377 0.4293769598007202 -262.8440246582031 
0.7897545099258423 -0.6124095320701599 0.0352473221719265 -1447.215576171875 
0.0 0.0 0.0 1.0
0.24489451944828033 0.36699575185775757 0.8974078297615051 -13.79165267944336 
-0.5511795878410339 -0.7087777256965637 0.4402672350406647 -250.68576049804688 
0.7976388931274414 -0.6024518609046936 0.028704781085252762 -1443.7288818359375 
0.0 0.0 0.0 1.0
0.2512112855911255 0.373730331659317 0.8928709626197815 -11.413589477539062 
-0.5394799709320068 -0.7118284702301025 0.44973504543304443 -240.13291931152344 
0.8036505579948425 -0.5946645736694336 0.02280069701373577 -1440.9049072265625 
0.0 0.0 0.0 1.0
0.25717705488204956 0.38227158784866333 0.8875406384468079 -8.5804443359375 
-0.5250381827354431 -0.7157790660858154 0.4604294002056122 -227.76832580566406 
0.8112921118736267 -0.5844046473503113 0.016625257208943367 -1437.695556640625 
0.0 0.0 0.0 1.0
0.26128312945365906 0.38834652304649353 0.8836957216262817 -6.534770965576172 
-0.514311671257019 -0.7187101244926453 0.46790942549705505 -218.68563842773438 
0.8168321251869202 -0.5767518281936646 0.011944327503442764 -1435.50927734375 
0.0 0.0 0.0 1.0
0.2683316171169281 0.3971962034702301 0.8776293396949768 -3.867443084716797 
-0.49822843074798584 -0.7225080728530884 0.47932296991348267 -205.3872528076172 
0.8244795799255371 -0.565877377986908 0.004022658336907625 -1432.5394287109375 
0.0 0.0 0.0 1.0
0.27259203791618347 0.4031737446784973 0.8735814094543457 -2.1960792541503906 
-0.4879700243473053 -0.7245898246765137 0.4866773784160614 -196.2215576171875 
0.829203724861145 -0.558945894241333 -0.0007807170040905476 -1430.5576171875 
0.0 0.0 0.0 1.0
0.27728140354156494 0.41146066784858704 0.8682253360748291 0.0667572021484375 
-0.4737992286682129 -0.7275820374488831 0.49612367153167725 -184.44346618652344 
0.8358405232429504 -0.5489303469657898 -0.006795198656618595 -1428.1771240234375 
0.0 0.0 0.0 1.0
0.28315895795822144 0.4194784164428711 0.8624725341796875 2.0453109741210938 
-0.45910096168518066 -0.7302648425102234 0.5059046745300293 -172.40476989746094 
0.8420494794845581 -0.5392134189605713 -0.014198113232851028 -1425.9796142578125 
0.0 0.0 0.0 1.0
0.2874063551425934 0.4265486001968384 0.8575860857963562 3.782611846923828 
-0.4465152621269226 -0.7324479818344116 0.5139495134353638 -161.7084503173828 
0.8473616242408752 -0.5306376218795776 -0.020049763843417168 -1424.123291015625 
0.0 0.0 0.0 1.0
0.29149094223976135 0.4330372214317322 0.8529430031776428 5.199432373046875 
-0.43476685881614685 -0.7342705726623535 0.5213679075241089 -152.0514678955078 
0.8520626425743103 -0.522805392742157 -0.02576296590268612 -1422.586181640625 
0.0 0.0 0.0 1.0
0.2956991493701935 0.44135794043540955 0.8472102284431458 6.918060302734375 
-0.420209139585495 -0.7363636493682861 0.5302761793136597 -140.3301239013672 
0.8578963875770569 -0.5128077268600464 -0.03227946162223816 -1420.8145751953125 
0.0 0.0 0.0 1.0
0.300454705953598 0.4484643042087555 0.8417878746986389 8.253326416015625 
-0.4068240821361542 -0.7380003929138184 0.5383768081665039 -128.92889404296875 
0.8626825213432312 -0.5042173862457275 -0.03928961977362633 -1419.3316650390625 
0.0 0.0 0.0 1.0
0.30413201451301575 0.45602136850357056 0.8363900184631348 9.569873809814453 
-0.39384108781814575 -0.7392448782920837 0.546265721321106 -118.0834732055664 
0.867405891418457 -0.49554166197776794 -0.045228105038404465 -1417.9317626953125 
0.0 0.0 0.0 1.0
0.3083384931087494 0.4633648693561554 0.8307950496673584 10.73086166381836 
-0.3796939551830292 -0.7408154606819153 0.5540983080863953 -106.67733001708984 
0.8722155094146729 -0.4862976670265198 -0.05248507857322693 -1416.70068359375 
0.0 0.0 0.0 1.0
0.31134408712387085 0.47061505913734436 0.8255824446678162 11.767990112304688 
-0.366659551858902 -0.7420005798339844 0.5612449049949646 -96.22327423095703 
0.8767129778862 -0.4774479568004608 -0.0584619902074337 -1415.65283203125 
0.0 0.0 0.0 1.0
0.3154940605163574 0.478207528591156 0.8196224570274353 12.75406265258789 
-0.35300320386886597 -0.7426015734672546 0.569149911403656 -84.72271728515625 
0.8808246850967407 -0.46889281272888184 -0.06547757983207703 -1414.632568359375 
0.0 0.0 0.0 1.0
0.31956747174263 0.48685818910598755 0.8129242658615112 13.689950942993164 
-0.3364260196685791 -0.7437211275100708 0.5776646137237549 -71.88822174072266 
0.8858296871185303 -0.458091676235199 -0.07387732714414597 -1413.7374267578125 
0.0 0.0 0.0 1.0
0.322902113199234 0.4948570132255554 0.8067532181739807 14.50045394897461 
-0.3209468126296997 -0.7446521520614624 0.5852232575416565 -59.95982360839844 
0.8903523683547974 -0.4478946924209595 -0.08162695914506912 -1413.0355224609375 
0.0 0.0 0.0 1.0
0.3258500099182129 0.5022883415222168 0.8009545207023621 15.11566162109375 
-0.30690452456474304 -0.7451140880584717 0.5921272039413452 -49.39994812011719 
0.8942210674285889 -0.43876123428344727 -0.08864086866378784 -1412.5465087890625 
0.0 0.0 0.0 1.0
0.32815951108932495 0.5102646350860596 0.7949473857879639 15.744029998779297 
-0.29243582487106323 -0.7453305125236511 0.5991358160972595 -37.7374267578125 
0.8982163667678833 -0.4290832281112671 -0.09536763280630112 -1412.0694580078125 
0.0 0.0 0.0 1.0
0.33144521713256836 0.5178873538970947 0.7886296510696411 16.114099502563477 
-0.2768838703632355 -0.7456793189048767 0.6060508489608765 -25.876314163208008 
0.9019309282302856 -0.41923150420188904 -0.10375720262527466 -1411.8682861328125 
0.0 0.0 0.0 1.0
0.3337024748325348 0.5252756476402283 0.782769501209259 16.398006439208984 
