DataSet: 1
0.52734375 8.4375 -2.8125 3.955078125 1.26192333613531 7.91015625 -97.470703125
650.713 339.470 -78.814 738.159
-0.3470711 -0.1390133 0.9274788 650.713 -0.03972492 0.9902449 0.1335554 339.4698 -0.9369971 0.009509199 -0.3492076 -78.81393 0 0 0 1
DataSet: 2
-1.93359375 8.4375 -2.8125 3.955078125 1.26192333613531 7.91015625 -97.3828125
653.497 339.470 -50.801 738.159
-0.3050731 -0.1392934 0.9420869 653.497 -0.03952001 0.9902449 0.1336162 339.4698 -0.9515086 0.00353144 -0.307602 -50.80076 0 0 0 1
DataSet: 3
-3.779296875 8.4375 -2.8125 3.955078125 1.26192333613531 7.91015625 -97.3828125
654.794 339.470 -29.727 738.159
-0.2742687 -0.1393349 0.9515054 654.7941 -0.03952001 0.9902449 0.1336162 339.4698 -0.9608407 -0.000956758 -0.2770996 -29.72656 0 0 0 1
DataSet: 4
-4.306640625 8.4375 -2.8125 3.955078125 1.26192333613531 7.91015625 -97.3828125
655.040 339.470 -23.699 738.159
-0.2654137 -0.1393202 0.9540154 655.04 -0.03952001 0.9902449 0.1336162 339.4698 -0.9633243 -0.002239122 -0.2683305 -23.69873 0 0 0 1
DataSet: 5
-5.185546875 8.4375 -2.8125 3.955078125 1.26192333613531 7.91015625 -97.3828125
655.326 339.470 -13.648 738.159
-0.2506059 -0.1392694 0.9580192 655.3265 -0.03952001 0.9902449 0.1336162 339.4698 -0.9672822 -0.004375919 -0.2536651 -13.64815 0 0 0 1
DataSet: 6
-6.15234375 8.4375 -2.8125 3.955078125 1.26192333613531 7.91015625 -97.3828125
655.463 339.470 -2.589 738.159
-0.2342492 -0.1391758 0.9621629 655.4634 -0.03952001 0.9902449 0.1336162 339.4698 -0.971373 -0.006725187 -0.2374643 -2.588892 0 0 0 1
DataSet: 7
-7.119140625 8.4375 -2.8125 3.955078125 1.26192333613531 7.91015625 -97.3828125
655.414 339.470 8.471 738.159
-0.2178259 -0.1390425 0.9660326 655.4138 -0.03952001 0.9902449 0.1336162 339.4698 -0.9751872 -0.009072541 -0.221196 8.471105 0 0 0 1
DataSet: 8
-7.91015625 8.4375 -2.8125 3.955078125 1.26192333613531 7.91015625 -97.3828125
655.234 339.470 17.519 738.159
-0.2043423 -0.138904 0.9689943 655.2344 -0.03952001 0.9902449 0.1336162 339.4698 -0.9781014 -0.01099121 -0.2078384 17.51854 0 0 0 1
DataSet: 9
-9.140625 8.4375 -2.8125 3.8671875 1.26192333613531 7.91015625 -97.3828125
654.726 339.470 31.717 738.182
-0.1817844 -0.1386143 0.9735196 654.7264 -0.03952001 0.9902449 0.1336162 339.4698 -0.9825439 -0.01418416 -0.1854891 31.71734 0 0 0 1
DataSet: 10
-9.931640625 8.4375 -2.8125 3.955078125 1.26192333613531 7.91015625 -97.3828125
654.209 339.470 40.621 738.159
-0.1697134 -0.1384298 0.9757226 654.2087 -0.03952001 0.9902449 0.1336162 339.4698 -0.9847007 -0.01588411 -0.1735285 40.62053 0 0 0 1
DataSet: 11
-10.986328125 8.4375 -2.8125 3.955078125 1.26192333613531 7.91015625 -97.3828125
653.350 339.470 52.655 738.159
-0.1515595 -0.138114 0.9787514 653.3502 -0.03952001 0.9902449 0.1336162 339.4698 -0.9876578 -0.01842945 -0.1555393 52.65549 0 0 0 1
DataSet: 12
-12.041015625 8.4375 -2.8125 3.955078125 1.26192333613531 7.91015625 -97.470703125
652.270 339.470 64.673 738.159
-0.1348596 -0.1377514 0.9812428 652.2703 -0.03972492 0.9902449 0.1335554 339.4698 -0.9900681 -0.02096856 -0.1390162 64.67262 0 0 0 1
DataSet: 13
-13.095703125 8.4375 -2.8125 3.955078125 1.26192333613531 7.91015625 -97.470703125
650.969 339.470 76.668 738.159
-0.1166129 -0.1373421 0.9836354 650.9694 -0.03972492 0.9902449 0.1335554 339.4698 -0.9923826 -0.02350056 -0.1209312 76.66782 0 0 0 1
DataSet: 14
-14.0625 8.4375 -2.8125 3.955078125 1.26198659911661 7.998046875 -97.470703125
649.043 339.394 87.626 737.648
-0.09982435 -0.1384447 0.9853264 649.0433 -0.0399235 0.9900326 0.1350612 339.3944 -0.9942038 -0.02585528 -0.1043565 87.62624 0 0 0 1
DataSet: 15
-15.1171875 8.4375 -2.8125 3.955078125 1.26192333613531 7.91015625 -97.470703125
647.860 339.470 99.583 738.159
-0.08153475 -0.1364276 0.987289 647.8599 -0.03972492 0.9902449 0.1335554 339.4698 -0.9958785 -0.02833057 -0.08615895 99.58256 0 0 0 1
DataSet: 16
-15.99609375 8.4375 -2.8125 3.955078125 1.26192333613531 7.91015625 -97.470703125
646.256 339.470 109.508 738.159
-0.06624917 -0.135977 0.9884945 646.2561 -0.03972492 0.9902449 0.1335554 339.4698 -0.997012 -0.03041993 -0.07100458 109.5085 0 0 0 1
DataSet: 17
-16.962890625 8.4375 -2.8125 3.955078125 1.26192333613531 7.91015625 -97.470703125
644.316 339.470 120.397 738.159
-0.04941717 -0.1354444 0.9895518 644.3163 -0.03972492 0.9902449 0.1335554 339.4698 -0.9979879 -0.03270994 -0.05431561 120.3972 0 0 0 1
DataSet: 18
-17.9296875 8.4375 -2.8125 3.8671875 1.26192333613531 7.91015625 -97.470703125
642.192 339.470 131.385 738.182
-0.0310391 -0.1348194 0.9903839 642.1921 -0.03972492 0.9902449 0.1335554 339.4698 -0.9987285 -0.03519749 -0.036092 131.3853 0 0 0 1
DataSet: 19
-19.072265625 8.4375 -2.8125 3.955078125 1.26198659911661 7.998046875 -97.3828125
638.912 339.394 143.970 737.648
-0.01110392 -0.135658 0.9906935 638.9119 -0.03971627 0.9900326 0.1351223 339.3944 -0.9991493 -0.03784626 -0.01638108 143.9696 0 0 0 1
DataSet: 20
-20.0390625 8.4375 -2.8125 3.955078125 1.26192333613531 7.91015625 -97.3828125
636.927 339.470 154.800 738.159
0.005729835 -0.1334939 0.9910331 636.927 -0.03952001 0.9902449 0.1336162 339.4698 -0.9992024 -0.03993123 0.0003982602 154.8 0 0 0 1
DataSet: 1
-21.09375 8.4375 -2.8125 3.955078125 1.26192333613531 7.91015625 -97.470703125
633.970 339.470 166.498 738.159
0.02260093 -0.1327363 0.9908937 633.9697 -0.03972492 0.9902449 0.1335554 339.4698 -0.998955 -0.04238165 0.01710751 166.4975 0 0 0 1
DataSet: 2
-22.060546875 8.4375 -2.8125 3.955078125 1.26192333613531 7.91015625 -97.470703125
631.070 339.470 177.171 738.159
0.03945307 -0.1320023 0.990464 631.0702 -0.03972492 0.9902449 0.1335554 339.4698 -0.9984314 -0.04461528 0.03382442 177.1708 0 0 0 1
DataSet: 3
-23.02734375 8.4375 -2.8125 3.955078125 1.26192333613531 7.91015625 -97.470703125
627.991 339.470 187.794 738.159
0.05629397 -0.1312307 0.9897522 627.991 -0.03972492 0.9902449 0.1335554 339.4698 -0.9976236 -0.0468362 0.05053169 187.7936 0 0 0 1
DataSet: 4
-23.994140625 8.4375 -2.8125 3.955078125 1.26192333613531 7.91015625 -97.470703125
624.733 339.470 198.363 738.159
0.07311885 -0.1304217 0.9887587 624.7329 -0.03972492 0.9902449 0.1335554 339.4698 -0.9965318 -0.04904378 0.06722457 198.3629 0 0 0 1
DataSet: 5
-24.9609375 8.4375 -2.8125 3.955078125 1.26192333613531 7.91015625 -97.470703125
621.297 339.470 208.876 738.159
0.08992291 -0.1295757 0.9874837 621.297 -0.03972492 0.9902449 0.1335554 339.4698 -0.9951562 -0.05123741 0.08389831 208.8758 0 0 0 1
DataSet: 6
-26.015625 8.4375 -2.8125 3.955078125 1.26192333613531 7.91015625 -97.470703125
617.347 339.470 220.276 738.159
0.1082252 -0.1286106 0.9857721 617.347 -0.03972492 0.9902449 0.1335554 339.4698 -0.9933324 -0.05361379 0.1020605 220.2765 0 0 0 1
DataSet: 7
-26.982421875 8.4375 -2.8125 3.955078125 1.26192333613531 7.91015625 -97.470703125
613.542 339.470 230.662 738.159
0.1249703 -0.1276877 0.9839097 613.5424 -0.03972492 0.9902449 0.1335554 339.4698 -0.9913649 -0.0557762 0.1186788 230.6616 0 0 0 1
DataSet: 8
-28.037109375 8.4375 -2.8125 3.955078125 1.26192333613531 7.91015625 -97.470703125
609.193 339.470 241.916 738.159
0.1431969 -0.1266394 0.9815585 609.1927 -0.03972492 0.9902449 0.1335554 339.4698 -0.9888967 -0.05811707 0.1367693 241.9158 0 0 0 1
DataSet: 9
-29.00390625 8.4375 -2.8125 3.955078125 1.26192333613531 7.91015625 -97.470703125
605.024 339.470 252.160 738.159
0.1598622 -0.1256407 0.9791111 605.0242 -0.03972492 0.9902449 0.1335554 339.4698 -0.9863397 -0.06024558 0.1533117 252.1603 0 0 0 1
DataSet: 10
-30.05859375 8.4375 -2.8125 3.955078125 1.26192333613531 7.91015625 -97.470703125
600.280 339.470 263.254 738.159
0.1779904 -0.1245105 0.9761232 600.2802 -0.03972492 0.9902449 0.1335554 339.4698 -0.9832301 -0.062548 0.1713079 263.2541 0 0 0 1
DataSet: 11
-31.025390625 8.4375 -2.8125 3.8671875 1.26192333613531 7.91015625 -97.470703125
595.721 339.470 273.475 738.182
0.1960583 -0.1233381 0.9728046 595.7215 -0.03972492 0.9902449 0.1335554 339.4698 -0.9797872 -0.06482924 0.1892461 273.4751 0 0 0 1
DataSet: 12
-31.9921875 8.4375 -2.8125 3.955078125 1.26192333613531 7.91015625 -97.470703125
591.056 339.470 283.358 738.159
0.2110644 -0.1223292 0.9697873 591.0559 -0.03972492 0.9902449 0.1335554 339.4698 -0.9766646 -0.06671352 0.2041459 283.3584 0 0 0 1
DataSet: 13
-33.134765625 8.4375 -2.8125 3.955078125 1.26192333613531 7.91015625 -97.470703125
585.288 339.470 295.088 738.159
0.2304975 -0.1209746 0.9655237 585.2881 -0.03972492 0.9902449 0.1335554 339.4698 -0.9722617 -0.06913956 0.2234433 295.0879 0 0 0 1
DataSet: 14
-34.1015625 8.4375 -2.8125 3.955078125 1.26192333613531 7.91015625 -97.470703125
580.226 339.470 304.921 738.159
0.2468697 -0.1197907 0.9616161 580.2258 -0.03972492 0.9902449 0.1335554 339.4698 -0.9682341 -0.07117091 0.2397028 304.9215 0 0 0 1
DataSet: 15
-34.98046875 8.4375 -2.8125 3.955078125 1.26192333613531 7.91015625 -97.470703125
575.480 339.470 313.786 738.159
0.2616926 -0.118685 0.9578261 575.4803 -0.03972492 0.9902449 0.1335554 339.4698 -0.9643334 -0.07300004 0.254425 313.7858 0 0 0 1
DataSet: 16
-36.123046875 8.4375 -2.8125 3.955078125 1.26192333613531 7.91015625 -97.470703125
569.109 339.470 325.199 738.159
0.2808698 -0.1172057 0.9525623 569.1088 -0.03972492 0.9902449 0.1335554 339.4698 -0.9589234 -0.07535215 0.2734739 325.1987 0 0 0 1
DataSet: 17
-37.08984375 8.4375 -2.8125 3.955078125 1.26192333613531 7.91015625 -97.470703125
563.541 339.470 334.755 738.159
0.2970097 -0.1159176 0.9478124 563.5407 -0.03972492 0.9902449 0.1335554 339.4698 -0.9540478 -0.07731903 0.2895075 334.755 0 0 0 1
DataSet: 18
-38.056640625 8.4375 -2.8125 3.955078125 1.26192333613531 7.91015625 -97.470703125
557.812 339.470 344.216 738.159
0.3130651 -0.1145965 0.9427926 557.8122 -0.03972492 0.9902449 0.1335554 339.4698 -0.9489005 -0.0792639 0.3054587 344.216 0 0 0 1
DataSet: 19
-39.111328125 8.4375 -2.8125 3.955078125 1.26192333613531 7.91015625 -97.470703125
551.382 339.470 354.425 738.159
0.3304782 -0.1131181 0.9370104 551.3818 -0.03972492 0.9902449 0.1335554 339.4698 -0.9429772 -0.08135982 0.3227607 354.4251 0 0 0 1
DataSet: 20
-40.078125 8.4375 -2.8125 3.955078125 1.26192333613531 7.91015625 -97.470703125
545.323 339.470 363.678 738.159
0.346342 -0.1117292 0.9314311 545.3231 -0.03972492 0.9902449 0.1335554 339.4698 -0.9372669 -0.08325688 0.3385249 363.6782 0 0 0 1
DataSet: 21
-39.0234375 8.4375 -2.8125 3.955078125 1.26192333613531 7.91015625 -97.470703125
551.925 339.470 353.579 738.159
0.3290313 -0.1132428 0.9375044 551.9248 -0.03972492 0.9902449 0.1335554 339.4698 -0.9434831 -0.08118621 0.3213229 353.5789 0 0 0 1
DataSet: 22
-38.056640625 8.4375 -2.8125 3.955078125 1.26192333613531 7.91015625 -97.470703125
557.812 339.470 344.216 738.159
0.3130651 -0.1145965 0.9427926 557.8122 -0.03972492 0.9902449 0.1335554 339.4698 -0.9489005 -0.0792639 0.3054587 344.216 0 0 0 1
DataSet: 23
-37.08984375 8.4375 -2.8125 3.955078125 1.26192333613531 7.91015625 -97.470703125
563.541 339.470 334.755 738.159
0.2970097 -0.1159176 0.9478124 563.5407 -0.03972492 0.9902449 0.1335554 339.4698 -0.9540478 -0.07731903 0.2895075 334.755 0 0 0 1
DataSet: 24
-36.03515625 8.4375 -2.8125 3.955078125 1.26192333613531 7.91015625 -97.470703125
569.607 339.470 324.325 738.159
0.2793985 -0.1173212 0.9529807 569.607 -0.03972492 0.9902449 0.1335554 339.4698 -0.9593531 -0.07517227 0.2720123 324.3253 0 0 0 1
DataSet: 25
-34.98046875 8.4375 -2.8125 3.955078125 1.26192333613531 7.91015625 -97.470703125
575.480 339.470 313.786 738.159
0.2616926 -0.118685 0.9578261 575.4803 -0.03972492 0.9902449 0.1335554 339.4698 -0.9643334 -0.07300004 0.254425 313.7858 0 0 0 1
DataSet: 26
-34.013671875 8.4375 -2.8125 3.955078125 1.26192333613531 7.91015625 -97.470703125
580.693 339.470 304.031 738.159
0.2453841 -0.1198998 0.9619827 580.6928 -0.03972492 0.9902449 0.1335554 339.4698 -0.9686117 -0.07098708 0.2382274 304.0311 0 0 0 1
DataSet: 27
-32.958984375 8.4375 -2.8125 3.955078125 1.26192333613531 7.91015625 -97.470703125
586.191 339.470 293.291 738.159
0.2275136 -0.1211861 0.9662047 586.1907 -0.03972492 0.9902449 0.1335554 339.4698 -0.9729643 -0.06876808 0.2204801 293.2909 0 0 0 1
DataSet: 28
-32.080078125 8.4375 -2.8125 3.955078125 1.26192333613531 7.91015625 -97.470703125
590.621 339.470 284.265 738.159
0.2125623 -0.1222267 0.969473 590.6205 -0.03972492 0.9902449 0.1335554 339.4698 -0.9763397 -0.0669011 0.2056333 284.2647 0 0 0 1
DataSet: 29
-31.025390625 8.4375 -2.8125 3.955078125 1.26192333613531 7.91015625 -97.470703125
595.753 339.470 273.345 738.159
0.1945551 -0.1234374 0.9730938 595.7529 -0.03972492 0.9902449 0.1335554 339.4698 -0.9800869 -0.06463996 0.1877536 273.3451 0 0 0 1
DataSet: 30
-30.05859375 8.4375 -2.8125 3.955078125 1.26192333613531 7.91015625 -97.470703125
600.280 339.470 263.254 738.159
0.1779904 -0.1245105 0.9761232 600.2802 -0.03972492 0.9902449 0.1335554 339.4698 -0.9832301 -0.062548 0.1713079 263.2541 0 0 0 1
DataSet: 31
-28.916015625 8.4375 -2.8125 3.955078125 1.26192333613531 7.91015625 -97.470703125
605.410 339.470 251.232 738.159
0.158349 -0.125733 0.9793451 605.4103 -0.03972492 0.9902449 0.1335554 339.4698 -0.9865838 -0.06005277 0.1518095 251.2319 0 0 0 1
DataSet: 32
-27.94921875 8.4375 -2.8125 3.955078125 1.26192333613531 7.91015625 -97.470703125
609.563 339.470 240.981 738.159
0.1416798 -0.1267284 0.9817672 609.5631 -0.03972492 0.9902449 0.1335554 339.4698 -0.9891151 -0.05792274 0.1352634 240.9811 0 0 0 1
DataSet: 33
-27.0703125 8.4375 -2.8125 3.955078125 1.26192333613531 7.91015625 -97.470703125
613.188 339.470 231.602 738.159
0.1264909 -0.127602 0.9837265 613.1879 -0.03972492 0.9902449 0.1335554 339.4698 -0.991172 -0.05597201 0.120188 231.6025 0 0 0 1
DataSet: 34
-26.015625 8.4375 -2.8125 3.955078125 1.26192333613531 7.91015625 -97.470703125
617.347 339.470 220.276 738.159
0.1082252 -0.1286106 0.9857721 617.347 -0.03972492 0.9902449 0.1335554 339.4698 -0.9933324 -0.05361379 0.1020605 220.2765 0 0 0 1
DataSet: 35
-24.9609375 8.4375 -2.8125 3.8671875 1.26192333613531 7.91015625 -97.470703125
621.280 339.470 209.008 738.182
0.09144936 -0.1294969 0.9873538 621.2795 -0.03972492 0.9902449 0.1335554 339.4698 -0.9950171 -0.05143611 0.085413 209.0083 0 0 0 1
DataSet: 36
-23.994140625 8.4375 -2.8125 3.955078125 1.26192333613531 7.91015625 -97.470703125
624.733 339.470 198.363 738.159
0.07311885 -0.1304217 0.9887587 624.7329 -0.03972492 0.9902449 0.1335554 339.4698 -0.9965318 -0.04904378 0.06722457 198.3629 0 0 0 1
DataSet: 37
-23.02734375 8.4375 -2.8125 3.955078125 1.26192333613531 7.91015625 -97.470703125
627.991 339.470 187.794 738.159
0.05629397 -0.1312307 0.9897522 627.991 -0.03972492 0.9902449 0.1335554 339.4698 -0.9976236 -0.0468362 0.05053169 187.7936 0 0 0 1
DataSet: 38
-21.97265625 8.4375 -2.8125 3.955078125 1.26192333613531 7.91015625 -97.470703125
631.341 339.470 176.203 738.159
0.03792145 -0.1320706 0.9905147 631.3412 -0.03972492 0.9902449 0.1335554 339.4698 -0.9984908 -0.04441274 0.03230502 176.2025 0 0 0 1
DataSet: 39
-21.005859375 8.4375 -2.8125 3.955078125 1.26192333613531 7.91015625 -97.470703125
634.224 339.470 165.525 738.159
0.02106852 -0.1328011 0.9909188 634.2244 -0.03972492 0.9902449 0.1335554 339.4698 -0.9989885 -0.04217799 0.01558748 165.5248 0 0 0 1
DataSet: 40
-20.0390625 8.4375 -2.8125 3.955078125 1.26192333613531 7.91015625 -97.470703125
636.927 339.470 154.800 738.159
0.004209603 -0.1334939 0.9910407 636.927 -0.03972492 0.9902449 0.1335554 339.4698 -0.9992018 -0.03993123 -0.001134497 154.8 0 0 0 1
DataSet: 41
-18.896484375 8.4375 -2.8125 3.955078125 1.26192333613531 7.91015625 -97.470703125
639.887 339.470 142.069 738.159
-0.01571575 -0.1342636 0.990821 639.8871 -0.03972492 0.9902449 0.1335554 339.4698 -0.999087 -0.03726137 -0.02089605 142.0686 0 0 0 1
DataSet: 42
-18.017578125 8.4375 -2.8125 3.955078125 1.26192333613531 7.91015625 -97.470703125
641.991 339.470 132.237 738.159
-0.0310391 -0.1348194 0.9903839 641.9911 -0.03972492 0.9902449 0.1335554 339.4698 -0.9987285 -0.03519749 -0.036092 132.2365 0 0 0 1
DataSet: 43
-16.962890625 8.4375 -2.8125 3.955078125 1.26198659911661 7.998046875 -97.470703125
643.778 339.394 120.355 737.648
-0.04939001 -0.1369591 0.9893447 643.7781 -0.0399235 0.9900326 0.1350612 339.3944 -0.9979813 -0.03282742 -0.0543656 120.3554 0 0 0 1
DataSet: 44
-16.083984375 8.4375 -2.8125 3.955078125 1.26192333613531 7.91015625 -97.470703125
646.087 339.470 110.500 738.159
-0.0647197 -0.1359302 0.9886022 646.0873 -0.03972492 0.9902449 0.1335554 339.4698 -0.9971125 -0.03062848 -0.06948816 110.4997 0 0 0 1
DataSet: 45
-14.94140625 8.4375 -2.8125 3.955078125 1.26192333613531 7.91015625 -97.470703125
648.162 339.470 97.594 738.159
-0.08458968 -0.1365139 0.98702 648.1623 -0.03972492 0.9902449 0.1335554 339.4698 -0.9956237 -0.02791188 -0.0891875 97.59448 0 0 0 1
DataSet: 46
-14.0625 8.4375 -2.8125 3.955078125 1.26198659911661 7.998046875 -97.470703125
649.043 339.394 87.626 737.648
-0.09982435 -0.1384447 0.9853264 649.0433 -0.0399235 0.9900326 0.1350612 339.3944 -0.9942038 -0.02585528 -0.1043565 87.62624 0 0 0 1
DataSet: 47
-13.0078125 8.4375 -2.8125 3.955078125 1.26192333613531 7.91015625 -97.470703125
651.086 339.470 75.669 738.159
-0.118135 -0.137378 0.9834487 651.0862 -0.03972492 0.9902449 0.1335554 339.4698 -0.9922026 -0.02328985 -0.1224399 75.66916 0 0 0 1
DataSet: 48
-12.041015625 8.4375 -2.8125 3.955078125 1.26198659911661 7.998046875 -97.470703125
651.730 339.394 64.677 737.648
-0.134832 -0.1392705 0.9810321 651.7303 -0.0399235 0.9900326 0.1350612 339.3944 -0.9900638 -0.02095566 -0.1390482 64.6772 0 0 0 1
DataSet: 49
-10.986328125 8.4375 -2.8125 3.955078125 1.26192333613531 7.91015625 -97.470703125
653.350 339.470 52.655 738.159
-0.1530607 -0.138114 0.9785177 653.3502 -0.03972492 0.9902449 0.1335554 339.4698 -0.987418 -0.01842945 -0.1570541 52.65549 0 0 0 1
DataSet: 50
-9.931640625 8.4375 -2.8125 3.955078125 1.26192333613531 7.91015625 -97.470703125
654.209 339.470 40.621 738.159
-0.1712099 -0.1384298 0.9754611 654.2087 -0.03972492 0.9902449 0.1335554 339.4698 -0.9844334 -0.01588411 -0.1750388 40.62053 0 0 0 1
DataSet: 51
-8.96484375 8.4375 -2.8125 3.955078125 1.26192333613531 7.91015625 -97.470703125
654.801 339.470 29.576 738.159
-0.1877959 -0.1386781 0.9723688 654.801 -0.03972492 0.9902449 0.1335554 339.4698 -0.9814044 -0.01354612 -0.1914729 29.5763 0 0 0 1
DataSet: 52
-8.0859375 8.4375 -2.8125 3.955078125 1.26192333613531 7.91015625 -97.470703125
655.178 339.470 19.529 738.159
-0.2028277 -0.1388696 0.9693174 655.1776 -0.03972492 0.9902449 0.1335554 339.4698 -0.9784083 -0.01141731 -0.2063657 19.52869 0 0 0 1
DataSet: 53
-6.943359375 8.4375 -2.8125 3.955078125 1.26192333613531 7.91015625 -97.470703125
655.437 339.470 6.460 738.159
-0.2222973 -0.1390697 0.9650096 655.4368 -0.03972492 0.9902449 0.1335554 339.4698 -0.9741693 -0.008645922 -0.2256533 6.460283 0 0 0 1
DataSet: 54
-5.9765625 8.4375 -2.8125 3.955078125 1.26192333613531 7.91015625 -97.470703125
655.452 339.470 -4.600 738.159
-0.2387028 -0.1391957 0.9610648 655.4525 -0.03972492 0.9902449 0.1335554 339.4698 -0.9702798 -0.00629817 -0.2419038 -4.599813 0 0 0 1
DataSet: 55
-5.09765625 8.4375 -2.8125 3.955078125 1.26192333613531 7.91015625 -97.470703125
655.305 339.470 -14.653 738.159
-0.253558 -0.139276 0.9572411 655.3047 -0.03972492 0.9902449 0.1335554 339.4698 -0.9665042 -0.004162277 -0.2566172 -14.65339 0 0 0 1
DataSet: 56
-3.955078125 8.4375 -2.8125 3.955078125 1.26192333613531 7.91015625 -97.470703125
654.882 339.470 -27.718 738.159
-0.2727801 -0.1393313 0.9519337 654.8823 -0.03972492 0.9902449 0.1335554 339.4698 -0.9612559 -0.001384227 -0.275654 -27.71754 0 0 0 1
DataSet: 57
-2.98828125 8.4375 -2.8125 3.955078125 1.26192333613531 7.91015625 -97.470703125
654.321 339.470 -38.763 738.159
-0.2889605 -0.1393348 0.9471471 654.3214 -0.03972492 0.9902449 0.1335554 339.4698 -0.9565164 0.0009669054 -0.2916768 -38.76341 0 0 0 1
DataSet: 58
-1.93359375 8.4375 -2.8125 3.955078125 1.26192333613531 7.91015625 -97.470703125
653.497 339.470 -50.801 738.159
-0.3065179 -0.1392934 0.9416178 653.497 -0.03972492 0.9902449 0.1335554 339.4698 -0.9510356 0.00353144 -0.3090612 -50.80076 0 0 0 1
DataSet: 59
-1.0546875 8.4375 -2.8125 3.955078125 1.26192333613531 7.91015625 -97.470703125
652.641 339.470 -60.819 738.159
-0.32107 -0.1392228 0.9367663 652.6409 -0.03972492 0.9902449 0.1335554 339.4698 -0.9462219 0.005667674 -0.3234685 -60.81891 0 0 0 1
DataSet: 60
0.087890625 8.4375 -2.8125 3.955078125 1.26192333613531 7.91015625 -97.470703125
651.298 339.470 -73.821 738.159
-0.3398742 -0.1390821 0.9301299 651.2983 -0.03972492 0.9902449 0.1335554 339.4698 -0.9396315 0.008442711 -0.3420838 -73.82076 0 0 0 1
DataSet: 61
0.966796875 8.4375 -2.8125 3.955078125 1.26192333613531 7.91015625 -97.470703125
650.089 339.470 -83.802 738.159
-0.3542475 -0.1389363 0.9247732 650.0894 -0.03972492 0.9902449 0.1335554 339.4698 -0.9343076 0.01057513 -0.356311 -83.80247 0 0 0 1
DataSet: 62
1.93359375 8.4375 -2.8125 3.955078125 1.26192333613531 7.91015625 -97.470703125
648.583 339.470 -94.759 738.159
-0.3699616 -0.1387381 0.9186295 648.5828 -0.03972492 0.9902449 0.1335554 339.4698 -0.9281974 0.01291789 -0.3718639 -94.75949 0 0 0 1
DataSet: 63
3.076171875 8.4375 -2.8125 3.955078125 1.26192333613531 7.91015625 -97.470703125
646.564 339.470 -107.674 738.159
-0.3883967 -0.1384529 0.9110317 646.5643 -0.03972492 0.9902449 0.1335554 339.4698 -0.9206356 0.01568182 -0.3901078 -107.6737 0 0 0 1
DataSet: 64
4.04296875 8.4375 -2.8125 3.955078125 1.26192333613531 7.91015625 -97.470703125
644.656 339.470 -118.568 738.159
-0.4038753 -0.1381686 0.9043198 644.6555 -0.03972492 0.9902449 0.1335554 339.4698 -0.9139512 0.0180157 -0.4054241 -118.5678 0 0 0 1
DataSet: 65
5.09765625 8.4375 -2.8125 3.955078125 1.26192333613531 7.91015625 -97.470703125
642.364 339.470 -130.414 738.159
-0.4206297 -0.1378136 0.896704 642.3638 -0.03972492 0.9902449 0.1335554 339.4698 -0.9063623 0.02055588 -0.422001 -130.4137 0 0 0 1
DataSet: 66
5.9765625 8.4375 -2.8125 3.955078125 1.26192333613531 7.91015625 -97.470703125
640.288 339.470 -140.252 738.159
-0.4344831 -0.137482 0.8901253 640.2878 -0.03972492 0.9902449 0.1335554 339.4698 -0.8998035 0.02266741 -0.4357061 -140.2517 0 0 0 1
DataSet: 67
7.03125 8.4375 -2.8125 3.955078125 1.26192333613531 7.91015625 -97.3828125
637.598 339.470 -152.014 738.159
-0.4496185 -0.1370415 0.8826454 637.5978 -0.03952001 0.9902449 0.1336162 339.4698 -0.892346 0.02519417 -0.4506483 -152.0136 0 0 0 1
DataSet: 68
8.0859375 8.4375 -2.8125 3.955078125 1.26192333613531 7.91015625 -97.3828125
634.692 339.470 -163.724 738.159
-0.4659675 -0.1365546 0.8742009 634.6917 -0.03952001 0.9902449 0.1336162 339.4698 -0.8839188 0.02771239 -0.4668185 -163.7239 0 0 0 1
DataSet: 69
8.96484375 8.4375 -2.8125 3.955078125 1.26192333613531 7.91015625 -97.3828125
632.106 339.470 -173.440 738.159
-0.4794713 -0.1361134 0.8669374 632.1056 -0.03952001 0.9902449 0.1336162 339.4698 -0.8766673 0.02980376 -0.4801732 -173.4403 0 0 0 1
DataSet: 70
9.931640625 8.4375 -2.8125 3.955078125 1.26192333613531 7.91015625 -97.3828125
629.089 339.470 -184.081 738.159
-0.494195 -0.1355911 0.858712 629.0892 -0.03952001 0.9902449 0.1336162 339.4698 -0.8684523 0.03209616 -0.4947326 -184.0811 0 0 0 1
DataSet: 71
11.07421875 8.4375 -2.8125 3.955078125 1.26192333613531 7.91015625 -97.3828125
625.293 339.470 -196.589 738.159
-0.5114141 -0.1349242 0.8486761 625.2935 -0.03952001 0.9902449 0.1336162 339.4698 -0.8584252 0.03479353 -0.5117574 -196.5889 0 0 0 1
DataSet: 72
11.953125 8.4375 -2.8125 3.955078125 1.26192333613531 7.91015625 -97.3828125
622.204 339.470 -206.157 738.159
-0.5245215 -0.1343746 0.8407263 622.2043 -0.03952001 0.9902449 0.1336162 339.4698 -0.8504795 0.03685906 -0.5247151 -206.1572 0 0 0 1
DataSet: 73
12.919921875 8.4375 -2.8125 3.955078125 1.26192333613531 7.91015625 -97.3828125
618.637 339.470 -216.626 738.159
-0.5387969 -0.1337335 0.8317531 618.6373 -0.03952001 0.9902449 0.1336162 339.4698 -0.8415082 0.03912111 -0.538826 -216.6263 0 0 0 1
DataSet: 74
14.0625 8.4375 -2.8125 3.955078125 1.26192333613531 7.91015625 -97.470703125
614.195 339.470 -228.919 738.159
-0.5567283 -0.1329269 0.8199903 614.1946 -0.03972492 0.9902449 0.1335554 339.4698 -0.8297442 0.04178004 -0.5565779 -228.9191 0 0 0 1
DataSet: 75
15.029296875 8.4375 -2.8125 3.955078125 1.26192333613531 7.91015625 -97.3828125
610.245 339.470 -239.250 738.159
-0.5694054 -0.132203 0.8113568 610.2447 -0.03952001 0.9902449 0.1336162 339.4698 -0.8211064 0.04401697 -0.5690754 -239.2499 0 0 0 1
DataSet: 76
16.083984375 8.4375 -2.8125 3.955078125 1.26192333613531 7.91015625 -97.3828125
605.737 339.470 -250.442 738.159
-0.5844228 -0.1313704 0.8007445 605.7375 -0.03952001 0.9902449 0.1336162 339.4698 -0.8104864 0.04644293 -0.5839134 -250.4419 0 0 0 1
DataSet: 77
17.05078125 8.4375 -2.8125 3.955078125 1.26192333613531 7.91015625 -97.3828125
601.426 339.470 -260.627 738.159
-0.598015 -0.130568 0.7907782 601.4255 -0.03952001 0.9902449 0.1336162 339.4698 -0.80051 0.04865293 -0.5973413 -260.6269 0 0 0 1
DataSet: 78
17.9296875 8.4375 -2.8125 3.955078125 1.26192333613531 7.91015625 -97.3828125
597.357 339.470 -269.822 738.159
-0.6102238 -0.1298064 0.7815224 597.357 -0.03952001 0.9902449 0.1336162 339.4698 -0.7912428 0.05065002 -0.6094009 -269.8216 0 0 0 1
DataSet: 79
18.984375 8.4375 -2.8125 3.955078125 1.26192333613531 7.91015625 -97.3828125
592.289 339.470 -280.771 738.159
-0.6246846 -0.1288521 0.7701729 592.2892 -0.03952001 0.9902449 0.1336162 339.4698 -0.7798765 0.05303075 -0.6236829 -280.7713 0 0 0 1
DataSet: 80
20.0390625 8.4375 -2.8125 3.955078125 1.26192333613531 7.91015625 -97.3828125
587.021 339.470 -291.626 738.159
-0.6389337 -0.1278541 0.7585624 587.0208 -0.03952001 0.9902449 0.1336162 339.4698 -0.768246 0.05539351 -0.6377536 -291.6258 0 0 0 1
DataSet: 81
21.005859375 8.4375 -2.8125 3.955078125 1.26192333613531 7.91015625 -97.3828125
582.017 339.470 -301.489 738.159
-0.6518054 -0.1269013 0.7476937 582.0167 -0.03952001 0.9902449 0.1336162 339.4698 -0.7573559 0.05754291 -0.650462 -301.4891 0 0 0 1
DataSet: 82
22.060546875 8.4375 -2.8125 3.955078125 1.26192333613531 7.91015625 -97.470703125
576.369 339.470 -312.151 738.159
-0.666763 -0.1258206 0.7345722 576.3686 -0.03972492 0.9902449 0.1335554 339.4698 -0.7442104 0.059869 -0.6652569 -312.1511 0 0 0 1
DataSet: 83
23.02734375 8.4375 -2.8125 3.955078125 1.26192333613531 7.91015625 -97.470703125
571.020 339.470 -321.832 738.159
-0.6792251 -0.1247925 0.7232428 571.0197 -0.03972492 0.9902449 0.1335554 339.4698 -0.7328541 0.06198344 -0.6775566 -321.8317 0 0 0 1
DataSet: 84
24.08203125 8.4375 -2.8125 3.955078125 1.26198659911661 7.998046875 -97.470703125
564.566 339.394 -331.966 737.648
-0.6925747 -0.12485 0.7104595 564.5656 -0.0399235 0.9900326 0.1350612 339.3944 -0.7202405 0.06517597 -0.690656 -331.9658 0 0 0 1
DataSet: 85
25.048828125 8.4375 -2.8125 3.955078125 1.26198659911661 7.998046875 -97.470703125
558.884 339.394 -341.444 737.648
-0.7046287 -0.1237325 0.698705 558.884 -0.0399235 0.9900326 0.1350612 339.3944 -0.7084522 0.06727329 -0.7025452 -341.4444 0 0 0 1
DataSet: 86
26.015625 8.4375 -2.8125 3.955078125 1.26192333613531 7.91015625 -97.470703125
553.466 339.470 -351.162 738.159
-0.7165065 -0.1213915 0.6869371 553.4655 -0.03972492 0.9902449 0.1335554 339.4698 -0.6964484 0.06840481 -0.7143391 -351.1623 0 0 0 1
DataSet: 87
27.0703125 8.4375 -2.8125 3.955078125 1.26192333613531 7.91015625 -97.470703125
546.908 339.470 -361.290 738.159
-0.7292044 -0.1201119 0.6736721 546.908 -0.03972492 0.9902449 0.1335554 339.4698 -0.6831419 0.07062764 -0.7268624 -361.2903 0 0 0 1
DataSet: 88
27.94921875 8.4375 -2.8125 3.955078125 1.26192333613531 7.91015625 -97.470703125
541.302 339.470 -369.637 738.159
-0.7395975 -0.1190144 0.6624433 541.3018 -0.03972492 0.9902449 0.1335554 339.4698 -0.6718761 0.07246175 -0.7371104 -369.6369 0 0 0 1
DataSet: 89
29.00390625 8.4375 -2.8125 3.955078125 1.26192333613531 7.91015625 -97.470703125
534.406 339.470 -379.538 738.159
-0.7518392 -0.1176604 0.6487633 534.4063 -0.03972492 0.9902449 0.1335554 339.4698 -0.6581487 0.07464014 -0.7491789 -379.5379 0 0 0 1
DataSet: 90
30.05859375 8.4375 -2.8125 3.955078125 1.26192333613531 7.91015625 -97.470703125
527.330 339.470 -389.310 738.159
-0.7638262 -0.1162666 0.6348634 527.3297 -0.03972492 0.9902449 0.1335554 339.4698 -0.6441983 0.07679324 -0.7609937 -389.3102 0 0 0 1
DataSet: 91
31.025390625 8.4375 -2.8125 3.955078125 1.26192333613531 7.91015625 -97.470703125
520.686 339.470 -398.152 738.159
-0.774587 -0.1149543 0.6219329 520.6858 -0.03972492 0.9902449 0.1335554 339.4698 -0.6312186 0.07874407 -0.7715974 -398.1525 0 0 0 1
DataSet: 92
31.9921875 8.4375 -2.8125 3.955078125 1.26192333613531 7.91015625 -97.470703125
513.894 339.470 -406.881 738.159
-0.7851273 -0.1136093 0.6088251 513.8936 -0.03972492 0.9902449 0.1335554 339.4698 -0.6180591 0.08067248 -0.7819814 -406.8813 0 0 0 1
DataSet: 93
33.046875 8.4375 -2.8125 3.955078125 1.26198659911661 7.998046875 -97.470703125
505.939 339.394 -415.886 737.648
-0.7963482 -0.1131686 0.5941569 505.9393 -0.0399235 0.9900326 0.1350612 339.3944 -0.6035194 0.08383496 -0.7929288 -415.8859 0 0 0 1
DataSet: 94
33.92578125 8.4375 -2.8125 3.955078125 1.26192333613531 7.91015625 -97.470703125
499.872 339.470 -423.989 738.159
-0.8055343 -0.1108226 0.5820935 499.8724 -0.03972492 0.9902449 0.1335554 339.4698 -0.5912161 0.08445986 -0.8020786 -423.989 0 0 0 1
DataSet: 95
34.98046875 8.4375 -2.8125 3.955078125 1.26192333613531 7.91015625 -97.470703125
491.983 339.470 -433.118 738.159
-0.8162802 -0.1092492 0.5672312 491.9834 -0.03972492 0.9902449 0.1335554 339.4698 -0.5762886 0.08648543 -0.8126572 -433.1182 0 0 0 1
DataSet: 96
35.947265625 8.4375 -2.8125 3.955078125 1.26192333613531 7.91015625 -97.470703125
484.605 339.470 -441.358 738.159
-0.8258877 -0.1077744 0.5534385 484.6054 -0.03972492 0.9902449 0.1335554 339.4698 -0.5624335 0.08831648 -0.8221124 -441.3578 0 0 0 1
DataSet: 97
37.001953125 8.4375 -2.8125 3.955078125 1.26192333613531 7.91015625 -97.470703125
476.399 339.470 -450.203 738.159
-0.8361003 -0.1061305 0.5382124 476.3994 -0.03972492 0.9902449 0.1335554 339.4698 -0.5471364 0.09028529 -0.8321601 -450.203 0 0 0 1
DataSet: 98
37.96875 8.4375 -2.8125 3.955078125 1.26192333613531 7.91015625 -97.470703125
468.735 339.470 -458.177 738.159
-0.8452131 -0.104592 0.5240948 468.7353 -0.03972492 0.9902449 0.1335554 339.4698 -0.5329509 0.09206318 -0.8411229 -458.1772 0 0 0 1
DataSet: 99
39.0234375 8.4375 -2.8125 3.955078125 1.26192333613531 7.91015625 -97.470703125
460.222 339.470 -466.727 738.159
-0.8548798 -0.1028797 0.5085236 460.2223 -0.03972492 0.9902449 0.1335554 339.4698 -0.517303 0.09397278 -0.8506272 -466.7274 0 0 0 1
DataSet: 100
40.078125 8.4375 -2.8125 3.955078125 1.26192333613531 7.91015625 -97.470703125
451.553 339.470 -475.120 738.159
-0.8642569 -0.1011326 0.4927802 451.5534 -0.03972492 0.9902449 0.1335554 339.4698 -0.5014799 0.09585054 -0.8598434 -475.1195 0 0 0 1
DataSet: 101
38.935546875 8.4375 -2.8125 3.955078125 1.26192333613531 7.91015625 -97.470703125
460.938 339.470 -466.021 738.159
-0.8540853 -0.1030238 0.5098279 460.9377 -0.03972492 0.9902449 0.1335554 339.4698 -0.5186138 0.09381486 -0.8498462 -466.0209 0 0 0 1
DataSet: 102
37.96875 8.4375 -2.8125 3.955078125 1.26192333613531 7.91015625 -97.470703125
468.735 339.470 -458.177 738.159
-0.8452131 -0.104592 0.5240948 468.7353 -0.03972492 0.9902449 0.1335554 339.4698 -0.5329509 0.09206318 -0.8411229 -458.1772 0 0 0 1
DataSet: 103
37.08984375 8.4375 -2.8125 3.955078125 1.26192333613531 7.91015625 -97.470703125
475.708 339.470 -450.933 738.159
-0.8369386 -0.1059919 0.5369352 475.7082 -0.03972492 0.9902449 0.1335554 339.4698 -0.5458531 0.09044799 -0.8329847 -450.9332 0 0 0 1
DataSet: 104
36.03515625 8.4375 -2.8125 3.955078125 1.26198659911661 7.998046875 -97.470703125
483.570 339.394 -441.696 737.648
-0.8267279 -0.1086442 0.5520122 483.5705 -0.0399235 0.9900326 0.1350612 339.3944 -0.5611837 0.08962063 -0.822825 -441.6958 0 0 0 1
DataSet: 105
34.98046875 8.4375 -2.8125 3.955078125 1.26192333613531 7.91015625 -97.470703125
491.983 339.470 -433.118 738.159
-0.8162802 -0.1092492 0.5672312 491.9834 -0.03972492 0.9902449 0.1335554 339.4698 -0.5762886 0.08648543 -0.8126572 -433.1182 0 0 0 1
DataSet: 106
33.92578125 8.4375 -2.8125 3.955078125 1.26192333613531 7.91015625 -97.470703125
499.872 339.470 -423.989 738.159
-0.8055343 -0.1108226 0.5820935 499.8724 -0.03972492 0.9902449 0.1335554 339.4698 -0.5912161 0.08445986 -0.8020786 -423.989 0 0 0 1
DataSet: 107
33.046875 8.4375 -2.8125 3.955078125 1.26198659911661 7.998046875 -97.470703125
505.939 339.394 -415.886 737.648
-0.7963482 -0.1131686 0.5941569 505.9393 -0.0399235 0.9900326 0.1350612 339.3944 -0.6035194 0.08383496 -0.7929288 -415.8859 0 0 0 1
DataSet: 108
32.080078125 8.4375 -2.8125 3.955078125 1.26192333613531 7.91015625 -97.470703125
513.269 339.470 -407.669 738.159
-0.7860745 -0.1134854 0.6076249 513.2689 -0.03972492 0.9902449 0.1335554 339.4698 -0.616854 0.08084666 -0.7829144 -407.6691 0 0 0 1
DataSet: 109
30.9375 8.4375 -2.8125 3.955078125 1.26198659911661 7.998046875 -97.470703125
520.904 339.394 -396.982 737.648
-0.7735947 -0.1161776 0.6229398 520.9041 -0.0399235 0.9900326 0.1350612 339.3944 -0.6324218 0.07961274 -0.7705222 -396.9818 0 0 0 1
DataSet: 110
29.970703125 8.4375 -2.8125 3.955078125 1.26192333613531 7.91015625 -97.470703125
527.926 339.470 -388.501 738.159
-0.7628371 -0.1163843 0.6360301 527.9263 -0.03972492 0.9902449 0.1335554 339.4698 -0.6453692 0.0766148 -0.7600189 -388.5009 0 0 0 1
DataSet: 111
29.091796875 8.4375 -2.8125 3.955078125 1.26192333613531 7.91015625 -97.470703125
533.823 339.470 -380.357 738.159
-0.7528479 -0.1175458 0.6476133 533.8234 -0.03972492 0.9902449 0.1335554 339.4698 -0.6569946 0.07482054 -0.7501733 -380.3572 0 0 0 1
DataSet: 112
27.94921875 8.4375 -2.8125 3.955078125 1.26192333613531 7.91015625 -97.470703125
541.302 339.470 -369.637 738.159
-0.7395975 -0.1190144 0.6624433 541.3018 -0.03972492 0.9902449 0.1335554 339.4698 -0.6718761 0.07246175 -0.7371104 -369.6369 0 0 0 1
DataSet: 113
27.0703125 8.4375 -2.8125 3.955078125 1.26192333613531 7.91015625 -97.470703125
546.908 339.470 -361.290 738.159
-0.7292044 -0.1201119 0.6736721 546.908 -0.03972492 0.9902449 0.1335554 339.4698 -0.6831419 0.07062764 -0.7268624 -361.2903 0 0 0 1
DataSet: 114
26.015625 8.4375 -2.8125 3.955078125 1.26192333613531 7.91015625 -97.470703125
553.466 339.470 -351.162 738.159
-0.7165065 -0.1213915 0.6869371 553.4655 -0.03972492 0.9902449 0.1335554 339.4698 -0.6964484 0.06840481 -0.7143391 -351.1623 0 0 0 1
DataSet: 115
24.9609375 8.4375 -2.8125 3.955078125 1.26192333613531 7.91015625 -97.470703125
559.836 339.470 -340.915 738.159
-0.7035657 -0.1226301 0.6999694 559.8355 -0.03972492 0.9902449 0.1335554 339.4698 -0.709519 0.06615879 -0.7015738 -340.9153 0 0 0 1
DataSet: 116
23.994140625 8.4375 -2.8125 3.955078125 1.26192333613531 7.91015625 -97.470703125
565.508 339.470 -331.421 738.159
-0.6914939 -0.1237289 0.7117074 565.5081 -0.03972492 0.9902449 0.1335554 339.4698 -0.7212892 0.06408024 -0.6896634 -331.4207 0 0 0 1
DataSet: 117
23.02734375 8.4375 -2.8125 3.955078125 1.26192333613531 7.91015625 -97.470703125
571.020 339.470 -321.832 738.159
-0.6792251 -0.1247925 0.7232428 571.0197 -0.03972492 0.9902449 0.1335554 339.4698 -0.7328541 0.06198344 -0.6775566 -321.8317 0 0 0 1
DataSet: 118
21.97265625 8.4375 -2.8125 3.955078125 1.26192333613531 7.91015625 -97.470703125
576.847 339.470 -311.267 738.159
-0.6656206 -0.1259123 0.7355918 576.8467 -0.03972492 0.9902449 0.1335554 339.4698 -0.7452323 0.05967592 -0.6641293 -311.2665 0 0 0 1
DataSet: 119
21.005859375 8.4375 -2.8125 3.955078125 1.26192333613531 7.91015625 -97.470703125
582.017 339.470 -301.489 738.159
-0.6529515 -0.1269013 0.746693 582.0167 -0.03972492 0.9902449 0.1335554 339.4698 -0.7563572 0.05754291 -0.6516231 -301.4891 0 0 0 1
DataSet: 120
19.951171875 8.4375 -2.8125 3.955078125 1.26192333613531 7.91015625 -97.470703125
587.467 339.470 -290.725 738.159
-0.6389189 -0.127939 0.7585607 587.4675 -0.03972492 0.9902449 0.1335554 339.4698 -0.7682478 0.05519732 -0.6377685 -290.725 0 0 0 1
DataSet: 121
19.072265625 8.4375 -2.8125 3.955078125 1.26192333613531 7.91015625 -97.470703125
591.858 339.470 -281.680 738.159
-0.6270594 -0.1287706 0.7682543 591.8578 -0.03972492 0.9902449 0.1335554 339.4698 -0.7779579 0.05322834 -0.6260577 -281.6795 0 0 0 1
DataSet: 122
18.017578125 8.4375 -2.8125 3.955078125 1.26192333613531 7.91015625 -97.470703125
596.942 339.470 -270.738 738.159
-0.6126335 -0.1297285 0.7796478 596.9424 -0.03972492 0.9902449 0.1335554 339.4698 -0.7893682 0.05084908 -0.6118106 -270.7376 0 0 0 1
DataSet: 123
17.05078125 8.4375 -2.8125 3.955078125 1.26192333613531 7.91015625 -97.470703125
601.426 339.470 -260.627 738.159
-0.5992272 -0.130568 0.7898599 601.4255 -0.03972492 0.9902449 0.1335554 339.4698 -0.7995928 0.04865293 -0.5985686 -260.6269 0 0 0 1
DataSet: 124
15.99609375 8.4375 -2.8125 3.955078125 1.26192333613531 7.91015625 -97.470703125
606.121 339.470 -249.512 738.159
-0.5844079 -0.1314415 0.8007438 606.1209 -0.03972492 0.9902449 0.1335554 339.4698 -0.8104872 0.04624136 -0.5839284 -249.5125 0 0 0 1
DataSet: 125
14.94140625 8.4375 -2.8125 3.955078125 1.26192333613531 7.91015625 -97.470703125
610.611 339.470 -238.313 738.159
-0.5693904 -0.1322704 0.8113563 610.611 -0.03972492 0.9902449 0.1335554 339.4698 -0.8211069 0.04381412 -0.5690904 -238.3135 0 0 0 1
DataSet: 126
14.0625 8.4375 -2.8125 3.955078125 1.26192333613531 7.91015625 -97.470703125
614.195 339.470 -228.919 738.159
-0.5567283 -0.1329269 0.8199903 614.1946 -0.03972492 0.9902449 0.1335554 339.4698 -0.8297442 0.04178004 -0.5565779 -228.9191 0 0 0 1
DataSet: 127
13.095703125 8.4375 -2.8125 3.955078125 1.26192333613531 7.91015625 -97.470703125
617.970 339.470 -218.523 738.159
-0.5426488 -0.1336129 0.8292646 617.9698 -0.03972492 0.9902449 0.1335554 339.4698 -0.8390198 0.03953122 -0.5426629 -218.5233 0 0 0 1
DataSet: 128
12.041015625 8.4375 -2.8125 3.955078125 1.26198659911661 7.998046875 -97.470703125
621.396 339.394 -206.887 737.648
-0.5270863 -0.1356996 0.8389074 621.3963 -0.0399235 0.9900326 0.1350612 339.3944 -0.8488734 0.03769682 -0.5272502 -206.8869 0 0 0 1
DataSet: 129
10.986328125 8.4375 -2.8125 3.955078125 1.26192333613531 7.91015625 -97.470703125
625.594 339.470 -195.629 738.159
-0.5113991 -0.1349774 0.8486767 625.5942 -0.03972492 0.9902449 0.1335554 339.4698 -0.8584247 0.03458652 -0.5117723 -195.6294 0 0 0 1
DataSet: 130
10.01953125 8.4375 -2.8125 3.955078125 1.26192333613531 7.91015625 -97.470703125
628.806 339.470 -185.046 738.159
-0.4968421 -0.1355418 0.857191 628.806 -0.03972492 0.9902449 0.1335554 339.4698 -0.8669313 0.03230412 -0.4973797 -185.0459 0 0 0 1
DataSet: 131
8.96484375 8.4375 -2.8125 3.955078125 1.26192333613531 7.91015625 -97.3828125
632.106 339.470 -173.440 738.159
-0.4794713 -0.1361134 0.8669374 632.1056 -0.03952001 0.9902449 0.1336162 339.4698 -0.8766673 0.02980376 -0.4801732 -173.4403 0 0 0 1
DataSet: 132
8.0859375 8.4375 -2.8125 3.955078125 1.26192333613531 7.91015625 -97.470703125
634.692 339.470 -163.724 738.159
-0.4673079 -0.1365546 0.873485 634.6917 -0.03972492 0.9902449 0.1335554 339.4698 -0.8832017 0.02771239 -0.4681739 -163.7239 0 0 0 1
DataSet: 133
7.119140625 8.4375 -2.8125 3.955078125 1.26192333613531 7.91015625 -97.470703125
637.364 339.470 -152.991 738.159
-0.4523392 -0.1370027 0.8812602 637.3638 -0.03972492 0.9902449 0.1335554 339.4698 -0.8909608 0.02540436 -0.4533689 -152.9915 0 0 0 1
DataSet: 134
5.9765625 8.4375 -2.8125 3.955078125 1.26192333613531 7.91015625 -97.470703125
640.288 339.470 -140.252 738.159
-0.4344831 -0.137482 0.8901253 640.2878 -0.03972492 0.9902449 0.1335554 339.4698 -0.8998035 0.02266741 -0.4357061 -140.2517 0 0 0 1
DataSet: 135
4.921875 8.4375 -2.8125 3.955078125 1.26192333613531 7.91015625 -97.470703125
642.761 339.470 -128.442 738.159
-0.417847 -0.137876 0.8979945 642.7609 -0.03972492 0.9902449 0.1335554 339.4698 -0.9076485 0.02013298 -0.419248 -128.4424 0 0 0 1
DataSet: 136
4.04296875 8.4375 -2.8125 3.955078125 1.26192333613531 7.91015625 -97.470703125
