0.5709827542304993 0.4683171808719635 -0.6742831468582153 75.70294189453125 
-0.7985102534294128 0.5075781345367432 -0.3236445188522339 108.79653930664062 
0.19068308174610138 0.7232174873352051 0.6637744307518005 -1236.6185302734375 
0.0 0.0 0.0 1.0
0.5796846747398376 0.4639250338077545 -0.6698800325393677 75.0379867553711 
-0.7898834347724915 0.5218388438224792 -0.3221311569213867 115.4400863647461 
0.20012477040290833 0.7158616185188293 0.6689486503601074 -1238.576171875 
0.0 0.0 0.0 1.0
0.5881021022796631 0.46847692131996155 -0.6592915654182434 78.59967803955078 
-0.785298228263855 0.5257819890975952 -0.3268945515155792 117.0538330078125 
0.1935010403394699 0.7099878191947937 0.677107572555542 -1240.5003662109375 
0.0 0.0 0.0 1.0
0.5953198671340942 0.46418529748916626 -0.6558400988578796 77.75695037841797 
-0.7775224447250366 0.5386402010917664 -0.32453903555870056 122.85179138183594 
0.20261560380458832 0.7031349539756775 0.6815776824951172 -1242.2208251953125 
0.0 0.0 0.0 1.0
0.6014240384101868 0.46135953068733215 -0.6522549986839294 76.8600082397461 
-0.7709128260612488 0.5494349002838135 -0.3222029507160187 127.94453430175781 
0.20972025394439697 0.6966122984886169 0.686111330986023 -1243.8250732421875 
0.0 0.0 0.0 1.0
0.6078004240989685 0.4586259722709656 -0.6482598781585693 75.98971557617188 
-0.7638680338859558 0.5607483983039856 -0.31947916746139526 133.1572723388672 
0.21698926389217377 0.6893645524978638 0.691152811050415 -1245.51953125 
0.0 0.0 0.0 1.0
0.6133280992507935 0.45572003722190857 -0.6450953483581543 75.20677947998047 
-0.757621705532074 0.5703065395355225 -0.317426860332489 137.72105407714844 
0.223244309425354 0.6834250092506409 0.6950483918190002 -1247.0467529296875 
0.0 0.0 0.0 1.0
0.6206079721450806 0.4496365189552307 -0.642396092414856 74.15047454833984 
-0.7489367127418518 0.5825608372688293 -0.3157794177532196 143.3964385986328 
0.23224884271621704 0.677089273929596 0.6982911825180054 -1248.9769287109375 
0.0 0.0 0.0 1.0
0.6259801983833313 0.4462207555770874 -0.6395590901374817 73.20318603515625 
-0.741990327835083 0.5931933522224426 -0.31236532330513 148.2384490966797 
0.23999832570552826 0.6700811386108398 0.7024187445640564 -1250.7408447265625 
0.0 0.0 0.0 1.0
0.6317824125289917 0.4422471523284912 -0.6366069912910461 72.2436294555664 
-0.7348241806030273 0.6031347513198853 -0.3102610409259796 152.99781799316406 
0.2467477172613144 0.6638116836547852 0.7060238122940063 -1252.4754638671875 
0.0 0.0 0.0 1.0
0.6384155750274658 0.43753665685653687 -0.6332355737686157 71.07047271728516 
-0.7262593507766724 0.6148900389671326 -0.3073395788669586 158.5620880126953 
0.2548978924751282 0.6561036109924316 0.7103204727172852 -1254.6231689453125 
0.0 0.0 0.0 1.0
0.6443504691123962 0.43374255299568176 -0.6298252940177917 69.91060638427734 
-0.7184422016143799 0.6255291104316711 -0.30422720313072205 163.6151580810547 
0.26201778650283813 0.6485220193862915 0.7146788835525513 -1256.6544189453125 
0.0 0.0 0.0 1.0
0.6496496200561523 0.42909762263298035 -0.627559244632721 68.86881256103516 
-0.7112541198730469 0.6345619559288025 -0.30240485072135925 168.0188751220703 
0.26846396923065186 0.6428112983703613 0.7174404263496399 -1258.4423828125 
0.0 0.0 0.0 1.0
0.6561061143875122 0.42458808422088623 -0.6238988041877747 67.55123138427734 
-0.7022408246994019 0.6462511420249939 -0.29869264364242554 173.5882568359375 
0.2763739228248596 0.6341012716293335 0.7221724390983582 -1260.83251953125 
0.0 0.0 0.0 1.0
0.6628798246383667 0.42011770606040955 -0.6197510957717896 66.04583740234375 
-0.6926948428153992 0.658295750617981 -0.2946533262729645 179.4449462890625 
0.28419044613838196 0.6246181130409241 0.7273843288421631 -1263.4075927734375 
0.0 0.0 0.0 1.0
0.6689375042915344 0.41465234756469727 -0.6169165372848511 64.74405670166016 
-0.6838774085044861 0.6685277223587036 -0.29220259189605713 184.3888702392578 
0.29126331210136414 0.6173605918884277 0.7307746410369873 -1265.6605224609375 
0.0 0.0 0.0 1.0
0.6755038499832153 0.4085112512111664 -0.6138510704040527 63.20838928222656 
-0.6739363670349121 0.679831862449646 -0.2892031669616699 190.0322265625 
0.2991727590560913 0.6090543866157532 0.7345395684242249 -1268.2406005859375 
0.0 0.0 0.0 1.0
0.681602954864502 0.40273037552833557 -0.6109219193458557 61.68070983886719 
-0.6641955971717834 0.6908418536186218 -0.285625159740448 195.3330535888672 
0.30702051520347595 0.6004546284675598 0.7383716106414795 -1270.8115234375 
0.0 0.0 0.0 1.0
0.6885405778884888 0.39541053771972656 -0.6079164743423462 59.90480422973633 
-0.652981698513031 0.702708899974823 -0.28251561522483826 201.18589782714844 
0.315478652715683 0.5914818048477173 0.7420394420623779 -1273.6871337890625 
0.0 0.0 0.0 1.0
0.6953742504119873 0.38821151852607727 -0.604769766330719 58.06372833251953 
-0.6415168046951294 0.7146097421646118 -0.2789069414138794 207.1050567626953 
0.3238994777202606 0.5819146633148193 0.7459654211997986 -1276.7083740234375 
0.0 0.0 0.0 1.0
0.7008947730064392 0.38178834319114685 -0.6024816632270813 56.43230056762695 
-0.6317419409751892 0.7244299054145813 -0.2758685350418091 212.06568908691406 
0.33113235235214233 0.5739677548408508 0.7489408254623413 -1279.35986328125 
0.0 0.0 0.0 1.0
0.7083034515380859 0.37425485253334045 -0.5985311269760132 54.34749221801758 
-0.6192371249198914 0.7364786267280579 -0.27229514718055725 218.22235107421875 
0.33889758586883545 0.5635002851486206 0.753402829170227 -1282.788818359375 
0.0 0.0 0.0 1.0
0.7146322131156921 0.36752668023109436 -0.5951679944992065 52.29204559326172 
-0.6075243353843689 0.7478445172309875 -0.2676616907119751 223.98667907714844 
0.34672027826309204 0.5528587102890015 0.7577151656150818 -1286.0450439453125 
0.0 0.0 0.0 1.0
0.7220836281776428 0.3595643937587738 -0.5910234451293945 49.86292266845703 
-0.5936941504478455 0.7606397271156311 -0.262591689825058 230.5699920654297 
0.35513731837272644 0.5405003428459167 0.7627167701721191 -1289.9796142578125 
0.0 0.0 0.0 1.0
0.7281628251075745 0.3527080714702606 -0.5876868963241577 47.70221710205078 
-0.5817556977272034 0.7714136242866516 -0.25783976912498474 236.1725311279297 
0.3624075651168823 0.5296395421028137 0.7669046521186829 -1293.416015625 
0.0 0.0 0.0 1.0
0.7351770401000977 0.34487980604171753 -0.5835859775543213 45.14114761352539 
-0.567729651927948 0.7836703658103943 -0.25207892060279846 242.5131072998047 
0.37040209770202637 0.5166416764259338 0.771934986114502 -1297.4609375 
0.0 0.0 0.0 1.0
0.7422258853912354 0.33643829822540283 -0.5795774459838867 42.43724060058594 
-0.5532643795013428 0.7956478595733643 -0.24666373431682587 248.8710174560547 
0.37815243005752563 0.5037397742271423 0.7766897678375244 -1301.7008056640625 
0.0 0.0 0.0 1.0
0.7494670748710632 0.32608866691589355 -0.5761643052101135 39.567787170410156 
-0.5375860333442688 0.8076871633529663 -0.24216249585151672 255.3369598388672 
0.38639405369758606 0.49123069643974304 0.7806356549263 -1306.1019287109375 
0.0 0.0 0.0 1.0
0.7571919560432434 0.3123208284378052 -0.5736863613128662 36.347259521484375 
-0.5202358365058899 0.8194522857666016 -0.2405257523059845 262.11431884765625 
0.39498743414878845 0.48057636618614197 0.7829631567001343 -1310.8682861328125 
0.0 0.0 0.0 1.0
0.7640094757080078 0.3041951656341553 -0.5689945220947266 33.210716247558594 
-0.5042685866355896 0.8316660523414612 -0.23247535526752472 268.6593933105469 
0.4024955630302429 0.46453943848609924 0.7887968420982361 -1315.803955078125 
0.0 0.0 0.0 1.0
0.7711727023124695 0.2956230640411377 -0.5638259053230286 29.763660430908203 
-0.4872453510761261 0.8440837264060974 -0.22386285662651062 275.4213562011719 
0.4097372591495514 0.44735848903656006 0.7949752807617188 -1321.1558837890625 
0.0 0.0 0.0 1.0
0.7788576483726501 0.28477200865745544 -0.5588252544403076 25.79263687133789 
-0.46754762530326843 0.8575075268745422 -0.2146625965833664 282.8694763183594 
0.41806697845458984 0.4284690022468567 0.8010208010673523 -1327.2222900390625 
0.0 0.0 0.0 1.0
0.7865955233573914 0.27242153882980347 -0.5541245341300964 21.587495803833008 
-0.44709843397140503 0.8702424168586731 -0.20683591067790985 290.1447448730469 
0.42587611079216003 0.4104444086551666 0.8063280582427979 -1333.46875 
0.0 0.0 0.0 1.0
0.7937323451042175 0.26019352674484253 -0.5498074889183044 17.338773727416992 
-0.4264738857746124 0.8825588822364807 -0.19801481068134308 297.267333984375 
0.4337153136730194 0.3916493058204651 0.8114812970161438 -1339.8363037109375 
0.0 0.0 0.0 1.0
0.8008167147636414 0.2480035424232483 -0.5451484322547913 12.976487159729004 
-0.4057171940803528 0.8942027688026428 -0.18919555842876434 304.1399230957031 
0.4405520558357239 0.37268707156181335 0.8167118430137634 -1346.3538818359375 
0.0 0.0 0.0 1.0
0.8082497715950012 0.23436379432678223 -0.5401906967163086 7.937375068664551 
-0.38213491439819336 0.9067278504371643 -0.1783745288848877 311.6450500488281 
0.4480014145374298 0.35059690475463867 0.822421133518219 -1353.885009765625 
0.0 0.0 0.0 1.0
0.8148465752601624 0.22053596377372742 -0.5360866785049438 2.9751217365264893 
-0.35920003056526184 0.9179502129554749 -0.16835317015647888 318.6081237792969 
0.45497292280197144 0.3297443389892578 0.8272051215171814 -1361.1912841796875 
0.0 0.0 0.0 1.0
0.8225799202919006 0.2033928483724594 -0.5310307145118713 -3.323481798171997 
-0.3307056427001953 0.9307906627655029 -0.1557643711566925 326.8441162109375 
0.4625970721244812 0.30374351143836975 0.8329128623008728 -1370.3955078125 
0.0 0.0 0.0 1.0
0.8280725479125977 0.18966417014598846 -0.5275635719299316 -8.275884628295898 
-0.30878064036369324 0.9397324919700623 -0.14682437479496002 332.8011779785156 
0.46792131662368774 0.2844826579093933 0.8367313146591187 -1377.4228515625 
0.0 0.0 0.0 1.0
0.8320038318634033 0.17907845973968506 -0.5250719785690308 -12.091792106628418 
-0.2916921377182007 0.9462903141975403 -0.13946424424648285 337.2878112792969 
0.4718954861164093 0.2691941559314728 0.8395529389381409 -1383.0096435546875 
0.0 0.0 0.0 1.0
0.8366274237632751 0.16573655605316162 -0.5220977067947388 -16.824100494384766 
-0.2708454132080078 0.9536277651786804 -0.1312890648841858 342.4818420410156 
0.4761274456977844 0.2512477934360504 0.842720091342926 -1389.8419189453125 
0.0 0.0 0.0 1.0
0.8428395390510559 0.14715613424777985 -0.5176548957824707 -23.568592071533203 
-0.24140611290931702 0.9630656838417053 -0.11927942931652069 349.457275390625 
0.4809829592704773 0.22549846768379211 0.8472341895103455 -1399.4984130859375 
0.0 0.0 0.0 1.0
0.8479476571083069 0.12937031686306 -0.5140506029129028 -29.95115089416504 
-0.2137882560491562 0.9708561301231384 -0.10831867903470993 355.6349792480469 
0.48505598306655884 0.20174656808376312 0.8508930802345276 -1408.7135009765625 
0.0 0.0 0.0 1.0
0.8518388867378235 0.11507946997880936 -0.5110061168670654 -35.51109313964844 
-0.19044806063175201 0.976844847202301 -0.09748663753271103 360.5751953125 
0.4879550039768219 0.1803630292415619 0.8540310859680176 -1416.57421875 
0.0 0.0 0.0 1.0
0.8548387289047241 0.10199020057916641 -0.5087718367576599 -40.258033752441406 
-0.17069083452224731 0.9811964631080627 -0.0901007205247879 364.5243835449219 
0.4900157153606415 0.16386426985263824 0.8561735153198242 -1423.2803955078125 
0.0 0.0 0.0 1.0
0.858384370803833 0.08521804958581924 -0.5058795213699341 -46.542415618896484 
-0.14435341954231262 0.9863852858543396 -0.0787794291973114 369.47412109375 
0.49227869510650635 0.1406484842300415 0.8589992523193359 -1432.1729736328125 
0.0 0.0 0.0 1.0
0.8609697818756104 0.07214067876338959 -0.5035144090652466 -51.57835388183594 
-0.12369128316640854 0.9898713231086731 -0.06967917829751968 373.1157531738281 
0.49338778853416443 0.12227201461791992 0.8611724972724915 -1439.24169921875 
0.0 0.0 0.0 1.0
0.8632250428199768 0.05891043692827225 -0.5013702511787415 -56.539588928222656 
-0.10337522625923157 0.9927493333816528 -0.06133747845888138 376.4860534667969 
0.4941215515136719 0.10477730631828308 0.863055944442749 -1446.1829833984375 
0.0 0.0 0.0 1.0
0.8651556968688965 0.0449153371155262 -0.4994880259037018 -61.94255065917969 
-0.08162493258714676 0.9953119158744812 -0.0518801212310791 379.9263916015625 
0.4948161542415619 0.08565505594015121 0.8647659420967102 -1453.7547607421875 
0.0 0.0 0.0 1.0
0.8666603565216064 0.03351018577814102 -0.4977719485759735 -66.23402404785156 
-0.06437832862138748 0.9969115853309631 -0.044975314289331436 382.4085693359375 
0.4947274625301361 0.07102404534816742 0.8661410212516785 -1459.6478271484375 
0.0 0.0 0.0 1.0
0.8679950833320618 0.01996024325489998 -0.4961714446544647 -71.24772644042969 
-0.04423121362924576 0.9983278512954712 -0.0372161902487278 385.2098388671875 
0.494598925113678 0.05424973741173744 0.8674265742301941 -1466.6715087890625 
0.0 0.0 0.0 1.0
0.8672895431518555 0.027591103687882423 -0.4970388114452362 -68.55950164794922 
-0.05532863736152649 0.9976192712783813 -0.041164860129356384 383.705078125 
0.4947197139263153 0.06320233643054962 0.8667513132095337 -1462.9029541015625 
0.0 0.0 0.0 1.0
0.8654460906982422 0.03956473991274834 -0.4994374215602875 -63.83464813232422 
-0.07428151369094849 0.9959922432899475 -0.04981699585914612 380.9757080078125 
0.4954648017883301 0.08021289110183716 0.8649165034294128 -1456.2242431640625 
0.0 0.0 0.0 1.0
0.8636861443519592 0.053791023790836334 -0.501151442527771 -58.811988830566406 
-0.09474872797727585 0.9938902854919434 -0.056611206382513046 377.8661193847656 
0.4950443506240845 0.09637777507305145 0.8635058999061584 -1449.1953125 
0.0 0.0 0.0 1.0
0.8615943789482117 0.06536267697811127 -0.50337153673172 -54.30384063720703 
-0.11325337737798691 0.9914302825927734 -0.06511280685663223 374.8885192871094 
0.4948018193244934 0.11310935020446777 0.8616132736206055 -1442.8511962890625 
0.0 0.0 0.0 1.0
0.8591586947441101 0.07963714003562927 -0.5054742693901062 -49.00946807861328 
-0.13517281413078308 0.9880481958389282 -0.07408797740936279 371.168212890625 
0.49353280663490295 0.13197971880435944 0.8596550226211548 -1435.3431396484375 
0.0 0.0 0.0 1.0
0.8561282157897949 0.09443725645542145 -0.5080610513687134 -43.40827560424805 
-0.15840016305446625 0.9837908148765564 -0.08405356109142303 366.9126281738281 
0.49188804626464844 0.15243758261203766 0.8572099804878235 -1427.4713134765625 
0.0 0.0 0.0 1.0
0.8528732061386108 0.1076664924621582 -0.5108964443206787 -38.260589599609375 
-0.17978066205978394 0.9792285561561584 -0.0937567874789238 362.7449951171875 
0.49018990993499756 0.17181195318698883 0.8545141816139221 -1420.1497802734375 
0.0 0.0 0.0 1.0
0.849044680595398 0.12313730269670486 -0.5137706398963928 -32.71959686279297 
-0.2033812552690506 0.973694920539856 -0.1027337908744812 357.9453125 
0.4876055419445038 0.19171689450740814 0.851754367351532 -1412.2569580078125 
0.0 0.0 0.0 1.0
0.8446390628814697 0.13903877139091492 -0.5169652104377747 -26.614315032958984 
-0.22924713790416718 0.9666002988815308 -0.11458443850278854 352.2799072265625 
0.4837670624256134 0.21529528498649597 0.8483026623725891 -1403.5433349609375 
0.0 0.0 0.0 1.0
0.8394791483879089 0.1559632420539856 -0.5205288529396057 -20.55702781677246 
-0.2556632161140442 0.9586394429206848 -0.12508706748485565 346.2115783691406 
0.4794904887676239 0.23808807134628296 0.8446318507194519 -1394.8424072265625 
0.0 0.0 0.0 1.0
0.833573043346405 0.1729431450366974 -0.5246395468711853 -14.282549858093262 
-0.2828870117664337 0.9493898153305054 -0.13650615513324738 339.5041198730469 
0.47447964549064636 0.26220157742500305 0.8403090834617615 -1385.83203125 
0.0 0.0 0.0 1.0
0.8286607265472412 0.18594934046268463 -0.5279622673988342 -9.744117736816406 
-0.3033616542816162 0.9418688416481018 -0.1444118469953537 334.3138427734375 
0.47041794657707214 0.2798319458961487 0.8368996381759644 -1379.2386474609375 
0.0 0.0 0.0 1.0
0.8251093029975891 0.19546274840831757 -0.530083954334259 -6.32185173034668 
-0.31854602694511414 0.9358425736427307 -0.15075519680976868 330.2333679199219 
0.46660810708999634 0.2932456433773041 0.834436297416687 -1374.283203125 
0.0 0.0 0.0 1.0
0.8187586069107056 0.2096116691827774 -0.534506618976593 -0.9878417253494263 
-0.34220314025878906 0.9257012009620667 -0.16116538643836975 323.6209411621094 
0.46101129055023193 0.314865380525589 0.8296555876731873 -1366.6368408203125 
0.0 0.0 0.0 1.0
0.810798168182373 0.2271992713212967 -0.5394319295883179 5.3341064453125 
-0.37119531631469727 0.912155032157898 -0.17374485731124878 315.065673828125 
0.4525708258152008 0.3411065936088562 0.8239089250564575 -1357.3572998046875 
0.0 0.0 0.0 1.0
0.8043243288993835 0.23994556069374084 -0.5435885190963745 9.9675931930542 
-0.39289695024490356 0.9010650515556335 -0.1836131066083908 308.35888671875 
0.44575148820877075 0.36125877499580383 0.8190224170684814 -1350.4437255859375 
0.0 0.0 0.0 1.0
0.7971243858337402 0.2531639635562897 -0.5481795072555542 14.612692832946777 
-0.4148338735103607 0.8892965316772461 -0.19252154231071472 301.22711181640625 
0.4387546181678772 0.38086703419685364 0.813900887966156 -1343.47314453125 
0.0 0.0 0.0 1.0
0.7891467809677124 0.2663162648677826 -0.5534645318984985 19.37889862060547 
-0.4377932846546173 0.8759175539016724 -0.20274485647678375 293.4519348144531 
0.4307950735092163 0.4022985100746155 0.8078190088272095 -1336.3189697265625 
0.0 0.0 0.0 1.0
0.7821155190467834 0.2785789668560028 -0.5573949217796326 23.282184600830078 
-0.4570451080799103 0.8644784688949585 -0.2092529833316803 286.8284606933594 
0.4235624372959137 0.4184146225452423 0.8034451603889465 -1330.484130859375 
0.0 0.0 0.0 1.0
0.7746158242225647 0.289384663105011 -0.5623405575752258 27.234516143798828 
-0.4764556288719177 0.851743757724762 -0.21799686551094055 279.6807556152344 
0.4158850908279419 0.43679413199424744 0.797653079032898 -1324.4849853515625 
0.0 0.0 0.0 1.0
0.767082929611206 0.29874178767204285 -0.5677474141120911 30.944599151611328 
-0.4948138892650604 0.8387755155563354 -0.2271890938282013 272.62158203125 
0.40834173560142517 0.4552021920681 0.7912319302558899 -1318.802978515625 
0.0 0.0 0.0 1.0
0.7598550915718079 0.3073154389858246 -0.572867751121521 34.36989974975586 
-0.511979877948761 0.8259369730949402 -0.23601838946342468 265.6617736816406 
0.40062054991722107 0.47263652086257935 0.7849317789077759 -1313.4110107421875 
0.0 0.0 0.0 1.0
0.75267094373703 0.31863683462142944 -0.5761570930480957 37.496707916259766 
-0.5284239053726196 0.8143702149391174 -0.2399362027645111 259.1708068847656 
0.39275267720222473 0.48504817485809326 0.7813281416893005 -1308.6884765625 
0.0 0.0 0.0 1.0
0.7459917068481445 0.3303811252117157 -0.5782254338264465 40.401763916015625 
-0.5441197156906128 0.8029911518096924 -0.2431848645210266 252.86058044433594 
0.38396623730659485 0.4960377812385559 0.7787916660308838 -1304.28857421875 
0.0 0.0 0.0 1.0
0.7385720014572144 0.33980274200439453 -0.5822761058807373 43.35503005981445 
-0.559814453125 0.7903714179992676 -0.24883882701396942 246.0899658203125 
0.3756583034992218 0.5097519755363464 0.773972749710083 -1299.7459716796875 
0.0 0.0 0.0 1.0
0.7315570712089539 0.34779295325279236 -0.586399495601654 45.91916275024414 
-0.5737642645835876 0.7786453366279602 -0.2539803385734558 239.9454345703125 
0.36826467514038086 0.5222561359405518 0.7691746354103088 -1295.7164306640625 
0.0 0.0 0.0 1.0
0.7246581315994263 0.3558697998523712 -0.590107798576355 48.436588287353516 
-0.5876644253730774 0.766363263130188 -0.2594953775405884 233.5379180908203 
0.3598904013633728 0.5348308086395264 0.7644834518432617 -1291.6990966796875 
0.0 0.0 0.0 1.0
0.7176613211631775 0.36369988322257996 -0.593872606754303 50.790374755859375 
-0.600936233997345 0.7543675303459167 -0.26420697569847107 227.3910369873047 
0.3519061505794525 0.5464906692504883 0.7599408030509949 -1287.9322509765625 
0.0 0.0 0.0 1.0
0.7111791372299194 0.3699135482311249 -0.5978195667266846 52.908836364746094 
-0.6129108667373657 0.7427595853805542 -0.26953381299972534 221.519775390625 
0.3443320095539093 0.5580968856811523 0.7549591660499573 -1284.5286865234375 
0.0 0.0 0.0 1.0
0.7047135233879089 0.3770466446876526 -0.601011335849762 54.86756134033203 
-0.624262273311615 0.7320696711540222 -0.27270978689193726 215.9226531982422 
0.3371579051017761 0.5673709511756897 0.7512754201889038 -1281.3995361328125 
0.0 0.0 0.0 1.0
0.6980788707733154 0.3842548429965973 -0.6041805744171143 56.82865905761719 
-0.6360942125320435 0.7202157378196716 -0.27689987421035767 210.0091552734375 
0.3287402093410492 0.5776136517524719 0.7471896409988403 -1278.1510009765625 
0.0 0.0 0.0 1.0
0.6916967630386353 0.3903208374977112 -0.6076225638389587 58.553070068359375 
-0.6466066241264343 0.7094390988349915 -0.28034985065460205 204.5890350341797 
0.3216448426246643 0.5868098735809326 0.7431007623672485 -1275.3209228515625 
0.0 0.0 0.0 1.0
0.6854301691055298 0.39760518074035645 -0.6099963784217834 60.23188781738281 
-0.6571181416511536 0.6986516118049622 -0.282987117767334 199.2337188720703 
0.31365782022476196 0.5948076248168945 0.7401504516601562 -1272.6015625 
0.0 0.0 0.0 1.0
0.6784922480583191 0.40517085790634155 -0.6127681732177734 61.957252502441406 
-0.6683105826377869 0.6867446899414062 -0.2859068512916565 193.35752868652344 
0.30497416853904724 0.60350501537323 0.7367309331893921 -1269.7196044921875 
0.0 0.0 0.0 1.0
0.671201765537262 0.41322165727615356 -0.6154152750968933 63.64558410644531 
-0.6795216798782349 0.6747351884841919 -0.28806716203689575 187.4517059326172 
0.2962067425251007 0.6115392446517944 0.733676552772522 -1267.0101318359375 
0.0 0.0 0.0 1.0
0.664648711681366 0.41856080293655396 -0.618909478187561 65.27493286132812 
-0.6896479725837708 0.6623704433441162 -0.2926621437072754 181.51976013183594 
0.2874504625797272 0.621347188949585 0.7289032340049744 -1264.2691650390625 
0.0 0.0 0.0 1.0
0.6587173938751221 0.4229358434677124 -0.6222673058509827 66.49532318115234 
-0.6979060769081116 0.6524636149406433 -0.29532748460769653 176.6488037109375 
0.2811022102832794 0.6288214921951294 0.7249586582183838 -1262.0762939453125 
0.0 0.0 0.0 1.0
0.6528745293617249 0.42772552371025085 -0.6251446008682251 67.74799346923828 
-0.7062427401542664 0.6420767903327942 -0.29825931787490845 171.66233825683594 
0.2738177180290222 0.6362296938896179 0.7212736010551453 -1259.9189453125 
0.0 0.0 0.0 1.0
0.6461540460586548 0.431979238986969 -0.6291890740394592 69.20259094238281 
-0.7156558036804199 0.6293851733207703 -0.3028382956981659 165.56971740722656 
0.26518240571022034 0.6459630131721497 0.7158282399177551 -1257.3505859375 
0.0 0.0 0.0 1.0
0.6401110887527466 0.4367106556892395 -0.6320930123329163 70.29437255859375 
-0.7235859036445618 0.6192160248756409 -0.3049505949020386 160.71376037597656 
0.2582269608974457 0.6525758504867554 0.7123647332191467 -1255.3782958984375 
0.0 0.0 0.0 1.0
0.633723258972168 0.4419298470020294 -0.634895920753479 71.41455078125 
-0.731866717338562 0.6083420515060425 -0.307068407535553 155.4855499267578 
0.2505311965942383 0.6592555642127991 0.7089542746543884 -1253.3184814453125 
0.0 0.0 0.0 1.0
0.6275972723960876 0.44481244683265686 -0.6389550566673279 72.46197509765625 
-0.7394320964813232 0.5974031090736389 -0.310402512550354 150.2966766357422 
0.24364283680915833 0.667271614074707 0.7038371562957764 -1251.3714599609375 
0.0 0.0 0.0 1.0
0.6222717761993408 0.4481709897518158 -0.641810417175293 73.40853881835938 
-0.7460824251174927 0.5877151489257812 -0.31297269463539124 145.70677185058594 
0.23693640530109406 0.673597514629364 0.7000910639762878 -1249.71728515625 
0.0 0.0 0.0 1.0
0.6156172156333923 0.453311026096344 -0.6446118950843811 74.4139175415039 
-0.754152238368988 0.5762068629264832 -0.31502389907836914 140.38169860839844 
0.22862598299980164 0.6800696849822998 0.696588397026062 -1247.8221435546875 
0.0 0.0 0.0 1.0
0.6092246770858765 0.46003061532974243 -0.6459234356880188 75.2918930053711 
-0.7619060277938843 0.5654093027114868 -0.315929651260376 135.45669555664062 
0.2198738008737564 0.684605062007904 0.694961428642273 -1246.2205810546875 
0.0 0.0 0.0 1.0
0.602661669254303 0.46443620324134827 -0.6489205956459045 76.1684341430664 
-0.7694050073623657 0.5539082884788513 -0.31812185049057007 130.1584014892578 
0.21169516444206238 0.6910025477409363 0.6911588311195374 -1244.5106201171875 
0.0 0.0 0.0 1.0
0.5967098474502563 0.46765443682670593 -0.6521017551422119 76.94694519042969 
-0.7758051753044128 0.5438944101333618 -0.319851815700531 125.42952728271484 
0.20509439706802368 0.6967626810073853 0.6873558759689331 -1243.0140380859375 
0.0 0.0 0.0 1.0
0.5906558036804199 0.46810200810432434 -0.6572718024253845 77.77204895019531 
-0.7822977304458618 0.5318821668624878 -0.32420921325683594 119.86009979248047 
0.19782814383506775 0.7056782245635986 0.6803544759750366 -1241.2054443359375 
0.0 0.0 0.0 1.0
0.5844305157661438 0.47013071179389954 -0.661375880241394 78.56963348388672 
-0.788704514503479 0.5207177996635437 -0.3267998695373535 114.69075012207031 
0.19075150787830353 0.7126219868659973 0.6751176118850708 -1239.6488037109375 
0.0 0.0 0.0 1.0
0.5785238742828369 0.4736495316028595 -0.6640529036521912 79.23400115966797 
-0.7949066758155823 0.5098965167999268 -0.3288296163082123 109.7470703125 
0.18284828960895538 0.7180958986282349 0.6714944839477539 -1238.2508544921875 
0.0 0.0 0.0 1.0
0.5705606341362 0.47716549038887024 -0.6684113144874573 80.052490234375 
-0.8027064204216003 0.4960225820541382 -0.33109521865844727 103.3374252319336 
0.17355987429618835 0.7254478931427002 0.6660347580909729 -1236.526123046875 
0.0 0.0 0.0 1.0
0.5608314871788025 0.4831640124320984 -0.6723247766494751 80.86693572998047 
-0.8119397759437561 0.47979608178138733 -0.33248990774154663 95.92152404785156 
0.16193163394927979 0.7323580384254456 0.6613848209381104 -1234.632568359375 
0.0 0.0 0.0 1.0
0.5524547100067139 0.4875602722167969 -0.6760759949684143 81.51611328125 
-0.8195273280143738 0.4658232629299164 -0.3337418735027313 89.47286987304688 
0.1522126942873001 0.7384400367736816 0.6569152474403381 -1233.1092529296875 
0.0 0.0 0.0 1.0
0.5446264147758484 0.49133750796318054 -0.6796833872795105 82.15538024902344 
-0.8265352845191956 0.45185890793800354 -0.3356529772281647 83.21505737304688 
0.14220210909843445 0.744587779045105 0.6522021293640137 -1231.6961669921875 
0.0 0.0 0.0 1.0
0.5347938537597656 0.4960152208805084 -0.6840792298316956 82.71892547607422 
-0.8348333835601807 0.43525969982147217 -0.3370491862297058 75.63185119628906 
0.13057056069374084 0.7513440251350403 0.6468642950057983 -1230.0765380859375 
0.0 0.0 0.0 1.0
0.526180624961853 0.49968162178993225 -0.6880787014961243 83.1916275024414 
-0.8419092893600464 0.41998404264450073 -0.33882471919059753 68.96168518066406 
0.1196775734424591 0.7575828433036804 0.6416740417480469 -1228.7620849609375 
0.0 0.0 0.0 1.0
0.5174383521080017 0.5031454563140869 -0.692172110080719 83.60009002685547 
-0.8488159775733948 0.4043341279029846 -0.3406248688697815 62.08347702026367 
0.10848495364189148 0.7637791037559509 0.6362958550453186 -1227.5181884765625 
0.0 0.0 0.0 1.0
0.5090279579162598 0.5071641206741333 -0.6954675316810608 83.906494140625 
-0.8551334142684937 0.39011967182159424 -0.34139928221702576 55.70149230957031 
0.09817010164260864 0.7684993147850037 0.6322748064994812 -1226.420166015625 
0.0 0.0 0.0 1.0
0.5009165406227112 0.5098798274993896 -0.6993606090545654 84.16177368164062 
-0.860963761806488 0.3761364817619324 -0.34243646264076233 49.40989303588867 
0.08845359086990356 0.7736561894416809 0.6274009943008423 -1225.4320068359375 
0.0 0.0 0.0 1.0
0.49110278487205505 0.5136521458625793 -0.7035478353500366 84.39952850341797 
-0.8677632808685303 0.35911378264427185 -0.3435465395450592 41.95517349243164 
0.0761902928352356 0.7792296409606934 0.622090220451355 -1224.3636474609375 
0.0 0.0 0.0 1.0
0.48330506682395935 0.5160629749298096 -0.7071740627288818 84.51544189453125 
-0.8729333877563477 0.3453095853328705 -0.344599187374115 35.77300262451172 
0.06635910272598267 0.7838624119758606 0.6173784732818604 -1223.5789794921875 
0.0 0.0 0.0 1.0
0.4748522639274597 0.5187208652496338 -0.7109458446502686 84.59334564208984 
-0.8783009648323059 0.3304527997970581 -0.34552624821662903 29.287683486938477 
0.05570236220955849 0.7884983420372009 0.6125093102455139 -1222.8404541015625 
0.0 0.0 0.0 1.0
0.46552351117134094 0.5213574171066284 -0.7151743173599243 84.56475830078125 
-0.8839369416236877 0.3141404986381531 -0.3463686406612396 22.281246185302734 
0.04408332705497742 0.7934117317199707 0.6070868968963623 -1222.096923828125 
0.0 0.0 0.0 1.0
0.45776474475860596 0.5241649150848389 -0.7181243896484375 84.51778411865234 
-0.8883969187736511 0.30117812752723694 -0.34647175669670105 16.58416175842285 
0.034675031900405884 0.796582043170929 0.6035351753234863 -1221.5572509765625 
0.0 0.0 0.0 1.0
0.44948849081993103 0.5258024334907532 -0.7221439480781555 84.42272186279297 
-0.8929660320281982 0.2861221730709076 -0.3474850058555603 10.175861358642578 
0.02391296811401844 0.801040530204773 0.598132312297821 -1221.05810546875 
0.0 0.0 0.0 1.0
0.43956175446510315 0.5273818969726562 -0.7270858287811279 84.20702362060547 
-0.8981319665908813 0.2688940167427063 -0.34792953729629517 2.5698719024658203 
0.012017309665679932 0.8059555888175964 0.5918540954589844 -1220.5499267578125 
0.0 0.0 0.0 1.0
0.43163010478019714 0.5279808044433594 -0.7313902378082275 84.00019073486328 
-0.9020498991012573 0.25367945432662964 -0.34921714663505554 -3.8457584381103516 
0.001158714178018272 0.8104831576347351 0.585760772228241 -1220.208251953125 
0.0 0.0 0.0 1.0
0.4233536720275879 0.5296196937561035 -0.7350338101387024 83.66773223876953 
-0.9059183597564697 0.23928742110729218 -0.3493615686893463 -9.937688827514648 
-0.009144425392150879 0.8137840628623962 0.5810953974723816 -1219.9835205078125 
0.0 0.0 0.0 1.0
0.41372567415237427 0.5321695804595947 -0.7386654019355774 83.25521850585938 
-0.9101569652557373 0.22296898066997528 -0.3491404950618744 -16.95773696899414 
-0.021102488040924072 0.8167498707771301 0.5766058564186096 -1219.8004150390625 
0.0 0.0 0.0 1.0
0.4050324857234955 0.5339690446853638 -0.742176353931427 82.79431915283203 
-0.9137137532234192 0.20727287232875824 -0.34952130913734436 -23.48373031616211 
-0.032800521701574326 0.8197041749954224 0.5718470811843872 -1219.6961669921875 
0.0 0.0 0.0 1.0
0.39574000239372253 0.5338208675384521 -0.7472784519195557 82.24909973144531 
-0.9172515273094177 0.18974176049232483 -0.3502108156681061 -30.75860023498535 
-0.04515993595123291 0.8240347504615784 0.5647364854812622 -1219.7135009765625 
0.0 0.0 0.0 1.0
0.38689878582954407 0.5351829528808594 -0.7509251236915588 81.71322631835938 
-0.9203316569328308 0.17339015007019043 -0.3506072163581848 -37.454620361328125 
-0.0574360154569149 0.8267496824264526 0.559630274772644 -1219.8175048828125 
0.0 0.0 0.0 1.0
0.3782331049442291 0.5363134741783142 -0.7545247077941895 81.08056640625 
-0.9231694340705872 0.15817926824092865 -0.3503391444683075 -43.76793670654297 
-0.06854142993688583 0.8290640711784363 0.5549368262290955 -1219.98193359375 
0.0 0.0 0.0 1.0
0.3690450191497803 0.5377111434936523 -0.7580716013908386 80.34513092041016 
-0.9259381294250488 0.14226242899894714 -0.3498571217060089 -50.438987731933594 
-0.0802769586443901 0.8310403823852539 0.5503884553909302 -1220.2291259765625 
0.0 0.0 0.0 1.0
0.3607257008552551 0.5376617908477783 -0.7621002197265625 79.60755157470703 
-0.9282177686691284 0.12719379365444183 -0.349619060754776 -56.79147720336914 
-0.0910423994064331 0.8335115313529968 0.5449493527412415 -1220.5382080078125 
0.0 0.0 0.0 1.0
0.34976527094841003 0.5379950404167175 -0.7669586539268494 78.58292388916016 
-0.9309293031692505 0.10779526829719543 -0.3489280939102173 -64.73591613769531 
-0.10504704713821411 0.836027204990387 0.53853839635849 -1221.0689697265625 
0.0 0.0 0.0 1.0
0.34033119678497314 0.5373640656471252 -0.771631121635437 77.62503814697266 
-0.9329168200492859 0.0902908444404602 -0.34858834743499756 -71.8162841796875 
-0.11764761805534363 0.8385031223297119 0.5320447087287903 -1221.6453857421875 
0.0 0.0 0.0 1.0
0.3306640684604645 0.5375915765762329 -0.7756652235984802 76.56488800048828 
-0.9346675276756287 0.07280227541923523 -0.34798914194107056 -78.82394409179688 
-0.1306058168411255 0.8400565981864929 0.5265424847602844 -1222.296875 
0.0 0.0 0.0 1.0
0.3204270899295807 0.5373813509941101 -0.7800946831703186 75.35559844970703 
-0.9361958503723145 0.054078053683042526 -0.3472937047481537 -86.33627319335938 
-0.14444315433502197 0.8416037559509277 0.5204222798347473 -1223.1226806640625 
0.0 0.0 0.0 1.0
0.31030237674713135 0.5371761322021484 -0.784317672252655 74.07283782958984 
-0.937472939491272 0.03608283773064613 -0.34618276357650757 -93.74198913574219 
-0.15766070783138275 0.8426979780197144 0.5147846937179565 -1224.0635986328125 
0.0 0.0 0.0 1.0
0.3006346523761749 0.5362839102745056 -0.7886814475059509 72.7770004272461 
-0.9383971095085144 0.01859811693429947 -0.3450579345226288 -100.71454620361328 
-0.17038100957870483 0.8438327312469482 0.5088384747505188 -1225.0010986328125 
0.0 0.0 0.0 1.0
0.2900485098361969 0.5350522398948669 -0.7934677004814148 71.29817962646484 
-0.9391536712646484 -0.00028744712471961975 -0.3434971570968628 -108.34422302246094 
-0.18401703238487244 0.8448189496994019 0.5024128556251526 -1226.1585693359375 
0.0 0.0 0.0 1.0
0.2804190218448639 0.5334551930427551 -0.7979916930198669 69.79424285888672 
-0.9394327998161316 -0.018145598471164703 -0.34225255250930786 -115.49559020996094 
-0.19705644249916077 0.8456336855888367 0.4960569143295288 -1227.3856201171875 
0.0 0.0 0.0 1.0
0.2690533995628357 0.5320340394973755 -0.8028387427330017 68.00363159179688 
-0.9394198656082153 -0.03883542865514755 -0.3405613899230957 -123.68881225585938 
-0.21236884593963623 0.8458319306373596 0.48935458064079285 -1228.9537353515625 
0.0 0.0 0.0 1.0
0.2587753236293793 0.5308160781860352 -0.8070127367973328 66.33812713623047 
-0.9393318891525269 -0.056447599083185196 -0.3383331894874573 -130.7905731201172 
-0.2251466065645218 0.8456050753593445 0.4840052127838135 -1230.4061279296875 
0.0 0.0 0.0 1.0
0.2476568967103958 0.5279116034507751 -0.8123887181282043 64.32553100585938 
-0.9385895133018494 -0.0771915540099144 -0.3362903296947479 -139.08143615722656 
-0.2402411550283432 0.8457841277122498 0.4763752520084381 -1232.26318359375 
0.0 0.0 0.0 1.0
0.23665811121463776 0.5259994268417358 -0.816895067691803 62.33414077758789 
-0.9375855326652527 -0.0968625396490097 -0.33399254083633423 -146.7765350341797 
-0.25480642914772034 0.8449510335922241 0.4702461361885071 -1234.09228515625 
0.0 0.0 0.0 1.0
0.22547674179077148 0.5235006213188171 -0.8216491937637329 60.17180252075195 
-0.9361597299575806 -0.11709142476320267 -0.33150357007980347 -154.74839782714844 
-0.2697503864765167 0.8439411520957947 0.4636787474155426 -1236.1424560546875 
0.0 0.0 0.0 1.0
0.2155020534992218 0.5206494331359863 -0.8261252641677856 58.11662673950195 
-0.9344373941421509 -0.13568243384361267 -0.3292674124240875 -161.92576599121094 
-0.2835235595703125 0.842920184135437 0.457274466753006 -1238.110595703125 
0.0 0.0 0.0 1.0
0.20636507868766785 0.5192586183547974 -0.829327404499054 56.27838134765625 
-0.932705283164978 -0.15180125832557678 -0.3271348774433136 -168.04640197753906 
-0.29576051235198975 0.8410272598266602 0.45298877358436584 -1239.90625 
0.0 0.0 0.0 1.0
0.1978958696126938 0.5158905982971191 -0.833483099937439 54.346744537353516 
-0.9308224320411682 -0.167628213763237 -0.32476210594177246 -174.2169952392578 
-0.3072570264339447 0.8400938510894775 0.44702959060668945 -1241.8258056640625 
0.0 0.0 0.0 1.0
0.19012703001499176 0.5142724514007568 -0.8362867832183838 52.63832473754883 
-0.9287776947021484 -0.1818300038576126 -0.322970449924469 -179.54107666015625 
-0.31815680861473083 0.8381299376487732 0.44307392835617065 -1243.5606689453125 
0.0 0.0 0.0 1.0
0.18198245763778687 0.5117302536964417 -0.8396514654159546 50.79484176635742 
-0.926831841468811 -0.19594234228134155 -0.32029569149017334 -185.1180877685547 
-0.3284282088279724 0.8365039229393005 0.43862977623939514 -1245.423828125 
0.0 0.0 0.0 1.0
0.17444194853305817 0.5089561343193054 -0.8429315686225891 48.95094299316406 
-0.9242923855781555 -0.21051116287708282 -0.3183844983577728 -190.4473876953125 
-0.33949023485183716 0.8346548676490784 0.4337023198604584 -1247.29443359375 
0.0 0.0 0.0 1.0
0.16584260761737823 0.5055856704711914 -0.8466873168945312 46.811859130859375 
-0.9216429591178894 -0.2259671837091446 -0.3154570460319519 -196.45347595214844 
-0.3508140742778778 0.8326596021652222 0.4284944534301758 -1249.5050048828125 
0.0 0.0 0.0 1.0
0.15859588980674744 0.5034642815589905 -0.8493356108665466 45.023345947265625 
-0.9189090728759766 -0.2394152581691742 -0.313506543636322 -201.36231994628906 
-0.361183226108551 0.8301830887794495 0.42466768622398376 -1251.3846435546875 
0.0 0.0 0.0 1.0
0.15046241879463196 0.4991672933101654 -0.8533423542976379 42.744754791259766 
-0.9155581593513489 -0.2552957236766815 -0.3107689917087555 -207.3318634033203 
-0.37298035621643066 0.8280435800552368 0.4186042249202728 -1253.7259521484375 
0.0 0.0 0.0 1.0
0.14387278258800507 0.49794870615005493 -0.8551887273788452 40.90614700317383 
-0.9106385707855225 -0.2716386616230011 -0.31136777997016907 -212.1263885498047 
-0.3873475193977356 0.8235651254653931 0.4143698513507843 -1255.5474853515625 
0.0 0.0 0.0 1.0
0.1408887505531311 0.4979168176651001 -0.8557038903236389 38.73923110961914 
-0.8963297605514526 -0.3028789162635803 -0.32381680607795715 -217.4941864013672 
-0.4204085171222687 0.8126149773597717 0.40362548828125 -1257.0128173828125 
0.0 0.0 0.0 1.0
0.13212352991104126 0.4932034909725189 -0.8598219156265259 36.71554183959961 
-0.8958654403686523 -0.31182506680488586 -0.31652843952178955 -222.33668518066406 
-0.4242269694805145 0.8121055364608765 0.4006445109844208 -1259.3974609375 
0.0 0.0 0.0 1.0
0.11983834952116013 0.4848904013633728 -0.8663256168365479 35.87910079956055 
-0.9156415462493896 -0.28328633308410645 -0.28521817922592163 -224.64634704589844 
-0.38371774554252625 0.8274238705635071 0.41003721952438354 -1262.17431640625 
0.0 0.0 0.0 1.0
0.13829883933067322 0.4971177577972412 -0.8565905690193176 38.14597702026367 
-0.8958202600479126 -0.3060462176799774 -0.32224491238594055 -218.98423767089844 
-0.4223499894142151 0.811917245388031 0.4030023515224457 -1257.6959228515625 
0.0 0.0 0.0 1.0
0.14234419167041779 0.4970650374889374 -0.8559582829475403 40.09238052368164 
-0.9065819978713989 -0.28163397312164307 -0.3143109977245331 -214.40513610839844 
-0.39729994535446167 0.8207367062568665 0.41054123640060425 -1256.3372802734375 
0.0 0.0 0.0 1.0
0.14858567714691162 0.4997320771217346 -0.8533405065536499 42.3308219909668 
-0.91363924741745 -0.26082074642181396 -0.3118264973163605 -208.9000701904297 
-0.3783986568450928 0.8259783983230591 0.41782069206237793 -1254.3157958984375 
0.0 0.0 0.0 1.0
0.15565182268619537 0.5013989806175232 -0.8511002063751221 44.20930862426758 
-0.9174850583076477 -0.24590016901493073 -0.31265684962272644 -204.0172882080078 
-0.3660515248775482 0.8295372724533081 0.4217512607574463 -1252.45068359375 
0.0 0.0 0.0 1.0
0.16296817362308502 0.5045989155769348 -0.8478332757949829 46.13398361206055 
-0.9199605584144592 -0.2328098565340042 -0.3153921067714691 -198.9859161376953 
-0.35653042793273926 0.831372082233429 0.4262705445289612 -1250.4757080078125 
0.0 0.0 0.0 1.0
0.17192265391349792 0.5081174373626709 -0.8439545631408691 48.36531066894531 
-0.9229261875152588 -0.21647986769676208 -0.31834542751312256 -192.8680877685547 
-0.3444560170173645 0.8336385488510132 0.4317370355129242 -1248.202392578125 
0.0 0.0 0.0 1.0
0.17845283448696136 0.5103333592414856 -0.841257631778717 49.98459243774414 
-0.9251576066017151 -0.2040821760892868 -0.3200529217720032 -188.2440185546875 
-0.33501937985420227 0.8354102969169617 0.435719758272171 -1246.5521240234375 
0.0 0.0 0.0 1.0
0.18683868646621704 0.5133991241455078 -0.8375635743141174 51.96723556518555 
