DataSet: 1
0 281.865234375 15.99609375 3.955078125 1.25933029595642 2.197265625 -95.537109375
358.163 425.048 416.954 694.836
0.9310365 0.01067732 0.36477 358.163 -0.0255737 0.9990234 0.03603137 425.0482 -0.364029 -0.04287504 0.9304003 416.9539 0 0 0 1
DataSet: 2
-1.142578125 282.568359375 14.0625 3.955078125 1.25933029595642 2.197265625 -95.537109375
355.352 416.770 424.984 693.241
0.9338011 0.01100585 0.3576232 355.3518 -0.0255737 0.9990234 0.03603137 416.7699 -0.3568774 -0.04279188 0.9331706 424.9841 0 0 0 1
DataSet: 3
-1.93359375 337.587890625 -7.998046875 3.955078125 1.25933029595642 2.197265625 -95.537109375
658.518 319.712 173.882 752.394
0.2563029 -0.02828589 0.9661826 658.5181 -0.0255737 0.9990234 0.03603137 319.7115 -0.9662582 -0.03394381 0.2553292 173.8819 0 0 0 1
DataSet: 4
-3.076171875 337.587890625 -9.4921875 3.955078125 1.25933029595642 2.197265625 -95.537109375
654.011 313.165 186.545 748.733
0.2755195 -0.02760341 0.9608991 654.0109 -0.0255737 0.9990234 0.03603137 313.165 -0.9609553 -0.03450109 0.2745445 186.5451 0 0 0 1
DataSet: 5
-3.955078125 -23.73046875 -20.654296875 3.955078125 1.25933029595642 2.197265625 -95.537109375
635.471 265.460 199.688 717.055
0.3121603 -0.02626033 0.9496664 635.471 -0.0255737 0.9990234 0.03603137 265.4599 -0.9496852 -0.03553405 0.3111838 199.6881 0 0 0 1
DataSet: 6
-5.09765625 -23.818359375 -20.654296875 3.955078125 1.25933029595642 2.197265625 -95.537109375
631.071 265.460 212.900 716.970
0.3324819 -0.02549122 0.9427651 631.0713 -0.0255737 0.9990234 0.03603137 265.4599 -0.9427629 -0.03608977 0.3315053 212.9001 0 0 0 1
DataSet: 7
-5.9765625 -23.994140625 -20.654296875 3.955078125 1.25933029595642 2.197265625 -95.537109375
627.128 265.460 223.705 716.800
0.3497787 -0.0248226 0.9365034 627.1279 -0.0255737 0.9990234 0.03603137 265.4599 -0.9364832 -0.03655287 0.3488023 223.7051 0 0 0 1
DataSet: 8
-7.03125 -23.994140625 -20.654296875 3.955078125 1.25933029595642 2.197265625 -95.537109375
622.904 265.460 235.211 716.800
0.3669571 -0.02414558 0.9299244 622.904 -0.0255737 0.9990234 0.03603137 265.4599 -0.9298863 -0.03700358 0.3659812 235.2106 0 0 0 1
DataSet: 9
-8.0859375 -24.08203125 -20.654296875 3.955078125 1.25933029595642 2.197265625 -95.537109375
618.145 265.460 247.199 716.714
0.3854265 -0.02340291 0.9224417 618.145 -0.0255737 0.9990234 0.03603137 265.4599 -0.9223841 -0.03747769 0.3844515 247.1991 0 0 0 1
DataSet: 10
-9.052734375 -24.169921875 -20.654296875 3.955078125 1.25933029595642 2.197265625 -95.537109375
613.552 265.460 258.151 716.628
0.4023392 -0.0227091 0.9152089 613.5518 -0.0255737 0.9990234 0.03603137 265.4599 -0.9151334 -0.03790212 0.4013655 258.1505 0 0 0 1
DataSet: 11
-10.107421875 -24.169921875 -20.654296875 3.955078125 1.25933029595642 2.197265625 -95.537109375
608.696 265.460 269.400 716.628
0.4191157 -0.0220076 0.9076661 608.6961 -0.0255737 0.9990234 0.03603137 265.4599 -0.9075726 -0.03831369 0.4181435 269.4002 0 0 0 1
DataSet: 12
-11.07421875 -24.43359375 -20.654296875 3.955078125 1.25933029595642 2.197265625 -95.537109375
602.998 265.460 281.263 716.369
0.4385083 -0.02117978 0.8984776 602.9978 -0.0255737 0.9990234 0.03603137 265.4599 -0.8983632 -0.03877745 0.4375384 281.2627 0 0 0 1
DataSet: 13
-11.953125 -24.873046875 -20.654296875 3.955078125 1.14484771336488 2.197265625 -95.537109375
596.393 265.475 293.753 715.858
0.4590881 -0.02136542 0.8881338 596.3927 -0.02358552 0.9990653 0.03622572 265.4747 -0.8880776 -0.0375779 0.4581551 293.7534 0 0 0 1
DataSet: 14
-13.0078125 -24.873046875 -20.654296875 3.955078125 1.25933029595642 2.197265625 -95.537109375
591.281 265.460 304.093 715.929
0.4753296 -0.01955601 0.8795905 591.2806 -0.0255737 0.9990234 0.03603137 265.4599 -0.8794361 -0.03962116 0.4743652 304.0926 0 0 0 1
DataSet: 15
-14.0625 -24.873046875 -20.654296875 3.955078125 1.14484771336488 2.197265625 -95.537109375
585.176 265.475 315.506 715.858
0.4914647 -0.01996781 0.8706685 585.1763 -0.02358552 0.9990653 0.03622572 265.4747 -0.8705781 -0.03833884 0.4905344 315.5059 0 0 0 1
DataSet: 16
-15.029296875 -24.873046875 -20.654296875 3.955078125 1.25933029595642 2.197265625 -95.537109375
580.186 265.460 324.760 715.929
0.5060552 -0.01814623 0.8623102 580.186 -0.0255737 0.9990234 0.03603137 265.4599 -0.8621219 -0.04028632 0.5050969 324.7603 0 0 0 1
DataSet: 17
-15.99609375 -25.048828125 -20.654296875 3.955078125 1.25933029595642 2.197265625 -95.537109375
573.811 265.460 335.516 715.750
0.5231457 -0.0173393 0.8520669 573.8107 -0.0255737 0.9990234 0.03603137 265.4599 -0.8518595 -0.04064016 0.5221913 335.5161 0 0 0 1
DataSet: 18
-16.962890625 -25.13671875 -20.654296875 3.955078125 1.25933029595642 2.197265625 -95.537109375
567.652 265.460 345.649 715.661
0.538737 -0.01658831 0.8423107 567.6517 -0.0255737 0.9990234 0.03603137 265.4599 -0.8420858 -0.04095243 0.5377866 345.6487 0 0 0 1
DataSet: 19
-18.017578125 -25.13671875 -20.654296875 3.955078125 1.25933029595642 2.197265625 -95.537109375
561.193 265.460 356.039 715.661
0.5541458 -0.0158317 0.8322691 561.1932 -0.0255737 0.9990234 0.03603137 265.4599 -0.8320267 -0.04125083 0.5531997 356.0387 0 0 0 1
DataSet: 20
-19.072265625 -25.13671875 -20.654296875 3.955078125 1.25933029595642 2.197265625 -95.537109375
554.545 265.460 366.308 715.661
0.5693668 -0.01506972 0.8219455 554.5446 -0.0255737 0.9990234 0.03603137 265.4599 -0.8216857 -0.04153525 0.5684253 366.3081 0 0 0 1
DataSet: 21
-19.951171875 -25.224609375 -20.654296875 3.955078125 1.25933029595642 2.197265625 -95.537109375
548.418 265.460 375.247 715.571
0.58315 -0.01436675 0.8122374 548.4182 -0.0255737 0.9990234 0.03603137 265.4599 -0.8119619 -0.04178361 0.582213 375.2466 0 0 0 1
DataSet: 22
-21.005859375 -25.3125 -20.654296875 3.955078125 1.25933029595642 2.197265625 -95.537109375
540.967 265.460 385.744 715.480
0.5992249 -0.01353071 0.8004664 540.9666 -0.0255737 0.9990234 0.03603137 265.4599 -0.8001722 -0.04206178 0.5982937 385.7441 0 0 0 1
DataSet: 23
-21.97265625 -25.3125 -20.654296875 3.955078125 1.25933029595642 2.197265625 -95.537109375
534.381 265.460 394.817 715.480
0.6126409 -0.01281908 0.7902574 534.3809 -0.0255737 0.9990234 0.03603137 265.4599 -0.7899475 -0.0422841 0.6117148 394.8169 0 0 0 1
DataSet: 24
-23.02734375 -25.3125 -20.654296875 3.955078125 1.25933029595642 2.197265625 -95.537109375
527.023 265.460 404.586 715.480
0.6270775 -0.01203859 0.7788638 527.0231 -0.0255737 0.9990234 0.03603137 265.4599 -0.778537 -0.04251289 0.6261572 404.5862 0 0 0 1
DataSet: 25
-23.994140625 -25.3125 -20.654296875 3.955078125 1.14484771336488 2.197265625 -95.537109375
519.617 265.475 413.920 715.407
0.6401594 -0.01273971 0.7681365 519.6167 -0.02358552 0.9990653 0.03622572 265.4747 -0.76788 -0.04130714 0.6392605 413.9196 0 0 0 1
DataSet: 26
-24.9609375 -25.400390625 -20.654296875 3.955078125 1.25933029595642 2.197265625 -95.537109375
512.588 265.460 422.572 715.390
0.6541495 -0.01053149 0.7562919 512.5883 -0.0255737 0.9990234 0.03603137 265.4599 -0.7559328 -0.04291109 0.6532413 422.5717 0 0 0 1
DataSet: 27
-26.015625 -25.400390625 -20.654296875 3.955078125 1.25933029595642 2.197265625 -95.537109375
504.723 265.460 431.935 715.390
0.667953 -0.009739854 0.7441398 504.7233 -0.0255737 0.9990234 0.03603137 265.4599 -0.743764 -0.04309767 0.6670516 431.9352 0 0 0 1
DataSet: 28
-26.982421875 -25.400390625 -20.654296875 3.955078125 1.14484771336488 2.197265625 -95.537109375
496.833 265.475 440.861 715.316
0.6804441 -0.01050467 0.7327247 496.8326 -0.02358552 0.9990653 0.03622572 265.4747 -0.7324203 -0.04193128 0.6795603 440.8606 0 0 0 1
DataSet: 29
-27.94921875 -25.400390625 -20.654296875 3.955078125 1.25933029595642 2.197265625 -95.537109375
489.862 265.460 448.719 715.390
0.6926681 -0.008280143 0.721209 489.8619 -0.0255737 0.9990234 0.03603137 265.4599 -0.720803 -0.04340176 0.6917799 448.7192 0 0 0 1
DataSet: 30
-29.00390625 -25.400390625 -20.654296875 3.955078125 1.25933029595642 2.197265625 -95.537109375
481.519 265.460 457.660 715.390
0.7058184 -0.007479856 0.7083534 481.5194 -0.0255737 0.9990234 0.03603137 265.4599 -0.7079311 -0.04354682 0.7049378 457.6599 0 0 0 1
DataSet: 31
-29.970703125 -25.400390625 -20.654296875 3.955078125 1.25933029595642 2.197265625 -95.537109375
473.729 265.460 465.719 715.390
0.7176628 -0.006744026 0.6963581 473.7288 -0.0255737 0.9990234 0.03603137 265.4599 -0.6959211 -0.04366683 0.7167894 465.7194 0 0 0 1
DataSet: 32
-31.025390625 -25.400390625 -20.654296875 3.955078125 1.25933029595642 2.197265625 -95.537109375
465.076 265.460 474.360 715.390
0.7303509 -0.00593912 0.6830464 465.0762 -0.0255737 0.9990234 0.03603137 265.4599 -0.6825933 -0.04378356 0.7294857 474.3603 0 0 0 1
DataSet: 33
-32.080078125 -25.400390625 -20.654296875 3.955078125 1.25933029595642 2.197265625 -95.537109375
456.266 265.460 482.840 715.390
0.7427914 -0.005132202 0.6695032 456.266 -0.0255737 0.9990234 0.03603137 265.4599 -0.6690343 -0.04388547 0.7419347 482.8405 0 0 0 1
DataSet: 34
-32.958984375 -25.400390625 -20.654296875 3.955078125 1.25933029595642 2.197265625 -95.537109375
448.806 265.460 489.782 715.390
0.7529665 -0.004458429 0.6580437 448.8059 -0.0255737 0.9990234 0.03603137 265.4599 -0.6575618 -0.04395903 0.7521171 489.7824 0 0 0 1
DataSet: 35
-33.92578125 -25.400390625 -20.654296875 3.955078125 1.25933029595642 2.197265625 -95.537109375
440.478 265.460 497.285 715.390
0.7639543 -0.003716074 0.6452596 440.4779 -0.0255737 0.9990234 0.03603137 265.4599 -0.6447634 -0.044028 0.7631132 497.2854 0 0 0 1
DataSet: 36
-34.98046875 -25.48828125 -20.654296875 3.955078125 1.25933029595642 2.197265625 -95.537109375
430.698 265.460 505.651 715.299
0.7766593 -0.002837398 0.6299145 430.6979 -0.0255737 0.9990234 0.03603137 265.4599 -0.6294016 -0.04409334 0.7758282 505.6508 0 0 0 1
DataSet: 37
-35.947265625 -25.48828125 -20.654296875 3.955078125 1.25933029595642 2.197265625 -95.537109375
422.105 265.460 512.846 715.299
0.7871686 -0.002093008 0.6167343 422.1047 -0.0255737 0.9990234 0.03603137 265.4599 -0.6162074 -0.04413494 0.7863463 512.8459 0 0 0 1
DataSet: 38
-37.001953125 -25.48828125 -20.654296875 3.955078125 1.25933029595642 2.197265625 -95.537109375
412.593 265.460 520.529 715.299
0.7983776 -0.001280273 0.6021557 412.5934 -0.0255737 0.9990234 0.03603137 265.4599 -0.6016138 -0.04416599 0.7975652 520.5286 0 0 0 1
DataSet: 39
-38.056640625 -25.48828125 -20.654296875 3.955078125 1.25933029595642 2.197265625 -95.537109375
402.942 265.460 528.035 715.299
0.8093161 -0.000467105 0.5873732 402.9423 -0.0255737 0.9990234 0.03603137 265.4599 -0.5868164 -0.04418207 0.8085138 528.0349 0 0 0 1
DataSet: 40
-39.0234375 -25.48828125 -20.654296875 3.955078125 1.25933029595642 2.197265625 -95.537109375
393.975 265.460 534.759 715.299
0.8191022 0.0002784451 0.5736475 393.9754 -0.0255737 0.9990234 0.03603137 265.4599 -0.5730773 -0.04418366 0.8183094 534.7586 0 0 0 1
DataSet: 41
-39.990234375 -25.48828125 -20.654296875 3.955078125 1.25933029595642 2.197265625 -95.537109375
384.896 265.460 541.330 715.299
0.8286551 0.001023916 0.5597585 384.8963 -0.0255737 0.9990234 0.03603137 265.4599 -0.559175 -0.04417268 0.827872 541.33 0 0 0 1
DataSet: 42
-41.044921875 -25.48828125 -20.654296875 3.955078125 1.25933029595642 2.197265625 -95.537109375
374.867 265.460 548.323 715.299
0.8388073 0.001836817 0.5444253 374.867 -0.0255737 0.9990234 0.03603137 265.4599 -0.5438274 -0.04414635 0.8380351 548.323 0 0 0 1
DataSet: 43
-42.099609375 -25.48828125 -20.654296875 3.955078125 1.25933029595642 2.197265625 -95.537109375
364.711 265.460 555.130 715.299
0.8486753 0.002649096 0.5289075 364.7106 -0.0255737 0.9990234 0.03603137 265.4599 -0.5282956 -0.04410506 0.8479142 555.1302 0 0 0 1
DataSet: 44
-43.06640625 -25.48828125 -20.654296875 3.955078125 1.25933029595642 2.197265625 -95.537109375
355.292 265.460 561.205 715.299
0.8574684 0.003392903 0.5145254 355.292 -0.0255737 0.9990234 0.03603137 265.4599 -0.5139007 -0.04405408 0.8567178 561.2049 0 0 0 1
DataSet: 45
-43.9453125 -25.48828125 -20.654296875 3.955078125 1.25933029595642 2.197265625 -95.537109375
346.642 265.460 566.589 715.299
0.8652503 0.004068258 0.5013235 346.6418 -0.0255737 0.9990234 0.03603137 265.4599 -0.5006873 -0.04399685 0.8645094 566.5888 0 0 0 1
DataSet: 46
-45.087890625 -25.48828125 -20.654296875 3.955078125 1.25933029595642 2.197265625 -95.537109375
335.275 265.460 573.388 715.299
0.8750622 0.004944765 0.4839852 335.2748 -0.0255737 0.9990234 0.03603137 265.4599 -0.4833343 -0.04390698 0.8743341 573.3883 0 0 0 1
DataSet: 47
-46.0546875 -25.48828125 -20.654296875 3.955078125 1.25933029595642 2.197265625 -95.537109375
325.552 265.460 578.964 715.299
0.8830929 0.005684903 0.4691636 325.5523 -0.0255737 0.9990234 0.03603137 265.4599 -0.4685006 -0.0438173 0.8823759 578.9637 0 0 0 1
DataSet: 48
-47.021484375 -25.48828125 -20.654296875 3.955078125 1.25933029595642 2.197265625 -95.537109375
315.737 265.460 584.374 715.299
0.8908722 0.006423423 0.4542085 315.7371 -0.0255737 0.9990234 0.03603137 265.4599 -0.4535335 -0.04371514 0.8901665 584.3744 0 0 0 1
DataSet: 49
-48.1640625 -25.48828125 -20.654296875 3.955078125 1.25933029595642 2.197265625 -95.537109375
304.022 265.460 590.554 715.299
0.8997388 0.007293845 0.4363679 304.0217 -0.0255737 0.9990234 0.03603137 265.4599 -0.4356789 -0.04357836 0.8990466 590.5541 0 0 0 1
DataSet: 50
-49.04296875 -25.48828125 -20.654296875 3.955078125 1.25933029595642 2.197265625 -95.537109375
294.927 265.460 595.148 715.299
0.9063159 0.007961444 0.4225259 294.9273 -0.0255737 0.9990234 0.03603137 265.4599 -0.4218264 -0.04346135 0.9056343 595.1481 0 0 0 1
DataSet: 51
-50.09765625 -25.48828125 -20.654296875 3.955078125 1.25933029595642 2.197265625 -95.537109375
283.923 265.460 600.476 715.299
0.9139268 0.008760076 0.4057845 283.9226 -0.0255737 0.9990234 0.03603137 265.4599 -0.4050726 -0.04330745 0.9132583 600.4759 0 0 0 1
DataSet: 52
-49.482421875 -25.48828125 -20.654296875 3.955078125 1.14484771336488 2.197265625 -95.537109375
289.683 265.475 597.623 715.225
0.909571 0.00640694 0.4154992 289.683 -0.02358552 0.9990653 0.03622572 265.4747 -0.4148787 -0.04274963 0.9088719 597.6234 0 0 0 1
DataSet: 53
-48.515625 -25.48828125 -20.654296875 3.955078125 1.25933029595642 2.197265625 -95.537109375
300.392 265.460 592.408 715.299
0.9023951 0.007561099 0.4308432 300.3924 -0.0255737 0.9990234 0.03603137 265.4599 -0.43015 -0.04353279 0.9017072 592.4084 0 0 0 1
DataSet: 54
-47.4609375 -25.48828125 -20.654296875 3.955078125 1.25933029595642 2.197265625 -95.537109375
311.246 265.460 586.779 715.299
0.8943246 0.006758522 0.4473677 311.2458 -0.0255737 0.9990234 0.03603137 265.4599 -0.4466873 -0.04366459 0.893624 586.7789 0 0 0 1
DataSet: 55
-46.58203125 -25.48828125 -20.654296875 3.955078125 1.14484771336488 2.197265625 -95.537109375
319.552 265.475 582.200 715.225
0.8874131 0.004235612 0.4609556 319.5516 -0.02358552 0.9990653 0.03622572 265.4747 -0.4603713 -0.04301906 0.8866835 582.2 0 0 0 1
DataSet: 56
-45.52734375 -25.48828125 -20.654296875 3.955078125 1.25933029595642 2.197265625 -95.537109375
330.867 265.460 575.943 715.299
0.8787436 0.005281379 0.4772649 330.8672 -0.0255737 0.9990234 0.03603137 265.4599 -0.4766085 -0.04386777 0.8780205 575.9429 0 0 0 1
DataSet: 57
-44.47265625 -25.48828125 -20.654296875 3.955078125 1.25933029595642 2.197265625 -95.537109375
341.412 265.460 569.755 715.299
0.8698219 0.004473022 0.4933455 341.4124 -0.0255737 0.9990234 0.03603137 265.4599 -0.4927026 -0.04395755 0.8690868 569.7552 0 0 0 1
DataSet: 58
-43.505859375 -25.48828125 -20.654296875 3.955078125 1.25933029595642 2.197265625 -95.537109375
350.977 265.460 563.913 715.299
0.8613847 0.00373069 0.5079394 350.9772 -0.0255737 0.9990234 0.03603137 265.4599 -0.5073089 -0.04402676 0.8606389 563.9135 0 0 0 1
DataSet: 59
-42.5390625 -25.48828125 -20.654296875 3.955078125 1.25933029595642 2.197265625 -95.537109375
360.442 265.460 557.911 715.299
0.8527023 0.002987296 0.5223886 360.4421 -0.0255737 0.9990234 0.03603137 265.4599 -0.5217708 -0.04408344 0.8519459 557.9111 0 0 0 1
DataSet: 60
-41.484375 -25.48828125 -20.654296875 3.955078125 1.25933029595642 2.197265625 -95.537109375
370.650 265.460 551.182 715.299
0.8429537 0.002175358 0.5379817 370.6504 -0.0255737 0.9990234 0.03603137 265.4599 -0.5373779 -0.04413096 0.8421861 551.182 0 0 0 1
DataSet: 61
-40.517578125 -25.48828125 -20.654296875 3.955078125 1.14484771336488 2.197265625 -95.537109375
379.271 265.475 545.182 715.225
0.8338099 -0.0003329333 0.5520515 379.271 -0.02358552 0.9990653 0.03622572 265.4747 -0.5515476 -0.04322579 0.8330227 545.1821 0 0 0 1
DataSet: 62
-39.462890625 -25.48828125 -20.654296875 3.955078125 1.14484771336488 2.197265625 -95.537109375
389.242 265.475 538.109 715.225
0.8235165 -0.001128522 0.5672912 389.2418 -0.02358552 0.9990653 0.03622572 265.4747 -0.5668018 -0.04321234 0.8227201 538.1086 0 0 0 1
DataSet: 63
-38.49609375 -25.48828125 -20.654296875 3.955078125 1.25933029595642 2.197265625 -95.537109375
398.880 265.460 531.110 715.299
0.8137931 -0.0001282223 0.5811548 398.8805 -0.0255737 0.9990234 0.03603137 265.4599 -0.5805918 -0.04418436 0.812995 531.1099 0 0 0 1
DataSet: 64
-37.529296875 -25.48828125 -20.654296875 3.955078125 1.14484771336488 2.197265625 -95.537109375
407.177 265.475 524.669 715.225
0.803923 -0.002585915 0.5947278 407.1766 -0.02358552 0.9990653 0.03622572 265.4747 -0.5942655 -0.04314966 0.8031106 524.6687 0 0 0 1
DataSet: 65
-36.5625 -25.48828125 -20.654296875 3.955078125 1.25933029595642 2.197265625 -95.537109375
416.574 265.460 517.349 715.299
0.7937399 -0.001618981 0.6082553 416.5736 -0.0255737 0.9990234 0.03603137 265.4599 -0.6077195 -0.04415487 0.7929233 517.3488 0 0 0 1
DataSet: 66
-35.419921875 -25.48828125 -20.654296875 3.955078125 1.25933029595642 2.197265625 -95.537109375
426.807 265.460 508.939 715.299
0.7814639 -0.002499127 0.6239455 426.8069 -0.0255737 0.9990234 0.03603137 265.4599 -0.6234262 -0.04411381 0.7806367 508.9393 0 0 0 1
DataSet: 67
-34.453125 -25.48828125 -20.654296875 3.955078125 1.25933029595642 2.197265625 -95.537109375
435.333 265.460 501.665 715.299
0.7708336 -0.003243102 0.6370284 435.3335 -0.0255737 0.9990234 0.03603137 265.4599 -0.6365231 -0.04406536 0.7699978 501.6653 0 0 0 1
DataSet: 68
-33.57421875 -25.576171875 -20.654296875 3.955078125 1.14484771336488 2.197265625 -95.537109375
441.851 265.475 495.688 715.133
0.762013 -0.005490209 0.6475385 441.8509 -0.02358552 0.9990653 0.03622572 265.4747 -0.6471322 -0.042877 0.7611712 495.688 0 0 0 1
DataSet: 69
-32.431640625 -25.576171875 -20.654296875 3.955078125 1.25933029595642 2.197265625 -95.537109375
452.222 265.460 486.362 715.207
0.7489176 -0.004728073 0.6626463 452.2216 -0.0255737 0.9990234 0.03603137 265.4599 -0.6621695 -0.04393084 0.7480652 486.3623 0 0 0 1
DataSet: 70
-31.46484375 -25.576171875 -20.654296875 3.955078125 1.25933029595642 2.197265625 -95.537109375
460.364 265.460 478.663 715.207
0.7376382 -0.005468645 0.6751741 460.3636 -0.0255737 0.9990234 0.03603137 265.4599 -0.6747117 -0.04384482 0.736778 478.6628 0 0 0 1
DataSet: 71
-30.498046875 -25.576171875 -20.654296875 3.955078125 1.14484771336488 2.197265625 -95.537109375
467.815 265.475 471.263 715.133
0.7261875 -0.007783229 0.6874526 467.8146 -0.02358552 0.9990653 0.03622572 265.4747 -0.6870919 -0.0425206 0.7253252 471.2625 0 0 0 1
DataSet: 72
-29.53125 -25.576171875 -20.654296875 3.955078125 1.14484771336488 2.197265625 -95.537109375
475.700 265.475 463.302 715.133
0.7144909 -0.008499571 0.6995931 475.6996 -0.02358552 0.9990653 0.03622572 265.4747 -0.6992471 -0.04238322 0.7136226 463.302 0 0 0 1
DataSet: 73
-28.4765625 -25.576171875 -20.654296875 3.955078125 1.25933029595642 2.197265625 -95.537109375
484.691 265.460 454.012 715.207
0.7014613 -0.007746913 0.7126654 484.6911 -0.0255737 0.9990234 0.03603137 265.4599 -0.7122486 -0.0435001 0.7005781 454.0123 0 0 0 1
DataSet: 74
-27.421875 -25.576171875 -20.654296875 3.955078125 1.25933029595642 2.197265625 -95.537109375
492.966 265.460 445.014 715.207
0.6882323 -0.008546296 0.7254401 492.9659 -0.0255737 0.9990234 0.03603137 265.4599 -0.7250395 -0.04335014 0.6873416 445.0138 0 0 0 1
DataSet: 75
-26.54296875 -25.576171875 -20.654296875 3.955078125 1.25933029595642 2.197265625 -95.537109375
499.734 265.460 437.400 715.207
0.6770298 -0.009210247 0.735898 499.7341 -0.0255737 0.9990234 0.03603137 265.4599 -0.7355112 -0.04321394 0.676133 437.3997 0 0 0 1
DataSet: 76
-25.48828125 -25.576171875 -20.654296875 3.955078125 1.25933029595642 2.197265625 -95.537109375
507.701 265.460 428.127 715.207
0.6633767 -0.01000411 0.7482187 507.7005 -0.0255737 0.9990234 0.03603137 265.4599 -0.7478485 -0.04303709 0.662473 428.1272 0 0 0 1
DataSet: 77
-24.521484375 -25.576171875 -20.654296875 3.955078125 1.25933029595642 2.197265625 -95.537109375
514.852 265.460 419.500 715.207
0.6506639 -0.01072885 0.7592901 514.852 -0.0255737 0.9990234 0.03603137 265.4599 -0.7589352 -0.04286217 0.649754 419.4998 0 0 0 1
DataSet: 78
-23.466796875 -25.576171875 -20.654296875 3.955078125 1.25933029595642 2.197265625 -95.537109375
522.486 265.460 409.952 715.207
0.6365841 -0.01151599 0.7711213 522.4864 -0.0255737 0.9990234 0.03603137 265.4599 -0.7707832 -0.04265742 0.6356679 409.952 0 0 0 1
DataSet: 79
-22.412109375 -25.576171875 -20.654296875 3.955078125 1.14484771336488 2.197265625 -95.537109375
529.451 265.475 400.775 715.133
0.6223228 -0.01368672 0.7826411 529.4506 -0.02358552 0.9990653 0.03622572 265.4747 -0.7824053 -0.04100309 0.6214183 400.7753 0 0 0 1
DataSet: 80
-21.4453125 -25.576171875 -20.654296875 3.955078125 1.25933029595642 2.197265625 -95.537109375
536.622 265.460 391.267 715.207
0.6089991 -0.01301353 0.7930641 536.622 -0.0255737 0.9990234 0.03603137 265.4599 -0.7927585 -0.04222466 0.6080716 391.2666 0 0 0 1
DataSet: 81
-20.56640625 -25.576171875 -20.654296875 3.955078125 1.25933029595642 2.197265625 -95.537109375
542.561 265.460 382.989 715.207
0.5967672 -0.01365969 0.8022981 542.5605 -0.0255737 0.9990234 0.03603137 265.4599 -0.8020068 -0.04202008 0.5958351 382.9892 0 0 0 1
DataSet: 82
-19.51171875 -25.576171875 -20.654296875 3.955078125 1.14484771336488 2.197265625 -95.537109375
549.052 265.475 373.472 715.133
0.5819361 -0.01574394 0.8130821 549.0516 -0.02358552 0.9990653 0.03622572 265.4747 -0.8128924 -0.04025802 0.5810208 373.4719 0 0 0 1
DataSet: 83
-18.544921875 -25.576171875 -20.654296875 3.955078125 1.25933029595642 2.197265625 -95.537109375
555.733 265.460 363.612 715.207
0.5681056 -0.01513342 0.8228165 555.7326 -0.0255737 0.9990234 0.03603137 265.4599 -0.8225582 -0.04151209 0.5671638 363.6124 0 0 0 1
DataSet: 84
-17.578125 -25.576171875 -20.654296875 3.955078125 1.25933029595642 2.197265625 -95.537109375
561.789 265.460 354.184 715.207
0.5541458 -0.0158317 0.8322691 561.7887 -0.0255737 0.9990234 0.03603137 265.4599 -0.8320267 -0.04125083 0.5531997 354.1838 0 0 0 1
DataSet: 85
-16.5234375 -25.576171875 -20.654296875 3.955078125 1.25933029595642 2.197265625 -95.537109375
568.213 265.460 343.783 715.207
0.538737 -0.01658831 0.8423107 568.2129 -0.0255737 0.9990234 0.03603137 265.4599 -0.8420858 -0.04095243 0.5377866 343.7831 0 0 0 1
DataSet: 86
-15.46875 -25.576171875 -20.654296875 3.955078125 1.14484771336488 2.197265625 -95.537109375
574.017 265.475 333.832 715.133
0.5231753 -0.01854313 0.8520234 574.0167 -0.02358552 0.9990653 0.03622572 265.4747 -0.8518987 -0.03904782 0.5222489 333.8318 0 0 0 1
DataSet: 87
-14.4140625 -25.576171875 -20.654296875 3.955078125 1.14484771336488 2.197265625 -95.537109375
580.064 265.475 323.210 715.133
0.507406 -0.01925873 0.8614919 580.0642 -0.02358552 0.9990653 0.03622572 265.4747 -0.8613843 -0.03869988 0.5064775 323.2095 0 0 0 1
DataSet: 88
-13.447265625 -25.6640625 -20.654296875 3.955078125 1.14484771336488 2.197265625 -95.537109375
585.045 265.475 313.895 715.041
0.4941333 -0.01985009 0.8691595 585.0446 -0.02358552 0.9990653 0.03622572 265.4747 -0.8690662 -0.03839992 0.4932033 313.8949 0 0 0 1
DataSet: 89
-12.568359375 -25.6640625 -20.654296875 3.955078125 1.25933029595642 2.197265625 -95.537109375
590.190 265.460 304.298 715.116
0.4807167 -0.01931253 0.8766633 590.1902 -0.0255737 0.9990234 0.03603137 265.4599 -0.8765029 -0.03974041 0.4797534 304.2976 0 0 0 1
DataSet: 90
-11.42578125 -25.751953125 -20.654296875 3.955078125 1.25933029595642 2.197265625 -95.537109375
595.769 265.460 293.001 715.024
0.4645017 -0.02004075 0.8853454 595.7689 -0.0255737 0.9990234 0.03603137 265.4599 -0.8852029 -0.0393782 0.4635356 293.0007 0 0 0 1
DataSet: 91
-10.458984375 -25.751953125 -20.654296875 3.955078125 1.14484771336488 2.197265625 -95.537109375
600.249 265.475 283.507 714.949
0.4495258 -0.02176769 0.8930021 600.2492 -0.02358552 0.9990653 0.03622572 265.4747 -0.8929559 -0.03734632 0.4485922 283.5066 0 0 0 1
DataSet: 92
-9.404296875 -25.927734375 -20.654296875 3.955078125 1.25933029595642 2.197265625 -95.537109375
605.025 265.460 272.892 714.839
0.4357501 -0.02129865 0.8998157 605.0253 -0.0255737 0.9990234 0.03603137 265.4599 -0.8997043 -0.03871229 0.4347799 272.8916 0 0 0 1
DataSet: 93
-8.4375 -25.927734375 -20.654296875 3.955078125 1.14484771336488 2.197265625 -95.537109375
609.185 265.475 263.256 714.763
0.4205323 -0.02295925 0.9069871 609.1845 -0.02358552 0.9990653 0.03622572 265.4747 -0.906971 -0.03662585 0.4195977 263.256 0 0 0 1
DataSet: 94
-7.470703125 -25.927734375 -20.654296875 3.955078125 1.25933029595642 2.197265625 -95.537109375
613.888 265.460 252.322 714.839
0.4051449 -0.02259272 0.9139733 613.8884 -0.0255737 0.9990234 0.03603137 265.4599 -0.9138947 -0.03797161 0.4041715 252.3219 0 0 0 1
DataSet: 95
-6.50390625 -25.927734375 -20.654296875 3.955078125 1.25933029595642 2.197265625 -95.537109375
618.058 265.460 241.928 714.839
0.3896671 -0.02323019 0.9206628 618.0585 -0.0255737 0.9990234 0.03603137 265.4599 -0.9206007 -0.03758499 0.3886925 241.9279 0 0 0 1
DataSet: 96
-5.537109375 -26.015625 -20.654296875 3.955078125 1.14484771336488 2.197265625 -95.537109375
621.406 265.475 232.660 714.670
0.3755227 -0.02472874 0.9264832 621.4059 -0.02358552 0.9990653 0.03622572 265.4747 -0.926513 -0.03545517 0.3745885 232.6598 0 0 0 1
DataSet: 97
-4.482421875 -26.015625 -20.654296875 3.955078125 1.25933029595642 2.197265625 -95.537109375
625.900 265.460 220.548 714.746
0.3583831 -0.02448513 0.9332535 625.9002 -0.0255737 0.9990234 0.03603137 265.4599 -0.9332243 -0.03677978 0.3574069 220.5477 0 0 0 1
DataSet: 98
-3.515625 -26.015625 -20.654296875 3.955078125 1.25933029595642 2.197265625 -95.537109375
629.532 265.460 209.955 714.746
0.3425858 -0.02510223 0.9391511 629.5324 -0.0255737 0.9990234 0.03603137 265.4599 -0.9391384 -0.03636141 0.3416093 209.9555 0 0 0 1
DataSet: 99
-2.4609375 -26.015625 -20.654296875 3.955078125 1.25933029595642 2.197265625 -95.537109375
633.290 265.460 198.332 714.746
0.3252413 -0.02576727 0.94528 633.2903 -0.0255737 0.9990234 0.03603137 265.4599 -0.9452852 -0.0358932 0.3242647 198.3323 0 0 0 1
DataSet: 100
-1.494140625 -26.015625 -20.654296875 3.955078125 1.25933029595642 2.197265625 -95.537109375
636.547 265.460 187.619 714.746
0.3092452 -0.02636923 0.9506167 636.5467 -0.0255737 0.9990234 0.03603137 265.4599 -0.9506384 -0.03545332 0.3082688 187.6185 0 0 0 1
DataSet: 101
-0.439453125 -26.015625 -20.654296875 3.955078125 1.25933029595642 2.197265625 -95.537109375
639.892 265.460 175.870 714.746
0.2916947 -0.02701734 0.9561298 639.8923 -0.0255737 0.9990234 0.03603137 265.4599 -0.9561695 -0.03496194 0.2907189 175.87 0 0 0 1
DataSet: 102
0.439453125 -26.015625 -20.654296875 3.955078125 1.14484771336488 2.197265625 -95.537109375
642.253 265.475 166.693 714.670
0.2770115 -0.02828598 0.9604502 642.2533 -0.02358552 0.9990653 0.03622572 265.4747 -0.9605771 -0.03268766 0.2760855 166.6934 0 0 0 1
DataSet: 103
1.58203125 -26.015625 -20.654296875 3.955078125 1.25933029595642 2.197265625 -95.537109375
645.698 265.460 153.189 714.746
0.257785 -0.02823378 0.9657897 645.6978 -0.0255737 0.9990234 0.03603137 265.4599 -0.9658638 -0.03398716 0.2568112 153.1888 0 0 0 1
DataSet: 104
2.4609375 -26.103515625 -20.654296875 3.955078125 1.14484771336488 2.197265625 -95.537109375
647.496 265.475 144.539 714.576
0.2444428 -0.02937279 0.9692187 647.4956 -0.02358552 0.9990653 0.03622572 265.4747 -0.9693768 -0.03171465 0.2435216 144.5388 0 0 0 1
DataSet: 105
3.427734375 -26.103515625 -20.654296875 3.955078125 1.25933029595642 2.197265625 -95.537109375
650.070 265.460 132.921 714.652
0.228036 -0.02926304 0.9732128 650.0699 -0.0255737 0.9990234 0.03603137 265.4599 -0.9733168 -0.03310511 0.2270649 132.9212 0 0 0 1
DataSet: 106
4.5703125 -26.103515625 -20.654296875 3.955078125 1.14484771336488 2.197265625 -95.537109375
652.377 265.475 120.608 714.576
0.2085971 -0.03052022 0.9775254 652.3769 -0.02358552 0.9990653 0.03622572 265.4747 -0.9777172 -0.03061203 0.2076823 120.6084 0 0 0 1
DataSet: 107
5.537109375 -26.103515625 -20.654296875 3.955078125 1.25933029595642 2.197265625 -95.537109375
654.522 265.460 108.904 714.652
0.1920564 -0.03046172 0.980911 654.5219 -0.0255737 0.9990234 0.03603137 265.4599 -0.9810506 -0.03200558 0.1910898 108.9038 0 0 0 1
DataSet: 108
6.591796875 -26.103515625 -20.654296875 3.955078125 1.25933029595642 2.197265625 -95.537109375
656.416 265.460 96.838 714.652
0.1739659 -0.03104568 0.9842622 656.4155 -0.0255737 0.9990234 0.03603137 265.4599 -0.9844195 -0.03143946 0.173002 96.83776 0 0 0 1
DataSet: 109
7.55859375 -26.103515625 -20.654296875 3.955078125 1.14484771336488 2.197265625 -95.537109375
657.777 265.475 86.435 714.576
0.1573434 -0.03207457 0.9870229 657.7773 -0.02358552 0.9990653 0.03622572 265.4747 -0.9872622 -0.02897933 0.1564398 86.43485 0 0 0 1
DataSet: 110
8.525390625 -26.103515625 -20.654296875 3.955078125 1.14484771336488 2.197265625 -95.537109375
659.142 265.475 75.324 714.576
0.1406629 -0.03255897 0.989522 659.1421 -0.02358552 0.9990653 0.03622572 265.4747 -0.9897766 -0.02843401 0.1397635 75.32388 0 0 0 1
DataSet: 111
9.580078125 -26.103515625 -20.654296875 3.955078125 1.25933029595642 2.197265625 -95.537109375
660.571 265.460 62.486 714.652
0.1224099 -0.03264246 0.9919427 660.5713 -0.0255737 0.9990234 0.03603137 265.4599 -0.9921501 -0.02977824 0.1214555 62.48602 0 0 0 1
DataSet: 112
10.546875 -26.103515625 -20.654296875 3.955078125 1.25933029595642 2.197265625 -95.537109375
661.532 265.460 51.331 714.652
0.1056519 -0.03314026 0.9938508 661.5316 -0.0255737 0.9990234 0.03603137 265.4599 -0.9940743 -0.02922323 0.1047012 51.33131 0 0 0 1
DataSet: 113
11.513671875 -26.103515625 -20.654296875 3.955078125 1.14484771336488 2.197265625 -95.537109375
662.173 265.475 40.859 714.576
0.08887293 -0.03399701 0.9954626 662.1726 -0.02358552 0.9990653 0.03622572 265.4747 -0.9957637 -0.02669799 0.08798802 40.85925 0 0 0 1
DataSet: 114
12.568359375 -26.103515625 -20.654296875 3.955078125 1.25933029595642 2.197265625 -95.537109375
662.931 265.460 27.964 714.652
0.07052094 -0.03415046 0.9969255 662.9305 -0.0255737 0.9990234 0.03603137 265.4599 -0.9971824 -0.02803604 0.06957872 27.96434 0 0 0 1
DataSet: 115
13.447265625 -26.103515625 -20.654296875 3.955078125 1.25933029595642 2.197265625 -95.537109375
663.281 265.460 17.792 714.652
0.05521666 -0.03457649 0.9978755 663.2815 -0.0255737 0.9990234 0.03603137 265.4599 -0.9981468 -0.02750891 0.05427849 17.79222 0 0 0 1
DataSet: 116
14.4140625 -26.103515625 -20.654296875 3.955078125 1.14484771336488 2.197265625 -95.537109375
663.392 265.475 7.301 714.576
0.03837369 -0.03530438 0.9986396 663.3918 -0.02358552 0.9990653 0.03622572 265.4747 -0.9989851 -0.02494355 0.03750515 7.30114 0 0 0 1
DataSet: 117
15.556640625 -26.103515625 -20.654296875 3.955078125 1.25933029595642 2.197265625 -95.537109375
663.487 265.460 -6.633 714.652
0.01844023 -0.03556559 0.9991972 663.4869 -0.0255737 0.9990234 0.03603137 265.4599 -0.9995028 -0.0262176 0.01751268 -6.633385 0 0 0 1
DataSet: 118
16.5234375 -26.103515625 -20.654296875 3.955078125 1.25933029595642 2.197265625 -95.537109375
663.281 265.460 -17.827 714.652
0.001573006 -0.0360029 0.9993504 663.2806 -0.0255737 0.9990234 0.03603137 265.4599 -0.9996717 -0.02561377 0.0006507423 -17.82745 0 0 0 1
DataSet: 119
17.490234375 -26.103515625 -20.654296875 3.955078125 1.14484771336488 2.197265625 -95.537109375
662.828 265.475 -28.309 714.576
-0.01529068 -0.03659207 0.9992133 662.8277 -0.02358552 0.9990653 0.03622572 265.4747 -0.9996049 -0.02301305 -0.01613943 -28.30933 0 0 0 1
DataSet: 120
18.544921875 -26.103515625 -20.654296875 3.955078125 1.25933029595642 2.197265625 -95.537109375
662.239 265.460 -41.213 714.652
-0.03369063 -0.036884 0.9987515 662.239 -0.0255737 0.9990234 0.03603137 265.4599 -0.999105 -0.02432786 -0.03460099 -41.21307 0 0 0 1
DataSet: 121
19.51171875 -26.103515625 -20.654296875 3.955078125 1.14484771336488 2.197265625 -95.537109375
661.417 265.475 -51.672 714.576
-0.05054146 -0.03738106 0.9980221 661.4166 -0.02358552 0.9990653 0.03622572 265.4747 -0.9984434 -0.02170797 -0.05137587 -51.67246 0 0 0 1
DataSet: 122
20.56640625 -26.103515625 -20.654296875 3.955078125 1.14484771336488 2.197265625 -95.537109375
660.353 265.475 -63.838 714.576
-0.06891098 -0.0377743 0.9969074 660.3535 -0.02358552 0.9990653 0.03622572 265.4747 -0.997344 -0.02101623 -0.06973749 -63.83822 0 0 0 1
DataSet: 123
21.533203125 -26.103515625 -20.654296875 3.955078125 1.25933029595642 2.197265625 -95.537109375
659.190 265.460 -75.681 714.652
-0.08572987 -0.03810209 0.9955896 659.1899 -0.0255737 0.9990234 0.03603137 265.4599 -0.9959902 -0.02237195 -0.08662056 -75.68068 0 0 0 1
DataSet: 124
22.5 -26.103515625 -20.654296875 3.955078125 1.25933029595642 2.197265625 -95.537109375
657.819 265.460 -86.792 714.652
-0.102523 -0.03847415 0.9939863 657.8192 -0.0255737 0.9990234 0.03603137 265.4599 -0.9944018 -0.02172587 -0.1034068 -86.7924 0 0 0 1
DataSet: 125
23.466796875 -26.103515625 -20.654296875 3.955078125 1.25933029595642 2.197265625 -95.537109375
656.261 265.460 -97.879 714.652
-0.1192869 -0.03883526 0.9921 656.261 -0.0255737 0.9990234 0.03603137 265.4599 -0.9925304 -0.0210736 -0.1201636 -97.87943 0 0 0 1
DataSet: 126
24.43359375 -26.19140625 -20.654296875 3.955078125 1.14484771336488 2.197265625 -95.537109375
654.549 265.475 -107.580 714.482
-0.1344994 -0.0390774 0.9901428 654.5488 -0.02358552 0.9990653 0.03622572 265.4747 -0.990633 -0.0184807 -0.1352953 -107.5804 0 0 0 1
DataSet: 127
25.576171875 -26.19140625 -20.654296875 3.955078125 1.25933029595642 2.197265625 -95.537109375
652.232 265.460 -121.319 714.559
-0.1542235 -0.03955444 0.987244 652.2321 -0.0255737 0.9990234 0.03603137 265.4599 -0.987705 -0.0196906 -0.1550844 -121.3192 0 0 0 1
DataSet: 128
26.54296875 -26.19140625 -20.654296875 3.955078125 1.25933029595642 2.197265625 -95.537109375
650.092 265.460 -132.307 714.559
-0.170867 -0.03988105 0.9844866 650.0922 -0.0255737 0.9990234 0.03603137 265.4599 -0.9849622 -0.0190204 -0.1717201 -132.307 0 0 0 1
DataSet: 129
27.509765625 -26.19140625 -20.654296875 3.955078125 1.25933029595642 2.197265625 -95.537109375
647.767 265.460 -143.257 714.559
-0.187462 -0.0401963 0.9814491 647.7672 -0.0255737 0.9990234 0.03603137 265.4599 -0.9819389 -0.01834478 -0.1883069 -143.2572 0 0 0 1
DataSet: 130
28.564453125 -26.19140625 -20.654296875 3.955078125 1.25933029595642 2.197265625 -95.537109375
645.021 265.460 -155.156 714.559
-0.2055045 -0.04052716 0.9778167 645.0206 -0.0255737 0.9990234 0.03603137 265.4599 -0.978322 -0.01760179 -0.2063402 -155.1562 0 0 0 1
DataSet: 131
29.53125 -26.19140625 -20.654296875 3.955078125 1.25933029595642 2.197265625 -95.537109375
642.311 265.460 -166.018 714.559
-0.2219824 -0.04081839 0.9741959 642.3108 -0.0255737 0.9990234 0.03603137 265.4599 -0.9747152 -0.01691547 -0.2228095 -166.0175 0 0 0 1
DataSet: 132
30.498046875 -26.19140625 -20.654296875 3.955078125 1.25933029595642 2.197265625 -95.537109375
639.418 265.460 -176.832 714.559
-0.2383972 -0.04109799 0.9702978 639.4182 -0.0255737 0.9990234 0.03603137 265.4599 -0.970831 -0.01622433 -0.2392154 -176.8316 0 0 0 1
DataSet: 133
31.552734375 -26.19140625 -20.654296875 3.955078125 1.25933029595642 2.197265625 -95.537109375
636.055 265.460 -188.571 714.559
-0.2562266 -0.04138967 0.9657302 636.0549 -0.0255737 0.9990234 0.03603137 265.4599 -0.9662784 -0.0154651 -0.2570349 -188.5712 0 0 0 1
DataSet: 134
32.51953125 -26.19140625 -20.7421875 3.955078125 1.14484771336488 2.197265625 -95.537109375
632.772 265.110 -198.563 714.221
-0.2725029 -0.04128837 0.9612687 632.7724 -0.02358552 0.9990653 0.03622572 265.1103 -0.9618658 -0.01280041 -0.273222 -198.5633 0 0 0 1
DataSet: 135
33.57421875 -26.19140625 -20.654296875 3.955078125 1.25933029595642 2.197265625 -95.537109375
629.007 265.460 -210.890 714.559
-0.2901519 -0.04190943 0.9560625 629.0074 -0.0255737 0.9990234 0.03603137 265.4599 -0.9566388 -0.01399549 -0.2909403 -210.8902 0 0 0 1
DataSet: 136
34.453125 -26.279296875 -20.7421875 3.955078125 1.14484771336488 2.197265625 -95.537109375
625.829 265.110 -219.162 714.127
-0.3033414 -0.04167922 0.95197 625.8286 -0.02358552 0.9990653 0.03622572 265.1103 -0.95259 -0.01146395 -0.3040408 -219.1621 0 0 0 1
DataSet: 137
35.5078125 -26.279296875 -20.7421875 3.955078125 1.25933029595642 2.197265625 -95.537109375
621.527 265.095 -231.335 714.204
-0.3208128 -0.04233845 0.9461958 621.5267 -0.0255737 0.9990234 0.03603137 265.0954 -0.9467973 -0.01263841 -0.3215823 -231.3352 0 0 0 1
DataSet: 138
36.474609375 -26.279296875 -20.7421875 3.955078125 1.25933029595642 2.197265625 -95.537109375
617.535 265.095 -241.789 714.204
-0.3367425 -0.04254567 0.9406351 617.5349 -0.0255737 0.9990234 0.03603137 265.0954 -0.9412494 -0.01192223 -0.3375016 -241.7893 0 0 0 1
DataSet: 139
37.44140625 -26.279296875 -20.654296875 3.955078125 1.25933029595642 2.197265625 -95.537109375
613.502 265.460 -252.201 714.465
-0.3525762 -0.04274078 0.9348065 613.5024 -0.0255737 0.9990234 0.03603137 265.4599 -0.9354336 -0.01120266 -0.3533249 -252.2012 0 0 0 1
DataSet: 140
38.49609375 -26.279296875 -20.7421875 3.955078125 1.25933029595642 2.197265625 -95.537109375
608.622 265.095 -263.422 714.204
-0.3697348 -0.04293974 0.9281446 608.6217 -0.0255737 0.9990234 0.03603137 265.0954 -0.9287853 -0.01041405 -0.3704718 -263.4219 0 0 0 1
DataSet: 141
39.462890625 -26.279296875 -20.7421875 3.955078125 1.14484771336488 2.197265625 -95.537109375
604.299 265.110 -272.976 714.127
-0.385368 -0.0425211 0.9217828 604.2994 -0.02358552 0.9990653 0.03622572 265.1103 -0.9224615 -0.007780495 -0.3860106 -272.9757 0 0 0 1
DataSet: 142
40.517578125 -26.279296875 -20.7421875 3.955078125 1.14484771336488 2.197265625 -95.537109375
599.172 265.110 -284.053 714.127
-0.4022822 -0.04265711 0.9145214 599.1724 -0.02358552 0.9990653 0.03622572 265.1103 -0.9152119 -0.006996503 -0.4029123 -284.0526 0 0 0 1
DataSet: 143
41.484375 -26.279296875 -20.7421875 3.955078125 1.25933029595642 2.197265625 -95.537109375
594.061 265.095 -294.792 714.204
-0.4176511 -0.04342426 0.9075692 594.0615 -0.0255737 0.9990234 0.03603137 265.0954 -0.9082475 -0.008161363 -0.4183538 -294.7922 0 0 0 1
DataSet: 144
42.451171875 -26.279296875 -20.7421875 3.955078125 1.14484771336488 2.197265625 -95.537109375
589.247 265.110 -304.108 714.127
-0.4329334 -0.04286889 0.9004059 589.247 -0.02358552 0.9990653 0.03622572 265.1103 -0.9011173 -0.005553218 -0.4335399 -304.1077 0 0 0 1
DataSet: 145
43.505859375 -26.279296875 -20.7421875 3.955078125 1.14484771336488 2.197265625 -95.537109375
583.549 265.110 -314.902 714.127
-0.4494467 -0.04296384 0.8922734 583.5495 -0.02358552 0.9990653 0.03622572 265.1103 -0.8929957 -0.004763201 -0.45004 -314.9023 0 0 0 1
DataSet: 146
44.560546875 -26.279296875 -20.7421875 3.955078125 1.14484771336488 2.197265625 -95.537109375
577.654 265.110 -325.590 714.127
-0.4658077 -0.04304424 0.8838384 577.6544 -0.02358552 0.9990653 0.03622572 265.1103 -0.8845716 -0.00397157 -0.4663875 -325.5901 0 0 0 1
DataSet: 147
45.52734375 -26.279296875 -20.7421875 3.955078125 1.25933029595642 2.197265625 -95.537109375
571.799 265.095 -335.943 714.204
-0.4806474 -0.0438916 0.8758148 571.7989 -0.0255737 0.9990234 0.03603137 265.0954 -0.876541 -0.005079445 -0.4813005 -335.9426 0 0 0 1
DataSet: 148
46.58203125 -26.279296875 -20.7421875 3.955078125 1.14484771336488 2.197265625 -95.537109375
