DataSet_0
-0.21224726736545563 -0.061890870332717896 -0.9752541184425354 -62.4017219543457 
-0.09760136902332306 -0.9916596412658691 0.08417324721813202 -173.57798767089844 
-0.9723296761512756 0.11305168271064758 0.20443640649318695 -1325.3172607421875 
0.0 0.0 0.0 1.0

DataSet_1.3
-0.20914582908153534 -0.03714084252715111 -0.9771789312362671 -55.8040657043457 
-0.09622751176357269 -0.9936468601226807 0.05836235359311104 -175.97486877441406 
-0.9731383919715881 0.1062377318739891 0.20424312353134155 -1327.2423095703125 
0.0 0.0 0.0 1.0

DataSet_2.4
-0.20653489232063293 -0.02871379815042019 -0.9780178666114807 -53.70835494995117 
-0.076413594186306 -0.9960429668426514 0.045379798859357834 -177.1547088623047 
-0.975450873374939 0.08410637080669403 0.20352351665496826 -1333.0592041015625 
0.0 0.0 0.0 1.0

DataSet_3.4
-0.20414377748966217 -0.017239028587937355 -0.9787891507148743 -50.64453125 
-0.06540931016206741 -0.9973703622817993 0.031208563596010208 -178.42698669433594 
-0.976753294467926 0.07039295136928558 0.20247936248779297 -1336.8385009765625 
0.0 0.0 0.0 1.0

DataSet_4.2
-0.202358216047287 -0.004038587678223848 -0.979303240776062 -47.18711853027344 
-0.06154656782746315 -0.997962236404419 0.01683320663869381 -179.6638641357422 
-0.9773756265640259 0.06367909163236618 0.20169728994369507 -1338.6082763671875 
0.0 0.0 0.0 1.0

DataSet_5.3
-0.19984100759029388 0.010485430248081684 -0.9797722101211548 -43.3608512878418 
-0.054622359573841095 -0.9985069632530212 0.00045521926949732006 -180.98805236816406 
-0.9783046245574951 0.05360843986272812 0.2001153826713562 -1341.4588623046875 
0.0 0.0 0.0 1.0

DataSet_6.3
-0.19781345129013062 0.027481717988848686 -0.9798544049263 -38.96316146850586 
-0.04899275302886963 -0.9986348152160645 -0.018117766827344894 -182.3177032470703 
-0.9790145754814148 0.04442182555794716 0.19888979196548462 -1343.9317626953125 
0.0 0.0 0.0 1.0

DataSet_7.4
-0.19578470289707184 0.041619300842285156 -0.9797633290290833 -35.28559494018555 
-0.03887784853577614 -0.9986429214477539 -0.03465237841010094 -183.36573791503906 
-0.979875922203064 0.031306684017181396 0.19713708758354187 -1347.471923828125 
0.0 0.0 0.0 1.0

DataSet_8.6
-0.19355559349060059 0.059148158878088 -0.9793047308921814 -30.529525756835938 
-0.03423021733760834 -0.9979804158210754 -0.053510673344135284 -184.5806121826172 
-0.9804919958114624 0.023164521902799606 0.19518934190273285 -1349.7652587890625 
0.0 0.0 0.0 1.0

DataSet_9.7
-0.1916273832321167 0.07901887595653534 -0.9782816767692566 -25.14780616760254 
-0.032528966665267944 -0.9967174530029297 -0.0741361677646637 -185.8193359375 
-0.9809285402297974 0.017615966498851776 0.19356875121593475 -1351.4168701171875 
0.0 0.0 0.0 1.0

DataSet_11.0
-0.19043804705142975 0.0954306498169899 -0.9770498275756836 -20.264528274536133 
-0.021342307329177856 -0.9954311847686768 -0.09306614845991135 -186.2592010498047 
-0.9814671874046326 0.00312916561961174 0.19160467386245728 -1355.52880859375 
0.0 0.0 0.0 1.0

DataSet_12.1
-0.18854539096355438 0.11029745638370514 -0.9758509397506714 -16.140640258789062 
-0.012963318265974522 -0.993865966796875 -0.10982897877693176 -186.984619140625 
-0.9819788932800293 -0.008057475090026855 0.18881866335868835 -1358.694580078125 
0.0 0.0 0.0 1.0

DataSet_13.1
-0.18704478442668915 0.12093822658061981 -0.9748785495758057 -13.248822212219238 
0.0014357157051563263 -0.9923582077026367 -0.12338212132453918 -187.36781311035156 
-0.9823503494262695 -0.024477630853652954 0.185441792011261 -1363.3062744140625 
0.0 0.0 0.0 1.0

DataSet_14.3
-0.1856936812400818 0.14045314490795135 -0.9725177884101868 -7.912016868591309 
0.005069740116596222 -0.9895813465118408 -0.1438855230808258 -188.1693878173828 
-0.9825946092605591 -0.03164905309677124 0.18304695188999176 -1365.39208984375 
0.0 0.0 0.0 1.0

DataSet_15.2
-0.1844523400068283 0.15593603253364563 -0.9703923463821411 -3.7266290187835693 
0.006841182708740234 -0.9871059060096741 -0.15992216765880585 -188.7708282470703 
-0.9828176498413086 -0.036136649549007416 0.18100720643997192 -1366.6422119140625 
0.0 0.0 0.0 1.0

DataSet_16.6
-0.182485893368721 0.17038917541503906 -0.9683317542076111 -0.06737051159143448 
0.026216864585876465 -0.9836757779121399 -0.17802980542182922 -188.992431640625 
-0.9828588366508484 -0.05787454918026924 0.1750398874282837 -1372.6435546875 
0.0 0.0 0.0 1.0

DataSet_17.5
-0.18201465904712677 0.18769380450248718 -0.9652159214019775 4.834383964538574 
0.024910911917686462 -0.9804176688194275 -0.19534745812416077 -189.5607452392578 
-0.9829802513122559 -0.059600502252578735 0.17377476394176483 -1373.2904052734375 
0.0 0.0 0.0 1.0

DataSet_18.4
-0.18101705610752106 0.20176251232624054 -0.9625615477561951 8.786581993103027 
0.028889639303088188 -0.9772169589996338 -0.21026736497879028 -189.8096466064453 
-0.9830555319786072 -0.06587003916501999 0.171064093708992 -1375.1793212890625 
0.0 0.0 0.0 1.0

DataSet_19.4
-0.18039309978485107 0.21633589267730713 -0.9595087766647339 12.675949096679688 
0.03903036564588547 -0.97316974401474 -0.22675389051437378 -189.8506317138672 
-0.9828199148178101 -0.07835480570793152 0.1671094298362732 -1378.58349609375 
0.0 0.0 0.0 1.0

DataSet_20.3
-0.1801551729440689 0.23078259825706482 -0.9561817049980164 16.670461654663086 
0.0422079861164093 -0.9693777561187744 -0.24192000925540924 -190.02040100097656 
-0.9827321767807007 -0.08394164592027664 0.16489754617214203 -1380.1641845703125 
0.0 0.0 0.0 1.0

DataSet_21.5
-0.1793508231639862 0.24384720623493195 -0.9530854225158691 20.48206901550293 
0.054251283407211304 -0.9648685455322266 -0.2570708990097046 -189.7520751953125 
-0.9822881817817688 -0.0978119820356369 0.15982095897197723 -1384.3160400390625 
0.0 0.0 0.0 1.0

DataSet_22.5
-0.1792166531085968 0.261283278465271 -0.9484789967536926 25.33036231994629 
0.058689847588539124 -0.9595314860343933 -0.2754175066947937 -189.7176055908203 
-0.9820574522018433 -0.10502549260854721 0.15662935376167297 -1386.3355712890625 
0.0 0.0 0.0 1.0

DataSet_23.6
-0.1787368655204773 0.2740081548690796 -0.9449723362922668 29.055021286010742 
0.06927379965782166 -0.9545501470565796 -0.2898881733417511 -189.30409240722656 
-0.9814552068710327 -0.11727552860975266 0.15163171291351318 -1390.1224365234375 
0.0 0.0 0.0 1.0

DataSet_24.7
-0.17824982106685638 0.28813883662223816 -0.9408522844314575 33.12044906616211 
0.07787015289068222 -0.9490354657173157 -0.3053979277610779 -188.8935546875 
-0.9808992147445679 -0.12770144641399384 0.14672799408435822 -1393.189453125 
0.0 0.0 0.0 1.0

DataSet_25.9
-0.1782960742712021 0.30185186862945557 -0.9365339875221252 37.150047302246094 
0.08480723202228546 -0.9435287714004517 -0.32025182247161865 -188.4780731201172 
-0.9803153276443481 -0.136524498462677 0.1426282525062561 -1395.8734130859375 
0.0 0.0 0.0 1.0

DataSet_26.9
-0.17846807837486267 0.3173080384731293 -0.9313778877258301 41.42353820800781 
0.0931277722120285 -0.9368779063224792 -0.3370267450809479 -187.9297637939453 
-0.9795286655426025 -0.14688566327095032 0.13765260577201843 -1398.8399658203125 
0.0 0.0 0.0 1.0

DataSet_27.9
-0.17883381247520447 0.33089718222618103 -0.9265665411949158 45.44223403930664 
0.10116469115018845 -0.9305723905563354 -0.35185328125953674 -187.26597595214844 
-0.9786644577980042 -0.1566590964794159 0.13294270634651184 -1401.82373046875 
0.0 0.0 0.0 1.0

DataSet_29.1
-0.17952187359333038 0.34604308009147644 -0.920883297920227 49.92864990234375 
0.11035777628421783 -0.9230983853340149 -0.36838918924331665 -186.35545349121094 
-0.977544367313385 -0.16776055097579956 0.12752780318260193 -1405.1939697265625 
0.0 0.0 0.0 1.0

DataSet_30.3
-0.179526224732399 0.3604285717010498 -0.9153477549552917 54.06523132324219 
0.11799539625644684 -0.9158582091331482 -0.3837718665599823 -185.52537536621094 
-0.976651132106781 -0.17690393328666687 0.12189165502786636 -1408.0098876953125 
0.0 0.0 0.0 1.0

DataSet_31.3
-0.18058116734027863 0.37366247177124023 -0.9098169207572937 57.94943618774414 
0.12470857799053192 -0.9088599681854248 -0.3980216979980469 -184.72499084472656 
-0.9756219983100891 -0.18533718585968018 0.11752407997846603 -1410.474609375 
0.0 0.0 0.0 1.0

DataSet_32.5
-0.181731179356575 0.38875094056129456 -0.9032422304153442 62.34576416015625 
0.13612382113933563 -0.8997488021850586 -0.4146353304386139 -183.3773956298828 
-0.9738809466362 -0.1983049511909485 0.11059414595365524 -1414.3521728515625 
0.0 0.0 0.0 1.0

DataSet_33.4
-0.18237347900867462 0.40149053931236267 -0.8975217342376709 66.25614166259766 
0.14261344075202942 -0.892375648021698 -0.4281671345233917 -182.3321533203125 
-0.9728316068649292 -0.20608501136302948 0.10548769682645798 -1416.9002685546875 
0.0 0.0 0.0 1.0

DataSet_34.3
-0.18305625021457672 0.41353219747543335 -0.8918976783752441 69.81034088134766 
0.14977170526981354 -0.8849070072174072 -0.4410306215286255 -181.24786376953125 
-0.971626877784729 -0.21431447565555573 0.10005232691764832 -1419.4381103515625 
0.0 0.0 0.0 1.0

DataSet_35.4
-0.18385891616344452 0.42663729190826416 -0.8855374455451965 73.61615753173828 
0.1565200686454773 -0.8766934275627136 -0.4548737108707428 -180.1042022705078 
-0.970410943031311 -0.22223694622516632 0.09441061317920685 -1421.9429931640625 
0.0 0.0 0.0 1.0

DataSet_36.3
-0.1853329986333847 0.439954936504364 -0.8786872625350952 77.65384674072266 
0.16387426853179932 -0.8678197264671326 -0.469078004360199 -178.74998474121094 
-0.9689152836799622 -0.23092986643314362 0.0887383371591568 -1424.6019287109375 
0.0 0.0 0.0 1.0

DataSet_37.3
-0.18564970791339874 0.4520072042942047 -0.8724812865257263 81.39464569091797 
0.17225784063339233 -0.8591957092285156 -0.48177793622016907 -177.25970458984375 
-0.9673992991447449 -0.23973368108272552 0.08164765685796738 -1427.6055908203125 
0.0 0.0 0.0 1.0

DataSet_38.4
-0.1874716579914093 0.46348899602890015 -0.8660440444946289 84.8773193359375 
0.17990437150001526 -0.8505608439445496 -0.4941463768482208 -175.81903076171875 
-0.9656546115875244 -0.24844352900981903 0.07607235014438629 -1430.2060546875 
0.0 0.0 0.0 1.0

DataSet_39.4
-0.18916404247283936 0.4784611761569977 -0.8574916124343872 89.37264251708984 
0.1836555302143097 -0.8406090140342712 -0.5095557570457458 -174.3900146484375 
-0.9646178483963013 -0.25387269258499146 0.07114095240831375 -1431.9759521484375 
0.0 0.0 0.0 1.0

DataSet_40.6
-0.19058002531528473 0.4905068576335907 -0.8503424525260925 93.25846099853516 
0.19378966093063354 -0.8303744792938232 -0.52242112159729 -172.34730529785156 
-0.9623538255691528 -0.2643505930900574 0.06319764256477356 -1435.54736328125 
0.0 0.0 0.0 1.0

DataSet_41.5
-0.1929776817560196 0.5016634464263916 -0.8432635068893433 96.6033935546875 
0.19896084070205688 -0.821557879447937 -0.5342820286750793 -170.9560546875 
-0.9608195424079895 -0.27088093757629395 0.058730944991111755 -1437.4024658203125 
0.0 0.0 0.0 1.0

DataSet_42.6
-0.1943855732679367 0.5141624212265015 -0.8353748917579651 100.52086639404297 
0.20734837651252747 -0.8108386993408203 -0.5473091006278992 -168.96578979492188 
-0.9587600827217102 -0.27960261702537537 0.051004599779844284 -1440.3123779296875 
0.0 0.0 0.0 1.0

DataSet_43.0
-0.19497241079807281 0.5183187127113342 -0.8326652646064758 101.7863998413086 
0.21155188977718353 -0.8067509531974792 -0.5517233610153198 -168.1399688720703 
-0.957722008228302 -0.28372272849082947 0.047642871737480164 -1441.6854248046875 
0.0 0.0 0.0 1.0

DataSet_43.9
-0.1970037966966629 0.5299846529960632 -0.8248065114021301 105.34227752685547 
0.2171044796705246 -0.7968238592147827 -0.5638593435287476 -166.44041442871094 
-0.9560623168945312 -0.29015159606933594 0.04191528633236885 -1443.697265625 
0.0 0.0 0.0 1.0

DataSet_44.9
-0.1982458084821701 0.5402498841285706 -0.8178194165229797 108.67224884033203 
0.22482843697071075 -0.7870678901672363 -0.5744356513023376 -164.4873809814453 
-0.954018235206604 -0.29774853587150574 0.034569382667541504 -1446.3829345703125 
0.0 0.0 0.0 1.0

DataSet_46.0
-0.20076611638069153 0.5543807148933411 -0.8076848983764648 113.0419692993164 
0.23114535212516785 -0.774385929107666 -0.5889806747436523 -162.1953125 
-0.9519793391227722 -0.30493998527526855 0.027327926829457283 -1448.7578125 
0.0 0.0 0.0 1.0

DataSet_47.1
-0.203499898314476 0.5667936205863953 -0.7983312606811523 117.01155853271484 
0.23878532648086548 -0.7620392441749573 -0.6018951535224915 -159.79908752441406 
-0.9495100378990173 -0.3131153881549835 0.01973290927708149 -1451.4964599609375 
0.0 0.0 0.0 1.0

DataSet_48.0
-0.20515285432338715 0.5763269066810608 -0.7910497188568115 120.02075958251953 
0.24647285044193268 -0.7517706155776978 -0.6116306781768799 -157.7511444091797 
-0.9471871256828308 -0.3204500377178192 0.012178960256278515 -1453.9146728515625 
0.0 0.0 0.0 1.0

DataSet_49.0
-0.20807170867919922 0.5873696804046631 -0.7821144461631775 123.54886627197266 
0.25264933705329895 -0.7402045726776123 -0.6231095194816589 -155.5464324951172 
-0.9449203610420227 -0.3272521495819092 0.005617071874439716 -1456.0921630859375 
0.0 0.0 0.0 1.0

DataSet_50.0
-0.21035920083522797 0.5983921885490417 -0.7730950117111206 127.22049713134766 
0.25883543491363525 -0.7284797430038452 -0.6342881917953491 -153.0628662109375 
-0.9427371025085449 -0.3335327208042145 -0.0016426891088485718 -1458.4940185546875 
0.0 0.0 0.0 1.0

DataSet_51.1
-0.21317103505134583 0.6099783778190613 -0.7632067203521729 131.00572204589844 
0.2655228078365326 -0.7155912518501282 -0.6460857391357422 -150.453369140625 
-0.9402424097061157 -0.3403755724430084 -0.009419836103916168 -1460.859375 
0.0 0.0 0.0 1.0

DataSet_52.1
-0.21416091918945312 0.6178284883499146 -0.756586492061615 133.49737548828125 
0.27663955092430115 -0.7044823169708252 -0.6535863876342773 -147.88706970214844 
-0.9368061423301697 -0.3492743968963623 -0.020043211057782173 -1463.87890625 
0.0 0.0 0.0 1.0

DataSet_0.3
-0.2111540585756302 -0.05399622768163681 -0.9759603142738342 -59.74007797241211 
-0.10017482191324234 -0.9920200705528259 0.07655810564756393 -174.1244659423828 
-0.9723060727119446 0.11393219977617264 0.20406000316143036 -1325.3128662109375 
0.0 0.0 0.0 1.0

DataSet_0.7
-0.21467818319797516 -0.07340998202562332 -0.973922073841095 -64.64127349853516 
-0.09837283194065094 -0.9904751777648926 0.09634164720773697 -172.06109619140625 
-0.9717181324958801 0.11648992449045181 0.2054118663072586 -1324.6488037109375 
0.0 0.0 0.0 1.0

DataSet_1.7
-0.21753214299678802 -0.09212447702884674 -0.9716958999633789 -69.4100570678711 
-0.09814205020666122 -0.9884259700775146 0.11568154394626617 -170.14451599121094 
-0.9711065888404846 0.1205286756157875 0.20597313344478607 -1323.54296875 
0.0 0.0 0.0 1.0

DataSet_2.8
-0.22058597207069397 -0.10516977310180664 -0.969680905342102 -72.72136688232422 
-0.1057354211807251 -0.9857324957847595 0.13096371293067932 -168.42933654785156 
-0.9696193933486938 0.1314183920621872 0.20631858706474304 -1320.69970703125 
0.0 0.0 0.0 1.0

DataSet_3.9
-0.22409175336360931 -0.1163245216012001 -0.9676008224487305 -75.6842041015625 
-0.12188588827848434 -0.9817102551460266 0.1462489366531372 -166.46080017089844 
-0.966916024684906 0.1507100760936737 0.20581486821174622 -1315.5113525390625 
0.0 0.0 0.0 1.0

DataSet_4.9
-0.2271738499403 -0.1314772218465805 -0.964938223361969 -79.3592300415039 
-0.12618404626846313 -0.9785178899765015 0.1630348265171051 -164.46937561035156 
-0.9656446576118469 0.15879705548286438 0.20570333302021027 -1313.4635009765625 
0.0 0.0 0.0 1.0

DataSet_6.0
-0.23089340329170227 -0.14928792417049408 -0.9614579081535339 -83.85308074951172 
-0.1288522630929947 -0.9747638702392578 0.1822977513074875 -162.0600128173828 
-0.9644092917442322 0.1659773737192154 0.20583045482635498 -1311.5045166015625 
0.0 0.0 0.0 1.0

DataSet_7.2
-0.23364056646823883 -0.15745529532432556 -0.9594894051551819 -85.79785919189453 
-0.15244928002357483 -0.9686643481254578 0.19608311355113983 -159.92967224121094 
-0.9602974653244019 0.19208642840385437 0.2023153305053711 -1304.9761962890625 
0.0 0.0 0.0 1.0

DataSet_8.2
-0.23739710450172424 -0.17048263549804688 -0.9563359022140503 -89.03755950927734 
-0.1602877378463745 -0.9641103744506836 0.21165776252746582 -157.69677734375 
-0.9580973386764526 0.20353583991527557 0.20155073702335358 -1302.0291748046875 
0.0 0.0 0.0 1.0

DataSet_9.2
-0.24090899527072906 -0.18355579674243927 -0.9530320763587952 -92.292236328125 
-0.1670011430978775 -0.9594670534133911 0.22701001167297363 -155.47373962402344 
-0.9560719132423401 0.21384620666503906 0.20049022138118744 -1299.4049072265625 
0.0 0.0 0.0 1.0

DataSet_10.3
-0.24516482651233673 -0.19657951593399048 -0.9493422508239746 -95.42719268798828 
-0.1766938716173172 -0.9537656903266907 0.24312613904476166 -152.94090270996094 
-0.9532436728477478 0.2273489236831665 0.19909539818763733 -1296.0843505859375 
0.0 0.0 0.0 1.0

DataSet_11.2
-0.24837687611579895 -0.20862793922424316 -0.9459298253059387 -98.403564453125 
-0.1833607703447342 -0.948749840259552 0.25739574432373047 -150.6066131591797 
-0.9511507153511047 0.2373775839805603 0.19739334285259247 -1293.4967041015625 
0.0 0.0 0.0 1.0

DataSet_12.1
-0.2519342601299286 -0.21969610452651978 -0.9424768686294556 -101.1750259399414 
-0.19124385714530945 -0.9433818459510803 0.271028608083725 -148.2444610595703 
-0.9486594796180725 0.24852430820465088 0.19565467536449432 -1290.5611572265625 
0.0 0.0 0.0 1.0

DataSet_13.3
-0.25646138191223145 -0.23231151700019836 -0.9382211565971375 -104.2307357788086 
-0.20070502161979675 -0.9367287158966064 0.2868044078350067 -145.36227416992188 
-0.9454867243766785 0.2618599534034729 0.19360867142677307 -1287.2161865234375 
0.0 0.0 0.0 1.0

DataSet_14.3
-0.26042991876602173 -0.2442883551120758 -0.9340768456459045 -107.23320770263672 
-0.2083161324262619 -0.9304563999176025 0.301422119140625 -142.6475067138672 
-0.9427516460418701 0.27308258414268494 0.1914294809103012 -1284.3138427734375 
0.0 0.0 0.0 1.0

DataSet_15.3
-0.2646893560886383 -0.2571922838687897 -0.9294039607048035 -110.31878662109375 
-0.2131694108247757 -0.92433100938797 0.3164979815483093 -140.01419067382812 
-0.940477728843689 0.28189411759376526 0.18983504176139832 -1282.2049560546875 
0.0 0.0 0.0 1.0

DataSet_16.4
-0.26921752095222473 -0.2718070149421692 -0.9239279627799988 -113.7257308959961 
-0.22045211493968964 -0.916483998298645 0.33385324478149414 -136.81808471679688 
-0.9375088214874268 0.29356101155281067 0.1868131011724472 -1279.35693359375 
0.0 0.0 0.0 1.0

DataSet_17.4
-0.27328720688819885 -0.2899850606918335 -0.9171819686889648 -118.28792572021484 
-0.21326419711112976 -0.9114851355552673 0.3517289459705353 -134.15232849121094 
-0.9379938244819641 0.2917250990867615 0.18725378811359406 -1279.7783203125 
0.0 0.0 0.0 1.0

DataSet_18.5
-0.27786996960639954 -0.3016747236251831 -0.9120200872421265 -121.0807876586914 
-0.2231629192829132 -0.9031623601913452 0.3667370080947876 -131.00924682617188 
-0.9343375563621521 0.3054342567920685 0.18363907933235168 -1276.3260498046875 
0.0 0.0 0.0 1.0

DataSet_19.7
-0.2822068929672241 -0.3119199573993683 -0.9072293639183044 -123.57086181640625 
-0.23566043376922607 -0.8941527605056763 0.380729615688324 -127.83233642578125 
-0.9299587607383728 0.3212426006793976 0.1788288652896881 -1272.4500732421875 
0.0 0.0 0.0 1.0

DataSet_20.7
-0.28636038303375244 -0.32257384061813354 -0.9021883606910706 -126.03186798095703 
-0.24501077830791473 -0.8856596946716309 0.39443209767341614 -124.65301513671875 
-0.926265299320221 0.33399561047554016 0.1745837777853012 -1269.3682861328125 
0.0 0.0 0.0 1.0

DataSet_21.5
-0.29085850715637207 -0.3354240953922272 -0.8960424065589905 -128.92466735839844 
-0.24585963785648346 -0.8788801431655884 0.4088064730167389 -121.92989349365234 
-0.9246374368667603 0.3392055034637451 0.17316250503063202 -1268.1976318359375 
0.0 0.0 0.0 1.0

DataSet_22.7
-0.2963576018810272 -0.34892570972442627 -0.8890573382377625 -132.07093811035156 
-0.2521817982196808 -0.8692508339881897 0.42521438002586365 -118.2121810913086 
-0.9211820960044861 0.35021960735321045 0.16961637139320374 -1265.49853515625 
0.0 0.0 0.0 1.0

DataSet_23.6
-0.3019004762172699 -0.3648248016834259 -0.8807717561721802 -135.7433624267578 
-0.24806596338748932 -0.8619932532310486 0.4420756697654724 -114.88591766357422 
-0.9204995036125183 0.35195237398147583 0.16973556578159332 -1265.0416259765625 
0.0 0.0 0.0 1.0

DataSet_24.6
-0.306839257478714 -0.3766791820526123 -0.8740494847297668 -138.382568359375 
-0.2538849413394928 -0.8526790738105774 0.4565970003604889 -111.50650787353516 
-0.9172742962837219 0.3620099127292633 0.16600225865840912 -1262.6778564453125 
0.0 0.0 0.0 1.0

DataSet_25.7
-0.3117068111896515 -0.38699638843536377 -0.8677976131439209 -140.78170776367188 
-0.26345130801200867 -0.842292308807373 0.4702520966529846 -107.87262725830078 
-0.912925124168396 0.3752031922340393 0.16059355437755585 -1259.4521484375 
0.0 0.0 0.0 1.0

DataSet_26.8
-0.31755974888801575 -0.4005710780620575 -0.8594757914543152 -143.7847137451172 
-0.2661680579185486 -0.83229660987854 0.48624783754348755 -104.13031768798828 
-0.9101155996322632 0.3831777274608612 0.15768468379974365 -1257.6195068359375 
0.0 0.0 0.0 1.0

DataSet_27.8
-0.32220396399497986 -0.4097781181335449 -0.8533852696418762 -145.8992156982422 
-0.27539098262786865 -0.8219010829925537 0.4986366033554077 -100.59085845947266 
-0.9057286381721497 0.3956773281097412 0.15197059512138367 -1254.7252197265625 
0.0 0.0 0.0 1.0

DataSet_28.9
-0.3267897367477417 -0.41953134536743164 -0.8468777537345886 -148.11082458496094 
-0.2808070480823517 -0.8125072717666626 0.5108613967895508 -97.40350341796875 
-0.9024167060852051 0.40475350618362427 0.14771166443824768 -1252.5455322265625 
0.0 0.0 0.0 1.0

DataSet_29.9
-0.3329974412918091 -0.43329325318336487 -0.8374781608581543 -151.0623321533203 
-0.28063127398490906 -0.8023799657821655 0.5267185568809509 -93.4865493774414 
-0.900199294090271 0.41041848063468933 0.14559485018253326 -1251.25634765625 
0.0 0.0 0.0 1.0

DataSet_30.9
-0.3386608958244324 -0.44402894377708435 -0.829546332359314 -153.43963623046875 
-0.2856147289276123 -0.7915300130844116 0.5402818322181702 -89.6555404663086 
-0.8965116143226624 0.4199029505252838 0.14123906195163727 -1249.043212890625 
0.0 0.0 0.0 1.0

DataSet_32.0
-0.34401169419288635 -0.45259761810302734 -0.8226854205131531 -155.2238311767578 
-0.29826924204826355 -0.7781075239181519 0.5527966022491455 -85.45911407470703 
-0.8903321623802185 0.4355502724647522 0.13268214464187622 -1245.5986328125 
0.0 0.0 0.0 1.0

DataSet_33.1
-0.3495559096336365 -0.4631897211074829 -0.8144114017486572 -157.46324157714844 
-0.3042857348918915 -0.7660019993782043 0.566260576248169 -81.36199951171875 
-0.8861268758773804 0.4457534849643707 0.12681850790977478 -1243.3115234375 
0.0 0.0 0.0 1.0

DataSet_34.0
-0.3545917570590973 -0.4724521338939667 -0.8068789839744568 -159.4186248779297 
-0.30699238181114197 -0.7562878727912903 0.5777406692504883 -77.90479278564453 
-0.8831876516342163 0.4525677561759949 0.12313424795866013 -1241.728759765625 
0.0 0.0 0.0 1.0

DataSet_35.1
-0.36075839400291443 -0.4837070405483246 -0.7974213361740112 -161.79966735839844 
-0.307973176240921 -0.7452561259269714 0.5913931131362915 -73.90982055664062 
-0.8803441524505615 0.4589344561100006 0.11988859623670578 -1240.2943115234375 
0.0 0.0 0.0 1.0

DataSet_35.6
-0.36494943499565125 -0.4931885600090027 -0.7896688580513 -163.84315490722656 
-0.2999729514122009 -0.7406513690948486 0.6012085676193237 -71.80229949951172 
-0.8813785314559937 0.45628997683525085 0.1223570927977562 -1240.8140869140625 
0.0 0.0 0.0 1.0

DataSet_36.5
-0.3707870841026306 -0.5023027658462524 -0.7811586260795593 -165.7239990234375 
-0.3045531213283539 -0.7288399934768677 0.613220751285553 -67.8936538696289 
-0.8773621320724487 0.46527865529060364 0.11726658046245575 -1238.884521484375 
0.0 0.0 0.0 1.0

DataSet_37.6
-0.3768501281738281 -0.5123676061630249 -0.7716627717018127 -167.76629638671875 
-0.3089279234409332 -0.7158606052398682 0.6261845231056213 -63.6341438293457 
-0.8732396364212036 0.47436589002609253 0.111487478017807 -1236.9344482421875 
0.0 0.0 0.0 1.0

DataSet_38.5
-0.38220691680908203 -0.5211496353149414 -0.7630996108055115 -169.5367889404297 
-0.3120855987071991 -0.7044784426689148 0.6374266147613525 -59.7884635925293 
-0.8697819113731384 0.4817812442779541 0.10661323368549347 -1235.2562255859375 
0.0 0.0 0.0 1.0

DataSet_39.6
-0.3891807198524475 -0.5321313738822937 -0.7519139647483826 -171.78492736816406 
-0.3116552233695984 -0.6920675039291382 0.6510864496231079 -55.59641647338867 
-0.8668387532234192 0.48772820830345154 0.10349781066179276 -1233.9144287109375 
0.0 0.0 0.0 1.0

DataSet_40.8
-0.39293602108955383 -0.5346724987030029 -0.7481487393379211 -172.3011474609375 
-0.332677960395813 -0.6758254766464233 0.6577121019363403 -51.08725357055664 
-0.85727858543396 0.5073314309120178 0.08768241852521896 -1229.7801513671875 
0.0 0.0 0.0 1.0

DataSet_41.7
-0.4007853865623474 -0.5474663376808167 -0.7346099019050598 -174.7263641357422 
-0.32862091064453125 -0.6625661253929138 0.6730635166168213 -46.41730880737305 
-0.8552072048187256 0.5111621618270874 0.08563792705535889 -1229.0198974609375 
0.0 0.0 0.0 1.0

DataSet_42.9
-0.4069250822067261 -0.5551194548606873 -0.7254339456558228 -176.2283172607422 
-0.33657771348953247 -0.6471654772758484 0.6840264797210693 -41.6136589050293 
-0.849192202091217 0.5225124359130859 0.07650703936815262 -1226.6910400390625 
0.0 0.0 0.0 1.0

DataSet_43.9
-0.412206768989563 -0.5613908767700195 -0.7175833582878113 -177.3779754638672 
-0.3449491560459137 -0.6328124403953552 0.6932232975959778 -37.40852737426758 
-0.8432648777961731 0.5332810878753662 0.06719827651977539 -1224.53466796875 
0.0 0.0 0.0 1.0

DataSet_44.9
-0.4172056317329407 -0.5686215162277222 -0.7089491486549377 -178.6901092529297 
-0.3484804630279541 -0.6203633546829224 0.702645480632782 -33.463523864746094 
-0.8393454551696777 0.5402026176452637 0.06066558510065079 -1223.0728759765625 
0.0 0.0 0.0 1.0

DataSet_45.9
-0.42238274216651917 -0.5754014849662781 -0.7003613114356995 -179.93341064453125 
-0.3551010191440582 -0.6058628559112549 0.7119224071502686 -29.01409339904785 
-0.8339640498161316 0.5494027733802795 0.05158035084605217 -1221.256103515625 
0.0 0.0 0.0 1.0

DataSet_46.9
-0.4301277697086334 -0.5856285691261292 -0.6870437860488892 -181.8331756591797 
-0.3499237596988678 -0.5933915972709656 0.7248722314834595 -24.504009246826172 
-0.8321919441223145 0.5522006750106812 0.05030884966254234 -1220.6131591796875 
0.0 0.0 0.0 1.0

DataSet_47.8
-0.4357795715332031 -0.5928345322608948 -0.6772321462631226 -183.1283416748047 
-0.35292476415634155 -0.5796273946762085 0.7344903945922852 -20.125263214111328 
-0.8279736042022705 0.559087872505188 0.0433637872338295 -1219.2017822265625 
0.0 0.0 0.0 1.0

DataSet_48.9
-0.4432392120361328 -0.6022965908050537 -0.663910984992981 -184.7618865966797 
-0.34942111372947693 -0.5659638047218323 0.7467193603515625 -15.446955680847168 
-0.8254961371421814 0.5629597902297974 0.04040219634771347 -1218.3359375 
0.0 0.0 0.0 1.0

DataSet_49.8
-0.4493046998977661 -0.6101268529891968 -0.6525875329971313 -186.04493713378906 
-0.35033589601516724 -0.551632285118103 0.7569456100463867 -10.83879280090332 
-0.8218212127685547 0.5687240362167358 0.03410164639353752 -1217.1348876953125 
0.0 0.0 0.0 1.0

DataSet_50.9
-0.45460593700408936 -0.6153046488761902 -0.6439981460571289 -186.8272705078125 
-0.35699746012687683 -0.5365394949913025 0.7646425366401672 -6.399977207183838 
-0.8160185813903809 0.5775167346000671 0.02425186149775982 -1215.5498046875 
0.0 0.0 0.0 1.0

