DataSet: 1
-34.716796875 11.689453125 1.7578125 3.955078125 0 -8.7890625 -80.244140625
680.956 359.018 331.109 837.991
0.4803032 0.1444097 0.8651327 680.956 -0.02589152 0.9882576 -0.1505875 359.0181 -0.8767203 0.04992808 0.4784023 331.1091 0 0 0 1
DataSet: 2
-34.716796875 11.689453125 1.7578125 3.955078125 -1.0355691519551 -12.041015625 -73.564453125
697.651 355.315 343.528 854.972
0.575228 0.1913849 0.795289 697.651 -0.04167966 0.9778388 -0.2051686 355.3153 -0.8169306 0.08487132 0.5704571 343.528 0 0 0 1
DataSet: 3
-34.716796875 11.689453125 1.7578125 3.955078125 -2.0717463270069 -12.392578125 -73.564453125
697.618 354.684 350.147 857.364
0.5750958 0.1912909 0.7954072 697.6176 -0.02600724 0.9760616 -0.2159335 354.6837 -0.8176726 0.1034961 0.5663039 350.1472 0 0 0 1
DataSet: 4
-34.716796875 11.689453125 1.7578125 3.955078125 -2.99340243143981 -12.744140625 -73.388671875
697.815 353.963 356.091 859.672
0.5773014 0.1918451 0.7936741 697.8145 -0.01293636 0.9740341 -0.2260317 353.9631 -0.8164286 0.1202212 0.5647931 356.0913 0 0 0 1
DataSet: 5
-34.716796875 11.689453125 1.7578125 3.955078125 -4.02841349402843 -12.48046875 -73.388671875
694.256 353.936 361.500 859.037
0.5775687 0.1818312 0.7958341 694.2556 0.005691812 0.9739574 -0.2266594 353.9359 -0.8163223 0.1354411 0.5614923 361.5005 0 0 0 1
DataSet: 6
-34.716796875 11.689453125 1.7578125 3.955078125 -5.06318271287886 -12.3046875 -72.24609375
691.201 353.672 367.076 858.829
0.5934287 0.1732366 0.7860225 691.201 0.01932114 0.9732158 -0.2290803 353.6723 -0.8046547 0.1511297 0.574187 367.0762 0 0 0 1
DataSet: 7
-34.716796875 11.689453125 1.7578125 3.955078125 -6.09790733238003 -12.216796875 -72.24609375
688.654 353.178 372.812 859.051
0.5933418 0.1660704 0.7876332 688.6542 0.03700729 0.9718239 -0.232785 353.1776 -0.8040994 0.1672692 0.570478 372.8122 0 0 0 1
DataSet: 8
-34.716796875 11.689453125 1.7578125 3.955078125 -7.01617796071473 -11.953125 -72.158203125
685.322 352.882 377.556 858.336
0.5945414 0.1566942 0.7886491 685.3219 0.05329333 0.9709914 -0.2330997 352.8817 -0.8022969 0.1806171 0.5689439 377.556 0 0 0 1
DataSet: 9
-34.716796875 11.689453125 1.7578125 3.955078125 -8.04933303304891 -11.77734375 -68.115234375
682.272 352.282 383.111 858.121
0.6485704 0.1481132 0.7466049 682.2722 0.05460456 0.9693034 -0.2397273 352.2819 -0.7591935 0.1962481 0.6205739 383.1112 0 0 0 1
DataSet: 10
-34.716796875 11.689453125 1.7578125 3.955078125 -9.08254520523891 -11.689453125 -66.357421875
679.735 351.457 388.817 858.335
0.6709273 0.1409737 0.7279993 679.7348 0.06437476 0.9669821 -0.2465796 351.4568 -0.7387235 0.2123018 0.6396995 388.8167 0 0 0 1
DataSet: 11
-34.716796875 11.689453125 1.845703125 3.955078125 -10.1122867159131 -11.25 -63.10546875
675.152 351.337 393.858 856.967
0.7112585 0.1281118 0.6911576 675.1524 0.06970935 0.9655493 -0.2507092 351.3371 -0.6994655 0.2264992 0.6778245 393.8577 0 0 0 1
DataSet: 12
-34.716796875 11.689453125 1.845703125 3.955078125 -11.0302269638071 -11.25 -60.205078125
673.359 350.313 399.046 857.536
0.7449852 0.1230645 0.6556312 673.3586 0.07088628 0.9626666 -0.2612434 350.3126 -0.663304 0.2410977 0.7084488 399.046 0 0 0 1
DataSet: 13
-34.716796875 11.689453125 1.845703125 3.955078125 -12.1548320711324 -8.701171875 -48.427734375
656.265 351.615 400.838 845.569
0.8658036 0.07496785 0.4947363 656.2651 0.05938542 0.966331 -0.2503553 351.6149 -0.4968476 0.2461387 0.8322008 400.8376 0 0 0 1
DataSet: 14
-34.716796875 11.689453125 1.845703125 3.955078125 -13.0681443895754 -8.4375 -49.74609375
652.933 350.630 405.526 844.816
0.8540221 0.06559198 0.5160851 652.9329 0.08020614 0.9635587 -0.2551895 350.6296 -0.5140167 0.2593307 0.8176395 405.526 0 0 0 1
DataSet: 15
-34.716796875 11.689453125 1.845703125 3.955078125 -14.0958540536463 -8.26171875 -49.74609375
649.898 349.302 411.003 844.573
0.8536279 0.05705228 0.5177495 649.8979 0.09581414 0.9598241 -0.2637371 349.3023 -0.5119953 0.2747411 0.8138662 411.0029 0 0 0 1
DataSet: 16
-34.716796875 11.689453125 1.7578125 3.955078125 -15.0166310442242 -8.96484375 -43.505859375
652.252 346.861 417.427 848.523
0.9039544 0.06364533 0.422866 652.2523 0.0692082 0.954052 -0.2915392 346.8615 -0.4219913 0.2928039 0.8580147 417.4272 0 0 0 1
DataSet: 17
-34.716796875 11.689453125 1.7578125 3.955078125 -16.0380887895893 -8.26171875 -45.703125
646.147 345.814 421.888 845.626
0.8870198 0.04646792 0.4593872 646.1475 0.1012922 0.9511042 -0.2917888 345.8138 -0.4504839 0.3053548 0.8389415 421.8878 0 0 0 1
DataSet: 18
-34.716796875 11.689453125 1.7578125 3.955078125 -17.0681121122452 -8.525390625 -45.615234375
645.719 343.784 428.078 847.580
0.8869547 0.04526278 0.4596331 645.7192 0.1106301 0.9453934 -0.3065815 343.7842 -0.4484109 0.3227732 0.8335137 428.0782 0 0 0 1
DataSet: 19
-34.716796875 11.689453125 1.7578125 3.955078125 -18.0939408768134 -8.4375 -44.82421875
643.241 341.960 433.595 847.762
0.8925988 0.03829051 0.449223 643.2412 0.1200101 0.9402604 -0.3186033 341.9599 -0.434586 0.3382963 0.83468 433.5952 0 0 0 1
DataSet: 20
-34.716796875 11.689453125 1.7578125 3.955078125 -19.0059841740281 -8.4375 -42.1875
641.508 340.180 438.609 848.311
0.9117444 0.03341274 0.4093969 641.5077 0.1159113 0.9352511 -0.3344696 340.1797 -0.3940645 0.3524045 0.848837 438.6092 0 0 0 1
DataSet: 21
-34.716796875 11.689453125 1.7578125 3.955078125 -20.0334489651641 -8.61328125 -42.01171875
640.603 337.921 444.525 849.803
0.9122208 0.03086811 0.4085345 640.6033 0.124732 0.9288969 -0.3487011 337.9214 -0.3902502 0.3690497 0.8435088 444.525 0 0 0 1
DataSet: 22
-34.716796875 11.689453125 1.7578125 3.955078125 -21.0558152116309 -8.4375 -39.814453125
637.647 335.872 449.776 849.531
0.9265878 0.02254908 0.3754019 637.6467 0.1248649 0.92313 -0.3636477 335.8718 -0.3547447 0.383826 0.8525454 449.7765 0 0 0 1
DataSet: 23
-34.716796875 11.689453125 1.7578125 3.955078125 -22.0726955417886 -7.91015625 -37.265625
632.633 334.010 454.368 847.489
0.9417987 0.00844319 0.3360714 632.6335 0.1260446 0.9178903 -0.3762847 334.0096 -0.3116537 0.3967445 0.8634036 454.3676 0 0 0 1
DataSet: 24
-34.716796875 11.689453125 1.7578125 3.955078125 -23.0974609441205 -8.0859375 -36.474609375
631.774 331.452 460.158 848.967
0.9456001 0.006024584 0.3252755 631.7739 0.1291676 0.9106941 -0.3923673 331.4521 -0.2985903 0.4130376 0.8603742 460.1582 0 0 0 1
DataSet: 25
-34.716796875 11.689453125 1.7578125 3.955078125 -24.0056169158577 -8.0859375 -33.92578125
630.103 329.224 464.990 849.491
0.958529 0.001324006 0.284992 630.1033 0.1204395 0.9044237 -0.4092824 329.2236 -0.2582954 0.4266334 0.8667569 464.9902 0 0 0 1
DataSet: 26
-34.716796875 11.689453125 1.7578125 3.955078125 -25.0226469585815 -7.822265625 -34.453125
626.684 326.837 469.922 848.754
0.9550928 -0.008296291 0.2961905 626.6843 0.1375977 0.8977091 -0.4185515 326.8372 -0.2624204 0.4405107 0.8585371 469.9221 0 0 0 1
DataSet: 27
-34.716796875 11.689453125 1.7578125 3.955078125 -26.0409806624402 -7.734375 -32.783203125
624.318 324.206 475.113 848.891
0.9625446 -0.01495415 0.2707106 624.3181 0.1360503 0.8903065 -0.4345627 324.2063 -0.2345169 0.4551162 0.8589942 475.113 0 0 0 1
DataSet: 28
-34.716796875 11.689453125 1.7578125 3.955078125 -27.0556352887773 -7.470703125 -31.11328125
620.931 321.612 479.949 848.139
0.9691969 -0.02448504 0.2450669 620.9308 0.1359045 0.8830057 -0.449256 321.6116 -0.2053954 0.4687232 0.859134 479.9489 0 0 0 1
DataSet: 29
-34.716796875 11.689453125 1.7578125 3.955078125 -28.0678083065883 -7.119140625 -28.30078125
617.041 318.976 484.581 846.938
0.9791983 -0.03543085 0.199788 617.0406 0.1267858 0.8755887 -0.4661222 318.9756 -0.158417 0.4817564 0.8618671 484.5809 0 0 0 1
DataSet: 30
-34.716796875 11.689453125 1.7578125 3.955078125 -29.0787489928153 -6.767578125 -27.333984375
613.167 316.230 489.159 845.726
0.9814847 -0.04632936 0.185853 613.1673 0.1316758 0.8678631 -0.4790356 316.2299 -0.1391016 0.4946384 0.8578948 489.1591 0 0 0 1
DataSet: 31
-34.716796875 11.689453125 1.7578125 3.955078125 -29.9711640009614 -6.064453125 -23.90625
607.429 313.943 492.494 842.662
0.9896666 -0.06247637 0.1290609 607.4286 0.1187758 0.861429 -0.4937939 313.9433 -0.08032636 0.5040207 0.8599482 492.4936 0 0 0 1
DataSet: 32
-34.716796875 11.689453125 1.7578125 3.955078125 -31.0923635321481 -5.712890625 -22.587890625
603.394 310.622 497.524 841.487
0.991262 -0.07382786 0.1093124 603.3943 0.1196528 0.8520827 -0.5095472 310.6216 -0.05552442 0.5181743 0.8534708 497.5238 0 0 0 1
DataSet: 33
-34.716796875 11.689453125 1.7578125 3.955078125 -32.0025424722235 -6.50390625 -21.357421875
606.531 307.240 503.381 845.972
0.9937226 -0.06500128 0.09105051 606.5313 0.1035422 0.8425668 -0.5285454 307.2397 -0.04236001 0.534655 0.8440081 503.3811 0 0 0 1
DataSet: 34
-34.716796875 11.689453125 1.7578125 3.955078125 -32.9988328583405 -5.44921875 -20.126953125
598.569 304.512 506.500 841.162
0.9935496 -0.08740599 0.07224569 598.5687 0.1126247 0.8348914 -0.5387689 304.5118 -0.01322568 0.5434303 0.8393501 506.4998 0 0 0 1
DataSet: 35
-34.716796875 11.689453125 1.7578125 3.955078125 -34.0024783862593 -5.009765625 -19.248046875
594.269 301.297 510.628 839.450
0.9932334 -0.09950379 0.05988666 594.2692 0.1160073 0.8258464 -0.5518333 301.2972 0.005452323 0.5550466 0.8318014 510.6282 0 0 0 1
DataSet: 36
-34.716796875 11.689453125 1.7578125 3.955078125 -35.0079446328402 -4.833984375 -17.75390625
591.552 297.854 515.163 839.073
0.993551 -0.1071493 0.03708857 591.5519 0.1091997 0.8161591 -0.567415 297.8543 0.03052795 0.5678058 0.8225963 515.1628 0 0 0 1
DataSet: 37
-34.716796875 11.689453125 1.7578125 3.955078125 -36.0052627040169 -4.04296875 -16.875
585.216 294.581 518.518 835.534
0.9918535 -0.1249769 0.02464393 585.216 0.116067 0.8069499 -0.5791031 294.5814 0.05248807 0.5772458 0.8148817 518.5178 0 0 0 1
DataSet: 38
-34.716796875 11.689453125 1.7578125 3.955078125 -37.0079038081918 -3.8671875 -16.34765625
582.544 290.951 522.918 835.136
0.9910061 -0.1324958 0.01875639 582.5438 0.1177407 0.7967342 -0.5927493 290.9507 0.06359292 0.5896266 0.8051686 522.918 0 0 0 1
DataSet: 39
-34.716796875 11.689453125 1.7578125 3.955078125 -38.0117011728672 -3.955078125 -15.8203125
581.455 287.139 527.731 836.086
0.9906823 -0.1355591 0.01312879 581.4551 0.115601 0.7860086 -0.6073112 287.1389 0.07200719 0.6031702 0.7943556 527.7313 0 0 0 1
DataSet: 40
-34.716796875 11.689453125 1.7578125 3.955078125 -39.0033374211306 -2.900390625 -14.677734375
573.634 283.622 530.368 831.136
0.987501 -0.1575662 -0.003838853 573.6337 0.1214316 0.7761138 -0.6187905 283.6223 0.1004798 0.61059 0.7855467 530.3684 0 0 0 1
DataSet: 41
-34.716796875 11.689453125 1.7578125 3.955078125 -40.1100407393696 -2.373046875 -13.095703125
568.787 279.371 534.388 828.937
0.9848523 -0.1712046 -0.02747767 568.7867 0.115131 0.7641526 -0.6346776 279.3712 0.1296569 0.6219001 0.7722884 534.388 0 0 0 1
DataSet: 42
-34.716796875 11.689453125 1.7578125 3.955078125 -41.0819453017815 8.0859375 3.603515625
506.832 273.018 515.562 772.801
0.8882372 -0.345529 -0.3027282 506.8318 0.06451215 0.7462767 -0.6625023 273.0181 0.4548327 0.5689296 0.6851615 515.5623 0 0 0 1
DataSet: 43
-34.716796875 11.689453125 1.7578125 3.955078125 -41.9496763853944 7.20703125 3.1640625
510.476 270.026 521.557 778.153
0.8954356 -0.3352747 -0.2928926 510.4761 0.05626589 0.7378562 -0.6726086 270.0255 0.4416212 0.5857978 0.6795672 521.5572 0 0 0 1
DataSet: 44
-34.716796875 11.689453125 1.7578125 3.955078125 -43.0473344732464 6.767578125 0.87890625
511.332 265.704 527.362 781.134
0.9084674 -0.3328667 -0.2527582 511.3319 0.07563709 0.7256981 -0.683843 265.7045 0.4110547 0.6021312 0.6844501 527.3621 0 0 0 1
DataSet: 45
-34.716796875 11.689453125 1.7578125 3.955078125 -44.0277242718389 6.064453125 1.318359375
513.887 261.895 533.236 785.499
0.9101776 -0.3256776 -0.2559508 513.887 0.05995009 0.7149798 -0.6965701 261.8952 0.4098569 0.6186582 0.670283 533.2358 0 0 0 1
DataSet: 46
-34.716796875 11.689453125 1.7578125 3.955078125 -45.1476892456859 6.943359375 1.494140625
507.303 256.610 535.702 781.141
0.9038537 -0.3442027 -0.2541123 507.3032 0.0667461 0.7001093 -0.7109092 256.6103 0.4226032 0.6255969 0.6557705 535.7018 0 0 0 1
DataSet: 47
-34.716796875 11.689453125 1.7578125 3.955078125 -45.9988230393607 5.44921875 -0.615234375
514.577 253.562 542.860 789.798
0.9208995 -0.3237356 -0.2171159 514.5771 0.07368866 0.6915337 -0.7185757 253.5625 0.3827715 0.6457371 0.6606888 542.8596 0 0 0 1
DataSet: 48
-34.716796875 11.689453125 1.7578125 3.955078125 -46.9901325391453 5.625 0.263671875
512.200 249.051 546.415 789.268
0.9161007 -0.3304252 -0.2271095 512.1996 0.06349407 0.6788397 -0.7315362 249.051 0.395889 0.6557407 0.6428655 546.4149 0 0 0 1
DataSet: 49
-34.716796875 11.689453125 1.7578125 3.955078125 -47.9797798792987 5.80078125 2.4609375
509.852 244.475 549.886 788.728
0.9054961 -0.337032 -0.2578493 509.8516 0.03569384 0.6659651 -0.7451285 244.4754 0.4228508 0.6655073 0.6150587 549.886 0 0 0 1
DataSet: 50
-34.716796875 11.689453125 1.7578125 3.955078125 -49.1898395368316 6.15234375 1.669921875
506.244 238.727 553.683 787.298
0.906547 -0.3471832 -0.240076 506.2439 0.04795671 0.6497906 -0.7585989 238.727 0.4193719 0.6761923 0.6057155 553.6834 0 0 0 1
DataSet: 51
-34.716796875 11.689453125 1.7578125 3.955078125 -50.1816449842459 6.591796875 -37.353515625
502.466 233.869 556.319 785.276
0.8503581 -0.357812 0.385826 502.4664 0.5244504 0.6361225 -0.5659505 233.8693 -0.0429287 0.6836071 0.7285866 556.3187 0 0 0 1
DataSet: 52
-34.716796875 11.689453125 1.7578125 3.955078125 0 -5.361328125 -76.2890625
661.017 361.637 324.215 820.269
0.5404817 0.08830736 0.8367086 661.0172 -0.02214661 0.9956253 -0.09077377 361.6366 -0.8410642 0.0305313 0.540073 324.2155 0 0 0 1
DataSet: 53
-34.716796875 11.689453125 1.7578125 3.955078125 1.03238441206878 -7.734375 -77.080078125
676.911 359.901 322.997 831.904
0.5276523 0.1330271 0.8389796 676.9106 -0.04764728 0.9907418 -0.1271238 359.901 -0.8481231 0.02710207 0.5291056 322.9967 0 0 0 1
DataSet: 54
-34.716796875 11.689453125 1.7578125 3.955078125 2.17942745744794 -7.734375 -72.158203125
679.213 359.703 316.336 831.135
0.5972447 0.1395065 0.7898333 679.2134 -0.07740438 0.9901859 -0.1163638 359.7035 -0.7983153 0.008361134 0.6021817 316.3362 0 0 0 1
DataSet: 55
-34.716796875 11.689453125 1.7578125 3.955078125 3.09858331507156 -8.61328125 -67.1484375
686.144 358.669 312.805 835.036
0.6625351 0.1590071 0.731959 686.1439 -0.1078869 0.9872762 -0.1168167 358.6693 -0.7412204 -0.001573638 0.6712599 312.8054 0 0 0 1
DataSet: 56
-34.716796875 11.689453125 1.7578125 3.955078125 4.01629884019923 -8.525390625 -83.49609375
687.472 358.401 307.315 833.973
0.4293461 0.1627434 0.8883561 687.4718 -0.08634039 0.9865215 -0.1389983 358.4012 -0.8990035 -0.01702262 0.4376105 307.3148 0 0 0 1
DataSet: 57
-34.716796875 11.689453125 1.7578125 3.955078125 5.04849224891881 -8.4375 -83.49609375
689.027 357.981 301.166 832.832
0.4288146 0.1671194 0.8878002 689.027 -0.1039883 0.985339 -0.1352529 357.9809 -0.8973876 -0.03432245 0.4399062 301.1665 0 0 0 1
DataSet: 58
-34.716796875 11.689453125 1.7578125 3.955078125 5.96477529862792 -8.0859375 -90
688.827 357.753 295.142 830.408
0.3249913 0.1665555 0.930935 688.8266 -0.103917 0.984698 -0.1398967 357.7531 -0.9399903 -0.05127477 0.3373263 295.1416 0 0 0 1
DataSet: 59
-34.716796875 11.689453125 1.7578125 3.955078125 7.07164095351294 18.80859375 -169.62890625
534.872 341.654 236.780 677.407
-0.8344041 -0.2666304 0.4823673 534.8724 -0.3368905 0.9394001 -0.06349976 341.6542 -0.4362049 -0.2154894 -0.8736644 236.7797 0 0 0 1
DataSet: 60
-34.716796875 11.689453125 1.7578125 3.955078125 8.11113127109097 18.544921875 -169.453125
538.338 341.366 231.498 678.181
-0.8360977 -0.2568797 0.4847199 538.3378 -0.3353727 0.9385903 -0.08107678 341.3664 -0.4341264 -0.2303499 -0.8709037 231.4983 0 0 0 1
DataSet: 61
-34.716796875 11.689453125 1.7578125 3.955078125 9.14844532439873 18.193359375 -169.365234375
542.300 341.130 226.371 679.487
-0.8388441 -0.2457305 0.4857542 542.3002 -0.3323003 0.9379238 -0.09937456 341.1295 -0.4311811 -0.244776 -0.8684282 226.3713 0 0 0 1
DataSet: 62
-34.716796875 11.689453125 1.7578125 3.955078125 10.1832647256182 17.75390625 -168.310546875
546.764 340.934 221.397 681.324
-0.8335181 -0.2331718 0.5008778 546.7635 -0.3297216 0.9373725 -0.1123229 340.9336 -0.4433185 -0.2587734 -0.8581987 221.3966 0 0 0 1
DataSet: 63
-34.716796875 11.689453125 1.7578125 3.955078125 11.1050161347827 17.578125 -168.134765625
549.515 340.253 216.618 681.661
-0.8343999 -0.2254301 0.5029494 549.5149 -0.3296215 0.9354562 -0.1275598 340.2525 -0.4417313 -0.2722188 -0.8548511 216.6181 0 0 0 1
DataSet: 64
-34.716796875 11.689453125 1.7578125 3.955078125 12.0218763592214 17.138671875 -167.783203125
553.765 339.961 212.288 683.590
-0.8346587 -0.2134721 0.5077149 553.7648 -0.3257708 0.9346364 -0.1425772 339.9612 -0.4440926 -0.284402 -0.8496454 212.2882 0 0 0 1
DataSet: 65
-34.716796875 11.689453125 1.7578125 3.955078125 13.1637140317456 16.435546875 -167.34375
559.963 339.712 207.139 686.928
-0.8352937 -0.1960315 0.5136692 559.9632 -0.3187047 0.9339356 -0.161838 339.7121 -0.4480086 -0.298891 -0.8425868 207.1388 0 0 0 1
DataSet: 66
-34.716796875 11.689453125 1.7578125 3.955078125 14.0733393240047 15.732421875 -162.158203125
565.738 339.610 203.260 690.441
-0.7893479 -0.1797815 0.5870336 565.7384 -0.3248607 0.9336481 -0.1508864 339.61 -0.5209563 -0.309806 -0.7953771 203.2596 0 0 0 1
DataSet: 67
-34.716796875 11.689453125 1.7578125 3.955078125 15.0979776026128 15.1171875 -161.015625
571.236 339.049 198.616 693.335
-0.7811332 -0.1643123 0.6023557 571.2362 -0.3228301 0.9320708 -0.1643922 339.0493 -0.5344264 -0.3228708 -0.7811164 198.6164 0 0 0 1
DataSet: 68
-34.716796875 11.689453125 1.7578125 3.955078125 16.1121381239112 13.974609375 -160.3125
579.792 339.126 194.863 699.383
-0.7783833 -0.1402377 0.6119255 579.7923 -0.3119371 0.9322858 -0.1831351 339.1258 -0.544807 -0.3334316 -0.769421 194.8631 0 0 0 1
DataSet: 69
-34.716796875 11.689453125 1.7578125 3.955078125 17.1410879981259 13.798828125 -160.3125
582.757 337.604 189.527 699.645
-0.7806126 -0.1318957 0.6109399 582.7571 -0.3138861 0.928003 -0.2007135 337.6037 -0.5404807 -0.3484451 -0.7658111 189.5273 0 0 0 1
DataSet: 70
-34.716796875 11.689453125 1.7578125 3.955078125 18.1627256545661 13.271484375 -158.90625
587.757 336.465 184.798 702.009
-0.7683047 -0.1178274 0.6291459 587.7569 -0.3156965 0.924799 -0.2123267 336.4649 -0.5568156 -0.3617508 -0.7477251 184.7985 0 0 0 1
DataSet: 71
-34.716796875 11.689453125 1.7578125 3.955078125 19.0333100342545 10.546875 -152.490234375
605.384 338.085 184.419 717.497
-0.6987049 -0.06823023 0.7121489 605.3837 -0.3041022 0.9293582 -0.2093205 338.0853 -0.6475595 -0.3628193 -0.6700962 184.4187 0 0 0 1
DataSet: 72
-34.716796875 11.689453125 1.7578125 3.955078125 20.1727828025791 10.458984375 -152.578125
608.040 335.847 178.375 717.164
-0.7018789 -0.06075495 0.7097005 608.0405 -0.310068 0.9230613 -0.2276307 335.8474 -0.6412674 -0.3798246 -0.6667154 178.375 0 0 0 1
DataSet: 73
-34.716796875 11.689453125 1.7578125 3.955078125 21.0778299858438 10.01953125 -151.611328125
612.321 334.355 174.204 719.081
-0.6917934 -0.04871093 0.7204506 612.3209 -0.3138091 0.9188617 -0.2392009 334.3549 -0.6503428 -0.3915615 -0.6509484 174.2037 0 0 0 1
DataSet: 74
-34.716796875 11.689453125 1.7578125 3.955078125 22.0806469401057 8.525390625 -148.7109375
623.010 333.486 171.279 727.111
-0.6570278 -0.01863427 0.753636 623.0101 -0.3126263 0.9164163 -0.2498917 333.4858 -0.6859878 -0.3997922 -0.6079366 171.2785 0 0 0 1
DataSet: 75
-34.716796875 11.689453125 1.7578125 3.955078125 23.1047052272337 8.61328125 -146.689453125
624.385 330.998 165.651 725.849
-0.6319172 -0.01476476 0.7748953 624.3854 -0.3306239 0.9094156 -0.2522917 330.9977 -0.7009768 -0.4156263 -0.5795569 165.6511 0 0 0 1
DataSet: 76
-34.716796875 11.689453125 1.7578125 3.955078125 23.8840185857349 7.470703125 -147.12890625
632.581 329.999 163.422 731.960
-0.6393366 0.008295776 0.7688822 632.5811 -0.3196035 0.9066053 -0.2755367 329.9989 -0.6993585 -0.4218981 -0.5769746 163.4221 0 0 0 1
DataSet: 77
-34.716796875 11.689453125 1.7578125 3.955078125 25.1255217885107 7.03125 -147.12890625
637.455 327.143 157.601 733.628
-0.6415159 0.02200877 0.766794 637.4547 -0.3235373 0.8985709 -0.2964692 327.1435 -0.6955436 -0.4382762 -0.5693268 157.6013 0 0 0 1
DataSet: 78
-34.716796875 11.689453125 1.7578125 3.955078125 26.132900884151 6.064453125 -147.12890625
645.011 325.075 153.979 738.527
-0.6428981 0.04326988 0.7647285 645.0109 -0.3187189 0.8927506 -0.3184568 325.075 -0.6964914 -0.4484687 -0.5601568 153.9789 0 0 0 1
DataSet: 79
-34.716796875 11.689453125 1.7578125 3.955078125 27.1484571891668 5.888671875 -145.458984375
647.882 322.367 148.993 738.831
-0.6221367 0.05134915 0.7812229 647.8823 -0.3339185 0.8851317 -0.3240992 322.3672 -0.7081274 -0.4624988 -0.5335265 148.9926 0 0 0 1
DataSet: 80
-34.716796875 11.689453125 1.7578125 3.955078125 28.160875833232 5.537109375 -145.458984375
651.774 319.659 144.375 740.160
-0.6237883 0.06230085 0.7791064 651.7745 -0.3376658 0.8775122 -0.3405205 319.6592 -0.7048901 -0.4754903 -0.526345 144.3754 0 0 0 1
DataSet: 81
-34.716796875 11.689453125 1.7578125 3.955078125 29.0632636750924 5.537109375 -145.458984375
653.373 316.991 139.753 739.534
-0.6255447 0.06679762 0.7773235 653.3727 -0.3449057 0.8700053 -0.352322 316.9913 -0.6998099 -0.4884965 -0.5211883 139.753 0 0 0 1
DataSet: 82
-34.716796875 11.689453125 1.7578125 3.955078125 30.0670423304177 4.5703125 -145.458984375
660.866 314.391 136.360 744.432
-0.6264325 0.08788224 0.7745057 660.8661 -0.3408764 0.8626879 -0.3735945 314.3907 -0.700989 -0.4980425 -0.5104588 136.3604 0 0 0 1
DataSet: 83
-34.716796875 11.689453125 1.7578125 3.955078125 31.068377431039 3.251953125 -145.546875
670.413 311.720 133.716 751.334
-0.6276171 0.1147438 0.7700199 670.4127 -0.3320183 0.8551728 -0.3980495 311.7198 -0.7041737 -0.5054833 -0.498624 133.7159 0 0 0 1
DataSet: 84
-34.716796875 11.689453125 1.7578125 3.955078125 32.1891245000578 2.900390625 -145.810546875
674.422 308.179 128.783 752.599
-0.632668 0.1260252 0.7641 674.4222 -0.3347714 0.8452102 -0.4165908 308.1791 -0.6983261 -0.5193624 -0.4925478 128.7832 0 0 0 1
DataSet: 85
-34.716796875 11.689453125 1.7578125 3.955078125 33.0858714084751 2.8125 -145.810546875
676.470 305.206 124.526 752.509
-0.6342319 0.131788 0.7618279 676.4702 -0.3407624 0.8368441 -0.4284541 305.2058 -0.6939963 -0.5313416 -0.4858449 124.5259 0 0 0 1
DataSet: 86
-34.716796875 11.689453125 1.7578125 3.955078125 33.9764396222382 1.7578125 -146.162109375
684.199 302.374 122.177 757.948
-0.6384156 0.1535338 0.7542233 684.1987 -0.3323228 0.8288772 -0.4500268 302.3744 -0.6942529 -0.5379498 -0.4781453 122.1773 0 0 0 1
DataSet: 87
-34.716796875 11.689453125 1.7578125 3.955078125 35.0954476778635 1.845703125 -146.25
685.548 298.427 116.607 756.725
-0.6419175 0.1573302 0.7504593 685.548 -0.3413309 0.8177709 -0.4634047 298.4272 -0.6866114 -0.5536225 -0.4712398 116.6072 0 0 0 1
DataSet: 88
-34.716796875 11.689453125 1.7578125 3.955078125 36.0992637384658 1.494140625 -146.25
689.274 294.856 112.502 758.086
-0.6430522 0.1678138 0.7472097 689.2738 -0.3448518 0.8077227 -0.4781854 294.856 -0.6837844 -0.5651748 -0.4615369 112.5016 0 0 0 1
DataSet: 89
-34.716796875 11.689453125 1.7578125 3.955078125 37.1037723892162 1.669921875 -146.337890625
689.872 291.118 107.437 756.449
-0.6466273 0.1694961 0.7437367 689.8717 -0.3537282 0.7972055 -0.4892236 291.1182 -0.6758325 -0.579426 -0.4555393 107.4367 0 0 0 1
DataSet: 90
-34.716796875 11.689453125 1.7578125 3.955078125 38.1057194280632 1.58203125 -146.337890625
691.998 287.340 102.954 756.323
-0.6484467 0.1754791 0.7407591 691.998 -0.3601443 0.7865735 -0.5015957 287.3396 -0.670681 -0.5920382 -0.4468532 102.9543 0 0 0 1
DataSet: 91
-34.716796875 11.689453125 1.7578125 3.955078125 39.1065032985088 1.58203125 -146.337890625
693.583 283.468 98.371 755.703
-0.6505231 0.1799375 0.7378632 693.5826 -0.3674597 0.775679 -0.5131232 283.4677 -0.6646751 -0.6049335 -0.4384774 98.3713 0 0 0 1
DataSet: 92
-34.716796875 11.689453125 1.7578125 3.955078125 39.9913678337786 -0.17578125 -144.404296875
705.297 280.077 97.854 765.155
-0.622265 0.2128984 0.7532997 705.2969 -0.3721637 0.7661377 -0.5239535 280.0767 -0.6886802 -0.6063887 -0.3975076 97.8541 0 0 0 1
DataSet: 93
-34.716796875 11.689453125 1.7578125 3.955078125 41.1001782259581 -0.52734375 -148.88671875
709.063 275.596 93.636 766.479
-0.6801872 0.2234944 0.6981372 709.0627 -0.33375 0.7535294 -0.5663959 275.5958 -0.6526533 -0.6182585 -0.4379498 93.63558 0 0 0 1
DataSet: 94
-34.716796875 11.689453125 1.7578125 3.955078125 41.9886990364456 -1.58203125 -146.865234375
716.566 271.851 91.951 771.897
-0.6533083 0.2446069 0.7164885 716.566 -0.3484898 0.7429935 -0.5714154 271.8513 -0.6721184 -0.6229994 -0.4001608 91.9507 0 0 0 1
DataSet: 95
-34.716796875 11.689453125 1.7578125 3.955078125 43.0917770203191 -1.142578125 -148.359375
715.652 267.274 86.256 768.787
-0.6754946 0.2420341 0.6965103 715.6517 -0.3459862 0.7301151 -0.5892584 267.2743 -0.6511533 -0.6390238 -0.4094484 86.25562 0 0 0 1
DataSet: 96
-34.716796875 11.689453125 1.7578125 3.955078125 43.9737971936166 -1.0546875 -148.359375
716.435 263.514 82.323 767.786
-0.6775701 0.2442373 0.6937196 716.4347 -0.3529605 0.7195355 -0.5980699 263.5143 -0.6452268 -0.6500899 -0.4013296 82.32273 0 0 0 1
DataSet: 97
-34.716796875 11.689453125 1.7578125 3.955078125 44.9639777444094 -0.791015625 -148.53515625
716.327 259.231 77.629 765.736
-0.6826628 0.2439348 0.6888159 716.3272 -0.3605284 0.7074838 -0.6078536 259.2311 -0.6356027 -0.6632967 -0.3950274 77.62902 0 0 0 1
DataSet: 98
-34.716796875 11.689453125 1.7578125 3.955078125 45.952157814469 -0.17578125 -151.5234375
714.133 254.885 72.297 761.695
-0.7218028 0.2377606 0.6499773 714.1329 -0.340829 0.6952555 -0.6328155 254.8852 -0.6023589 -0.6782991 -0.4208017 72.29717 0 0 0 1
DataSet: 99
-34.716796875 11.689453125 1.7578125 3.955078125 46.9393752824368 -0.087890625 -151.5234375
714.997 250.448 68.130 760.649
-0.7240627 0.240191 0.6465613 714.9967 -0.3474439 0.682771 -0.6427336 250.4482 -0.5958322 -0.6900232 -0.4109161 68.13042 0 0 0 1
DataSet: 100
-34.716796875 11.689453125 1.7578125 3.955078125 47.924788980209 0.17578125 -153.193359375
714.802 245.946 63.689 758.609
-0.7454515 0.2396424 0.6219916 714.8017 -0.3365827 0.6701024 -0.6615701 245.9458 -0.5753383 -0.70252 -0.4188693 63.68908 0 0 0 1
DataSet: 101
-34.716796875 11.689453125 1.7578125 3.955078125 49.0175569663648 0.3515625 -155.7421875
715.238 240.868 59.089 757.017
-0.7749806 0.2408712 0.5842826 715.2384 -0.3138186 0.6558154 -0.6866033 240.8682 -0.5485645 -0.715463 -0.4326543 59.08913 0 0 0 1
DataSet: 102
-34.716796875 11.689453125 1.7578125 3.955078125 49.9992777491548 0.615234375 -155.91796875
714.981 236.228 54.828 754.989
-0.7795454 0.2401477 0.5784791 714.9813 -0.318878 0.6427602 -0.6965459 236.2284 -0.5390972 -0.7274534 -0.4244829 54.82774 0 0 0 1
