DataSet: 103
-34.716796875 11.689453125 1.669921875 3.955078125 0 -9.66796875 -84.0234375
686.052 357.754 332.872 842.294
0.4219928 0.1587197 0.8925974 686.0525 -0.017486 0.9857975 -0.1670255 357.7544 -0.9064305 0.0548756 0.4187748 332.872 0 0 0 1
DataSet: 104
-34.716796875 11.689453125 1.669921875 3.955078125 -1.03382732075988 -9.931640625 -82.6171875
685.512 357.419 339.368 844.302
0.443754 0.1571983 0.8822534 685.5118 -0.004265718 0.9848539 -0.1733339 357.419 -0.8961385 0.07315414 0.4377034 339.3682 0 0 0 1
DataSet: 105
-34.716796875 11.689453125 1.669921875 3.955078125 -2.0671006939113 -9.580078125 -81.298828125
681.414 357.617 344.643 843.205
0.4640691 0.1456685 0.8737394 681.4141 0.01049406 0.9854123 -0.1698601 357.6175 -0.8857369 0.08799589 0.4557707 344.643 0 0 0 1
DataSet: 106
-34.716796875 11.689453125 1.669921875 3.955078125 -3.10092667827503 -9.755859375 -81.9140625
680.369 357.150 350.955 844.765
0.4544741 0.1427282 0.8792508 680.3691 0.02975749 0.9840957 -0.1751289 357.1496 -0.8902627 0.1057559 0.4429988 350.9549 0 0 0 1
DataSet: 107
-34.716796875 11.689453125 1.669921875 3.955078125 -4.01906049072348 -9.580078125 -78.662109375
677.519 356.984 355.910 844.477
0.5035568 0.1347076 0.8533958 677.5186 0.03608258 0.983629 -0.1765558 356.9837 -0.8632083 0.1196986 0.4904525 355.9101 0 0 0 1
DataSet: 108
-34.716796875 11.689453125 1.669921875 3.955078125 -5.05316748709668 -9.84375 -72.861328125
676.990 356.209 362.373 846.471
0.5868958 0.1332199 0.7986274 676.9899 0.03398471 0.9814482 -0.1886912 356.2086 -0.8089489 0.1378832 0.5714804 362.3729 0 0 0 1
DataSet: 109
-34.716796875 11.689453125 1.669921875 3.955078125 -6.08594819599148 -9.755859375 -71.806640625
674.426 355.688 368.144 846.696
0.601327 0.1260065 0.7890046 674.4262 0.04811168 0.9799842 -0.193174 355.6883 -0.7975532 0.1541211 0.5832286 368.1439 0 0 0 1
DataSet: 110
-34.716796875 11.689453125 1.669921875 3.955078125 -7.00319041675646 -9.580078125 -68.203125
671.583 355.231 373.079 846.404
0.6496379 0.1180058 0.7510294 671.5828 0.051872 0.9786974 -0.1986473 355.231 -0.7584721 0.1680062 0.6296777 373.0786 0 0 0 1
DataSet: 111
-34.716796875 11.689453125 1.669921875 3.955078125 -8.03664276891317 -9.755859375 -68.642578125
670.559 354.222 379.328 847.946
0.6433673 0.1151261 0.7568517 670.5593 0.06910028 0.9758596 -0.207179 354.2224 -0.7624328 0.1855909 0.6198809 379.3282 0 0 0 1
DataSet: 112
-34.716796875 11.689453125 1.669921875 3.955078125 -9.06891072874534 -9.755859375 -64.86328125
668.520 353.284 385.226 848.604
0.6914812 0.1093888 0.7140642 668.5203 0.07161567 0.973219 -0.2184399 353.284 -0.7188358 0.2021853 0.6651288 385.2259 0 0 0 1
DataSet: 113
-34.716796875 11.689453125 1.669921875 3.955078125 -10.0995738172397 -9.580078125 -64.3359375
665.464 352.415 390.777 848.378
0.6977031 0.1007889 0.7092615 665.4639 0.08709886 0.9707745 -0.2236304 352.4152 -0.7110725 0.2178035 0.6685338 390.7766 0 0 0 1
DataSet: 114
-34.716796875 11.6015625 1.494140625 3.955078125 -11.2117126862702 -2.724609375 -58.359375
622.708 354.846 384.768 813.466
0.7706516 -0.01884105 0.6369781 622.7079 0.1410724 0.9798065 -0.1416958 354.8462 -0.6214457 0.1990581 0.7577474 384.7683 0 0 0 1
DataSet: 115
-34.716796875 11.6015625 1.494140625 3.955078125 -12.1603919650687 -9.404296875 -55.810546875
660.018 349.379 402.850 848.515
0.7954151 0.08614049 0.5999122 660.0183 0.08448631 0.9644232 -0.2504993 349.379 -0.6001474 0.2499353 0.7598391 402.8501 0 0 0 1
DataSet: 116
-34.716796875 11.6015625 1.494140625 3.955078125 -12.9602531975834 -9.228515625 -57.83203125
657.421 348.487 407.047 848.135
0.7734354 0.07883207 0.6289541 657.4209 0.1066391 0.9619122 -0.2517004 348.4866 -0.6248406 0.2617451 0.7355704 407.0473 0 0 0 1
DataSet: 117
-34.716796875 11.6015625 1.494140625 3.955078125 -14.1035844971742 -9.140625 -55.283203125
654.672 346.933 413.319 848.405
0.800025 0.071097 0.5957392 654.6719 0.11255 0.957541 -0.26542 346.933 -0.5893153 0.2793931 0.7580547 413.3194 0 0 0 1
DataSet: 118
-34.716796875 11.6015625 1.494140625 3.955078125 -15.0174841309534 -9.052734375 -53.96484375
652.378 345.609 418.281 848.529
0.812988 0.064643 0.5786811 652.3781 0.120133 0.9538162 -0.2753231 345.6093 -0.5697531 0.2933531 0.7676753 418.2808 0 0 0 1
DataSet: 119
-34.716796875 11.6015625 1.494140625 3.955078125 -16.0441432424365 -8.876953125 -54.140625
649.357 344.089 423.695 848.280
0.8105584 0.05614136 0.5829607 649.3566 0.1371173 0.9495376 -0.2820943 344.0887 -0.5693803 0.3085878 0.7619578 423.6952 0 0 0 1
DataSet: 120
-34.716796875 11.6015625 1.494140625 3.955078125 -17.0757455508113 -9.228515625 -46.58203125
649.435 341.959 430.031 850.663
0.8793499 0.05636188 0.4728287 649.435 0.1079176 0.9435446 -0.3131732 341.9587 -0.463786 0.3264154 0.8236234 430.0311 0 0 0 1
DataSet: 121
-34.716796875 11.6015625 1.494140625 3.955078125 -18.0968646938232 -8.701171875 -45.966796875
644.375 340.554 434.750 848.648
0.8840247 0.04212417 0.4655382 644.3749 0.1233693 0.9395928 -0.3192887 340.5543 -0.4508661 0.3396923 0.8254265 434.7497 0 0 0 1
DataSet: 122
-34.716796875 11.6015625 1.494140625 3.955078125 -19.1150197469954 -7.998046875 -43.857421875
638.289 339.161 439.118 845.735
0.9001473 0.02499972 0.4348675 638.2889 0.132093 0.9356722 -0.3272139 339.1609 -0.4150738 0.3519836 0.8389406 439.118 0 0 0 1
DataSet: 123
-34.716796875 11.6015625 1.494140625 3.955078125 -20.0251476051325 -7.91015625 -44.384765625
636.042 337.359 443.941 845.839
0.895395 0.01867628 0.4448808 636.0416 0.1471171 0.9306027 -0.3351643 337.3592 -0.4202669 0.365554 0.8305095 443.941 0 0 0 1
DataSet: 124
-34.716796875 11.6015625 1.494140625 3.955078125 -21.0472869085346 -7.734375 -42.626953125
633.074 335.295 449.192 845.564
0.9078111 0.01032518 0.4192521 633.0735 0.1508011 0.9247939 -0.3493068 335.2947 -0.3913285 0.3803283 0.8379812 449.1917 0 0 0 1
DataSet: 125
-34.716796875 11.6015625 1.494140625 3.955078125 -22.0653578110742 -7.294921875 -41.8359375
628.567 333.326 453.929 843.951
0.9126347 -0.002355824 0.4087694 628.5667 0.1628921 0.9192545 -0.3583815 333.326 -0.3749188 0.3936567 0.8393273 453.9287 0 0 0 1
DataSet: 126
-34.716796875 11.6015625 1.494140625 3.955078125 -23.0864354556782 -7.20703125 -39.19921875
626.143 330.978 459.256 844.108
0.9295754 -0.009175249 0.3685179 626.1431 0.1583911 0.9126464 -0.376814 330.9775 -0.3328692 0.408647 0.8498269 459.2562 0 0 0 1
DataSet: 127
-34.716796875 11.6015625 1.494140625 3.955078125 -24.1054410285068 -7.03125 -38.408203125
623.217 328.591 464.381 843.814
0.9336103 -0.01740872 0.3578671 623.2169 0.1661765 0.9059308 -0.3894546 328.5908 -0.3174229 0.4230679 0.8486791 464.3814 0 0 0 1
DataSet: 128
-34.716796875 11.6015625 1.494140625 3.955078125 -25.0090090944317 -6.767578125 -36.298828125
619.995 326.457 468.706 843.003
0.9452507 -0.02647328 0.3252697 619.9954 0.1642039 0.899927 -0.4039413 326.457 -0.2820253 0.4352363 0.8550035 468.7061 0 0 0 1
DataSet: 129
-34.716796875 11.6015625 1.494140625 3.955078125 -26.0248442543736 -6.50390625 -34.8046875
616.580 323.931 473.585 842.250
0.9523599 -0.03608254 0.3028344 616.5803 0.1668597 0.8928206 -0.418365 323.9314 -0.2552811 0.4489649 0.8563073 473.5852 0 0 0 1
DataSet: 130
-34.716796875 11.6015625 1.494140625 3.955078125 -27.036448961275 -5.9765625 -34.013671875
611.625 321.463 477.940 840.149
0.9551407 -0.05002545 0.2918969 611.6249 0.1774001 0.8858761 -0.4286639 321.4633 -0.2371404 0.4612169 0.8550108 477.9395 0 0 0 1
DataSet: 131
-34.716796875 11.6015625 1.494140625 3.955078125 -28.0416738109048 -4.921875 -28.740234375
603.573 319.144 481.272 835.330
0.9760806 -0.07268243 0.2048999 603.5727 0.1596526 0.8793514 -0.4486114 319.1445 -0.1475728 0.4705937 0.8699217 481.2721 0 0 0 1
DataSet: 132
-34.716796875 11.6015625 1.494140625 3.955078125 -29.0541272285331 -4.658203125 -28.564453125
600.207 316.274 485.992 834.545
0.9754401 -0.0821512 0.2043716 600.2075 0.1698545 0.8712739 -0.4604686 316.2737 -0.1402356 0.483873 0.8638293 485.9915 0 0 0 1
DataSet: 133
-34.716796875 11.6015625 1.494140625 3.955078125 -30.1748101430117 -4.04296875 -24.609375
594.588 313.100 490.570 832.001
0.9853981 -0.09796188 0.1392623 594.5883 0.1538995 0.8623445 -0.4823659 313.1002 -0.07283865 0.4967549 0.8648289 490.5698 0 0 0 1
DataSet: 134
-34.716796875 11.6015625 1.494140625 3.955078125 -31.1833879719142 -3.603515625 -24.78515625
590.227 310.072 494.836 830.286
0.9833064 -0.1102341 0.1447653 590.2268 0.1682441 0.8538229 -0.4926259 310.0717 -0.06929976 0.5087581 0.8581158 494.8357 0 0 0 1
DataSet: 135
-34.716796875 11.6015625 1.494140625 3.955078125 -32.1880158777949 -2.724609375 -20.7421875
583.295 307.060 498.200 826.270
0.9885269 -0.1297373 0.07734812 583.2953 0.1510407 0.8453479 -0.5124194 307.0596 0.001093818 0.5182231 0.8552448 498.1996 0 0 0 1
DataSet: 136
-34.716796875 11.6015625 1.494140625 3.955078125 -33.1979618189815 -2.8125 -21.4453125
582.086 303.658 503.339 827.274
0.9867674 -0.1331398 0.09254123 582.0861 0.161969 0.8357759 -0.5246378 303.6577 -0.007493524 0.5326843 0.8462809 503.3391 0 0 0 1
DataSet: 137
-34.716796875 11.6015625 1.494140625 3.955078125 -34.092412306178 -2.548828125 -21.181640625
579.015 300.651 507.201 826.379
0.9857532 -0.1417819 0.09048969 579.0147 0.168194 0.8273153 -0.5359666 300.6508 0.001126876 0.5435507 0.8393756 507.201 0 0 0 1
DataSet: 138
-34.716796875 11.6015625 1.494140625 3.955078125 -35.0954476778635 -1.845703125 -19.51171875
573.187 297.259 510.695 823.234
0.9853181 -0.1581793 0.06424555 573.1871 0.1671907 0.8177709 -0.550725 297.2588 0.03457515 0.5533805 0.8322106 510.6945 0 0 0 1
DataSet: 139
-34.716796875 11.6015625 1.494140625 3.955078125 -35.9887095332651 -1.7578125 -19.423828125
571.190 294.053 514.782 823.241
0.9843169 -0.1637983 0.06550056 571.1901 0.1720096 0.8087521 -0.5624347 294.0534 0.03915212 0.5648808 0.8242432 514.7817 0 0 0 1
DataSet: 140
-34.716796875 11.6015625 1.494140625 3.955078125 -37.1024243480472 -1.318359375 -19.423828125
566.781 290.000 519.169 821.509
0.9819537 -0.1762043 0.06869532 566.781 0.1833045 0.7973472 -0.5750102 290.0002 0.04654526 0.5772256 0.8152571 519.1691 0 0 0 1
DataSet: 141
-34.716796875 11.6015625 1.494140625 3.955078125 -37.9919629433642 -0.791015625 -12.744140625
562.244 286.686 522.262 819.185
0.9810271 -0.18897 -0.04331602 562.2441 0.1251772 0.788022 -0.6027869 286.686 0.1480426 0.5859281 0.7967256 522.2619 0 0 0 1
DataSet: 142
-34.716796875 11.6015625 1.494140625 3.955078125 -39.1031701275512 0.17578125 -11.77734375
554.804 282.416 525.404 814.626
0.9760786 -0.2099051 -0.05666105 554.8037 0.131066 0.7760078 -0.616955 282.4162 0.1734715 0.5947703 0.784956 525.4044 0 0 0 1
DataSet: 143
-34.716796875 11.6015625 1.494140625 3.955078125 -40.102527923764 0.439453125 -11.25
551.693 278.458 529.374 813.720
0.9738134 -0.2186575 -0.06226014 551.6931 0.1314227 0.7648705 -0.6306356 278.4579 0.1855142 0.605939 0.7735777 529.3738 0 0 0 1
DataSet: 144
-34.716796875 11.6015625 1.494140625 3.955078125 -41.1006693589983 0.791015625 -10.1953125
548.096 274.411 533.084 812.335
0.9704469 -0.22878 -0.07676329 548.0956 0.1265986 0.7534839 -0.6451626 274.4112 0.2054402 0.6163779 0.7601793 533.0838 0 0 0 1
DataSet: 145
-34.716796875 11.6015625 1.58203125 3.955078125 -42.1001269474712 1.7578125 -8.525390625
540.931 270.586 535.406 807.764
0.9631542 -0.2489132 -0.1018635 540.9306 0.1218979 0.7416252 -0.6596461 270.5861 0.2397391 0.622924 0.7446414 535.4061 0 0 0 1
DataSet: 146
-34.716796875 11.6015625 1.494140625 3.955078125 -42.9844885657287 1.845703125 -8.525390625
539.103 266.477 539.036 807.591
0.9621488 -0.2540814 -0.0985507 539.1035 0.1243764 0.7311588 -0.6707737 266.4768 0.2424873 0.6331268 0.7350853 539.0363 0 0 0 1
DataSet: 147
-34.716796875 11.6015625 1.494140625 3.955078125 -44.1028969954473 3.69140625 -6.15234375
526.779 261.303 539.667 798.133
0.9478533 -0.2887596 -0.1348777 526.7788 0.1205529 0.7166013 -0.6869859 261.3031 0.2950273 0.634902 0.7140437 539.6672 0 0 0 1
DataSet: 148
-34.716796875 11.6015625 1.494140625 3.955078125 -45.0940200269813 3.69140625 -6.15234375
525.345 256.995 543.794 798.590
0.9471673 -0.2927938 -0.1309422 525.3451 0.1210955 0.7044808 -0.6993158 256.9955 0.2970016 0.6465126 0.7027172 543.7936 0 0 0 1
DataSet: 149
-34.716796875 11.6015625 1.494140625 3.955078125 -46.1000621690251 4.921875 -5.44921875
516.861 252.149 545.022 792.321
0.9382817 -0.3166648 -0.1391072 516.8613 0.1276492 0.6908442 -0.711646 252.149 0.3214546 0.6499675 0.6886285 545.0215 0 0 0 1
DataSet: 150
-34.716796875 11.6015625 1.494140625 3.955078125 -46.9781959780633 4.921875 -3.515625
515.636 248.210 548.548 792.713
0.9325337 -0.320112 -0.1670606 515.6362 0.1032586 0.6797608 -0.7261288 248.21 0.3460038 0.659889 0.6669541 548.5476 0 0 0 1
DataSet: 151
-34.716796875 11.6015625 1.58203125 3.955078125 -47.9849218491068 6.064453125 -0.3515625
507.748 243.560 549.724 786.973
0.9148872 -0.3422798 -0.2140698 507.7481 0.07526984 0.6655804 -0.7425209 243.5597 0.3966306 0.6632099 0.6346943 549.7238 0 0 0 1
DataSet: 152
-34.716796875 11.6015625 1.494140625 3.955078125 -48.9713018276604 6.15234375 0.17578125
505.936 238.577 553.318 786.798
0.9119636 -0.3474048 -0.218248 505.9363 0.0680372 0.6526561 -0.7545932 238.577 0.4045902 0.6733126 0.6188352 553.3184 0 0 0 1
DataSet: 153
-34.716796875 11.6015625 1.58203125 3.955078125 -50.0648735917664 6.240234375 0.791015625
503.993 233.799 557.230 786.877
0.9086574 -0.3528471 -0.2232501 503.9925 0.05918282 0.6381164 -0.767662 233.799 0.4133268 0.6843292 0.6007117 557.2296 0 0 0 1
DataSet: 154
-34.716796875 11.6015625 1.58203125 3.955078125 0 -5.009765625 -71.89453125
658.711 361.055 324.205 818.150
0.6043896 0.08248813 0.792407 658.7106 -0.02713791 0.9961798 -0.08300171 361.0548 -0.7962266 0.0286611 0.6043193 324.2051 0 0 0 1
DataSet: 155
-34.716796875 11.6015625 1.58203125 3.955078125 1.1458979937265 -5.537109375 -73.125
664.109 360.683 318.592 820.143
0.5867554 0.09767836 0.8038514 664.1093 -0.04714133 0.9951348 -0.08651191 360.6834 -0.8083909 0.01286671 0.5885054 318.5918 0 0 0 1
DataSet: 156
-34.716796875 11.6015625 1.494140625 3.955078125 2.17763356962186 -6.064453125 -83.14453125
669.279 359.779 313.661 822.045
0.4375926 0.1121963 0.8921461 669.2786 -0.05032754 0.9936855 -0.1002805 359.7788 -0.8977638 -0.001017531 0.440476 313.6614 0 0 0 1
DataSet: 157
-34.716796875 11.6015625 1.494140625 3.955078125 3.09455584652048 -6.15234375 -83.935546875
671.644 359.461 308.506 821.884
0.4249166 0.1188516 0.8973963 671.6439 -0.06498777 0.9927906 -0.100714 359.4608 -0.9028967 -0.01552474 0.4295771 308.5056 0 0 0 1
DataSet: 158
-34.716796875 11.6015625 1.494140625 3.955078125 4.12620302772446 -6.328125 -87.451171875
674.749 358.942 302.871 822.105
0.3686708 0.1275884 0.9207622 674.7489 -0.07677137 0.9913307 -0.1066279 358.9419 -0.9263843 -0.03137757 0.3752699 302.8715 0 0 0 1
DataSet: 159
-34.716796875 11.6015625 1.494140625 3.955078125 5.15764765891271 -6.416015625 -87.626953125
677.339 358.367 297.068 821.866
0.3653311 0.1348766 0.9210545 677.3391 -0.09442753 0.9897132 -0.1074766 358.3671 -0.9260759 -0.04770836 0.3743091 297.0675 0 0 0 1
DataSet: 160
-34.716796875 11.6015625 1.494140625 3.955078125 6.19000741829983 -6.85546875 -87.978515625
681.964 357.425 292.007 823.465
0.3590262 0.1478895 0.9215361 681.9639 -0.1119448 0.9870619 -0.114792 357.4248 -0.9265897 -0.06194789 0.3709365 292.0068 0 0 0 1
DataSet: 161
-34.716796875 11.6015625 1.494140625 3.955078125 6.99350163843097 -7.294921875 -95.361328125
686.119 356.523 288.290 825.215
0.2372709 0.1595811 0.9582465 686.1191 -0.1094481 0.9845259 -0.1368571 356.5235 -0.9652583 -0.07240609 0.2510652 288.2899 0 0 0 1
DataSet: 162
-34.716796875 11.6015625 1.494140625 3.955078125 8.02381683010583 -7.119140625 -95.2734375
687.166 355.831 281.980 823.605
0.2379946 0.1625276 0.9575716 687.1663 -0.1277149 0.9825762 -0.1350294 355.8306 -0.962833 -0.09015988 0.254605 281.9803 0 0 0 1
DataSet: 163
-34.716796875 11.6015625 1.494140625 3.955078125 9.05403916072824 -7.03125 -95.625
688.717 354.955 275.869 822.452
0.2312882 0.1668904 0.9584641 688.7168 -0.1447593 0.9801136 -0.135728 354.9554 -0.9620553 -0.1073543 0.2508477 275.8694 0 0 0 1
DataSet: 164
-34.716796875 11.6015625 1.494140625 3.955078125 10.0860773198942 -7.3828125 -96.240234375
692.801 353.630 270.707 823.595
0.2202009 0.178382 0.9590055 692.801 -0.1603383 0.9763836 -0.1447986 353.6297 -0.9621867 -0.1218805 0.243602 270.7067 0 0 0 1
DataSet: 165
-34.716796875 11.6015625 1.494140625 3.955078125 11.1160689127535 -7.3828125 -99.66796875
694.845 352.464 264.824 822.905
0.1615235 0.1841333 0.9695386 694.845 -0.1688841 0.9731039 -0.1566746 352.4641 -0.9723108 -0.138433 0.1882764 264.824 0 0 0 1
DataSet: 166
-34.716796875 11.6015625 1.494140625 3.955078125 12.1467507734797 -7.55859375 -101.6015625
697.895 351.047 259.341 823.133
0.1278196 0.192714 0.9728944 697.8945 -0.1802564 0.9691173 -0.1682836 351.0472 -0.9752793 -0.1538605 0.1586101 259.3411 0 0 0 1
DataSet: 167
-34.716796875 11.6015625 1.494140625 3.955078125 13.0615743666466 -7.55859375 -105.64453125
699.696 349.820 254.156 822.523
0.05798828 0.1977836 0.978529 699.6963 -0.1830711 0.9656634 -0.1843343 349.8198 -0.981388 -0.1684512 0.09220563 254.1555 0 0 0 1
DataSet: 168
-34.716796875 11.6015625 1.494140625 3.955078125 14.088930295889 -7.3828125 -107.2265625
700.702 348.474 247.968 820.917
0.02967072 0.2006129 0.9792212 700.7018 -0.1955976 0.9618782 -0.1911332 348.4745 -0.9802353 -0.1858623 0.06777903 247.9676 0 0 0 1
DataSet: 169
-34.716796875 11.6015625 1.494140625 3.955078125 15.1176456005587 -7.470703125 -107.314453125
703.216 346.811 242.378 820.694
0.02706276 0.2076879 0.9778207 703.2163 -0.2116272 0.9571976 -0.1974505 346.811 -0.9769757 -0.2015899 0.06985682 242.378 0 0 0 1
DataSet: 170
-34.716796875 11.6015625 1.494140625 3.955078125 16.0324836540821 -7.646484375 -108.720703125
706.003 345.162 237.651 821.009
0.002146553 0.2155293 0.976495 706.0031 -0.2205253 0.9525591 -0.2097615 345.1624 -0.9753789 -0.2148916 0.04957439 237.6506 0 0 0 1
DataSet: 171
-34.716796875 11.6015625 1.494140625 3.955078125 17.0570409854591 -7.3828125 -109.16015625
706.474 343.573 231.356 818.946
-0.007006797 0.2168535 0.976179 706.4738 -0.2367557 0.9480876 -0.2123125 343.5733 -0.971544 -0.2326035 0.04469824 231.3558 0 0 0 1
DataSet: 172
-34.716796875 11.6015625 1.494140625 3.955078125 18.1963094185753 -7.294921875 -113.5546875
708.162 341.517 224.849 817.731
-0.08341321 0.2216045 0.9715625 708.1622 -0.2380494 0.9423026 -0.2353683 341.5173 -0.9676646 -0.2509127 -0.02584767 224.8487 0 0 0 1
DataSet: 173
-34.716796875 11.6015625 1.494140625 3.955078125 19.1131248831451 -7.822265625 -113.818359375
712.933 339.306 220.998 819.904
-0.08830722 0.2350285 0.9679687 712.9331 -0.2476141 0.9360819 -0.2498758 339.3065 -0.9648259 -0.2617485 -0.02446642 220.9976 0 0 0 1
DataSet: 174
-34.716796875 11.6015625 1.494140625 3.955078125 20.1370159704663 -7.734375 -115.6640625
714.376 337.263 215.198 818.773
-0.121047 0.2390893 0.963423 714.3763 -0.2555809 0.9303308 -0.2629887 337.2625 -0.9591799 -0.2780665 -0.05150709 215.1982 0 0 0 1
DataSet: 175
-34.716796875 11.6015625 1.494140625 3.955078125 21.0462746695357 -7.646484375 -117.333984375
715.592 335.365 210.054 817.719
-0.1505685 0.2425089 0.9583938 715.5917 -0.2620016 0.9249918 -0.2752187 335.3651 -0.9532493 -0.29254 -0.07573692 210.0544 0 0 0 1
DataSet: 176
-34.716796875 11.6015625 1.494140625 3.955078125 22.0705366251287 -7.734375 -117.861328125
718.015 332.984 204.726 817.518
-0.1607714 0.2493278 0.9549807 718.0151 -0.2739063 0.9182913 -0.2858611 332.9837 -0.9482235 -0.3075335 -0.07934253 204.7257 0 0 0 1
DataSet: 177
-34.716796875 11.6015625 1.494140625 3.955078125 23.088536231439 -7.3828125 -121.46484375
717.906 330.845 198.453 815.004
-0.2228139 0.2490214 0.9425191 717.9062 -0.2727908 0.9122738 -0.3055188 330.8451 -0.9359162 -0.3251844 -0.1353366 198.4525 0 0 0 1
DataSet: 178
-34.716796875 11.6015625 1.494140625 3.955078125 24.2231819339472 -7.3828125 -120.9375
720.005 328.045 192.414 814.274
-0.2159734 0.2549255 0.942533 720.0045 -0.2916744 0.9043939 -0.3114447 328.0446 -0.9318163 -0.3421765 -0.1209697 192.4135 0 0 0 1
DataSet: 179
-34.716796875 11.6015625 1.494140625 3.955078125 25.1300311324706 -7.3828125 -121.81640625
721.668 325.716 187.625 813.695
-0.2319288 0.2596066 0.9374505 721.6682 -0.2995314 0.8978408 -0.3227428 325.7156 -0.9254674 -0.3556492 -0.1304748 187.6254 0 0 0 1
DataSet: 180
-34.716796875 11.6015625 1.494140625 3.955078125 26.1457377888423 -7.119140625 -125.419921875
722.014 323.198 181.686 811.647
-0.2927522 0.2605803 0.9199968 722.0142 -0.2946246 0.8907555 -0.3460505 323.1975 -0.9096662 -0.3723607 -0.1839973 181.6861 0 0 0 1
DataSet: 181
-34.716796875 11.6015625 1.494140625 3.955078125 27.0495389250526 -7.03125 -126.650390625
723.146 320.767 176.781 810.606
-0.3142001 0.2637642 0.9119796 723.1458 -0.2997735 0.8839158 -0.3589271 320.7667 -0.9007853 -0.3861622 -0.1986569 176.781 0 0 0 1
DataSet: 182
-34.716796875 11.6015625 1.494140625 3.955078125 28.1770832976026 -6.85546875 -126.826171875
724.163 317.666 170.557 808.958
-0.3194658 0.266625 0.9093144 724.1625 -0.3149072 0.8751901 -0.3672544 317.6655 -0.8937421 -0.4036749 -0.1956312 170.557 0 0 0 1
DataSet: 183
-34.716796875 11.6015625 1.494140625 3.955078125 29.0728558893031 -6.328125 -130.341796875
722.742 315.351 164.744 805.570
-0.3777401 0.2626289 0.8878843 722.7423 -0.3080057 0.8686772 -0.3879851 315.3509 -0.8731809 -0.420031 -0.247243 164.7441 0 0 0 1
DataSet: 184
-34.716796875 11.6015625 1.494140625 3.955078125 30.0860905787222 -6.240234375 -130.4296875
724.023 312.319 159.406 804.465
-0.3811873 0.2662331 0.885334 724.0233 -0.3205965 0.8601463 -0.3966941 312.319 -0.8671298 -0.4350498 -0.2425234 159.4064 0 0 0 1
DataSet: 185
-34.716796875 11.6015625 1.494140625 3.955078125 31.0980524152704 -6.15234375 -131.572265625
725.284 309.194 154.126 803.363
-0.4008879 0.269781 0.8755039 725.2842 -0.3255115 0.8513528 -0.4113887 309.1938 -0.8563476 -0.4499073 -0.2534803 154.126 0 0 0 1
DataSet: 186
-34.716796875 11.6015625 1.494140625 3.955078125 32.1063380376168 -5.888671875 -132.626953125
725.516 306.081 148.503 801.319
-0.4196545 0.2704331 0.8664618 725.5159 -0.3322065 0.8425933 -0.4238814 306.0806 -0.8447064 -0.465728 -0.2637584 148.5034 0 0 0 1
DataSet: 187
-34.716796875 11.6015625 1.494140625 3.955078125 33.1156031662411 -5.80078125 -134.12109375
726.735 302.771 143.342 800.226
-0.4442866 0.2738638 0.8529994 726.7352 -0.3332604 0.833281 -0.4411125 302.7711 -0.831593 -0.4802513 -0.2789476 143.3418 0 0 0 1
DataSet: 188
-34.716796875 11.6015625 1.494140625 3.955078125 34.0126357789343 -5.80078125 -134.296875
728.249 299.711 138.985 799.681
-0.4486326 0.2781236 0.8493386 728.2491 -0.3418537 0.8246696 -0.4506174 299.7106 -0.8257511 -0.4925112 -0.2748961 138.9846 0 0 0 1
DataSet: 189
-34.716796875 11.6015625 1.494140625 3.955078125 35.0156672012494 -5.44921875 -136.58203125
727.913 296.378 133.339 797.168
-0.4852794 0.2771788 0.8292622 727.9133 -0.3378895 0.8152939 -0.4702409 296.3784 -0.8064333 -0.5083972 -0.3019895 133.3387 0 0 0 1
DataSet: 190
-34.716796875 11.6015625 1.494140625 3.955078125 36.0184703959166 -5.185546875 -137.021484375
728.059 292.904 127.959 795.132
-0.4945173 0.2775873 0.8236492 728.0585 -0.3474023 0.8055171 -0.480056 292.9037 -0.7967209 -0.5235336 -0.3019077 127.9592 0 0 0 1
DataSet: 191
-34.716796875 11.6015625 1.494140625 3.955078125 37.0198173185199 -4.921875 -137.98828125
728.180 289.338 122.647 793.098
-0.5112769 0.2779282 0.8132354 728.1797 -0.3520709 0.7954832 -0.4932064 289.3377 -0.783991 -0.5384816 -0.3088618 122.6467 0 0 0 1
DataSet: 192
-34.716796875 11.6015625 1.494140625 3.955078125 38.0241681949855 -5.009765625 -140.2734375
730.299 285.520 118.202 792.988
-0.5449008 0.283891 0.7889798 730.2989 -0.3407895 0.7847416 -0.5177288 285.5201 -0.7661238 -0.5509868 -0.3308592 118.2024 0 0 0 1
DataSet: 193
-34.716796875 11.6015625 1.494140625 3.955078125 39.0212687078422 -4.658203125 -140.2734375
729.866 281.826 112.827 790.481
-0.5482216 0.282674 0.787114 729.8663 -0.3538724 0.7743461 -0.5245593 281.8256 -0.7577779 -0.5661127 -0.3244827 112.8266 0 0 0 1
DataSet: 194
-34.716796875 11.6015625 1.494140625 3.955078125 40.1220146807328 -3.779296875 -141.85546875
726.537 277.797 105.843 785.003
-0.5752969 0.2733063 0.7709327 726.537 -0.3583836 0.7630109 -0.5379363 277.7971 -0.7352514 -0.5857627 -0.3410093 105.843 0 0 0 1
DataSet: 195
-34.716796875 11.6015625 1.494140625 3.955078125 41.0073587126097 -3.603515625 -143.349609375
726.891 274.287 101.510 783.522
-0.5976468 0.2743011 0.7533772 726.8906 -0.3536272 0.7531333 -0.5547414 274.2866 -0.7195597 -0.5979541 -0.3531073 101.5102 0 0 0 1
DataSet: 196
-34.716796875 11.6015625 1.494140625 3.955078125 42.004763786853 -3.69140625 -143.701171875
728.915 270.169 97.343 783.443
-0.6039376 0.279996 0.7462316 728.9146 -0.3576018 0.7415475 -0.5676516 270.1689 -0.7123063 -0.6096799 -0.3477213 97.34283 0 0 0 1
DataSet: 197
-34.716796875 11.6015625 1.494140625 3.955078125 43.1090548001146 -3.603515625 -145.810546875
730.061 265.571 92.386 782.338
-0.6335112 0.2832217 0.720034 730.061 -0.3460621 0.7286109 -0.591073 265.5713 -0.6920293 -0.6236278 -0.3635709 92.38573 0 0 0 1
DataSet: 198
-34.716796875 11.6015625 1.494140625 3.955078125 44.0974281228359 -3.1640625 -145.72265625
728.982 261.467 87.202 779.348
-0.6361905 0.2801844 0.7188591 728.9815 -0.359165 0.7170628 -0.5973454 261.4671 -0.6828339 -0.6382145 -0.3555561 87.20164 0 0 0 1
DataSet: 199
-34.716796875 11.6015625 1.494140625 3.955078125 45.0884374939431 -3.1640625 -147.744140625
730.416 257.158 83.073 778.806
-0.6630902 0.2842207 0.6924811 730.416 -0.3450109 0.7049382 -0.6197012 257.158 -0.6642883 -0.6498313 -0.3693784 83.07304 0 0 0 1
DataSet: 200
-34.716796875 11.6015625 1.494140625 3.955078125 46.1841227806947 -2.8125 -147.65625
729.943 252.385 77.799 776.253
-0.6657044 0.2828902 0.6905149 729.9432 -0.3573363 0.6915092 -0.6277944 252.3853 -0.6550943 -0.6646715 -0.3592538 77.79882 0 0 0 1
DataSet: 201
-34.716796875 11.6015625 1.494140625 3.955078125 47.1720138732785 -2.900390625 -148.447265625
731.829 247.914 74.030 776.219
-0.6767899 0.2881969 0.6774201 731.8292 -0.3544624 0.6789288 -0.6429713 247.9143 -0.6452223 -0.6752765 -0.3573372 74.02982 0 0 0 1
DataSet: 202
-34.716796875 11.6015625 1.494140625 3.955078125 48.0426352237242 -2.28515625 -150.46875
729.464 244.046 69.222 772.313
-0.7046088 0.2815409 0.6513533 729.4636 -0.3433451 0.6680458 -0.6601735 244.0464 -0.6209996 -0.688803 -0.3740452 69.22247 0 0 0 1
DataSet: 203
-34.716796875 11.6015625 1.494140625 3.955078125 49.0235695716196 -1.93359375 -151.787109375
728.746 239.543 64.647 769.826
-0.7227951 0.2795227 0.6320081 728.7463 -0.3374186 0.6553751 -0.6757456 239.5433 -0.6030886 -0.701677 -0.3793858 64.64709 0 0 0 1
DataSet: 204
-34.716796875 11.6015625 1.494140625 3.955078125 50.1113329691283 -1.494140625 -152.314453125
727.629 234.463 59.563 766.788
-0.7325658 0.2763775 0.6220635 727.6285 -0.341691 0.6410798 -0.6872147 234.4627 -0.5887229 -0.7159833 -0.3751974 59.56259 0 0 0 1
