DataSet: 1
100.546875 -65.91796875 336.533203125 9.4921875 -2.78481561068692 19.248046875 -81.650390625
222.587 233.990 -419.712 529.580
-0.5879486 -0.2047189 0.7825642 222.5871 0.09588421 0.9429853 0.3187239 233.9898 -0.8031953 0.2624288 -0.5347976 -419.7124 0 0 0 1
DataSet: 2
97.294921875 -65.91796875 336.533203125 9.4921875 -2.78481561068692 19.248046875 -81.650390625
246.038 233.990 -406.410 529.580
-0.5414391 -0.219276 0.8116414 246.0377 0.09588421 0.9429853 0.3187239 233.9898 -0.8352544 0.2503932 -0.489544 -406.4099 0 0 0 1
DataSet: 3
94.130859375 -65.91796875 336.533203125 9.4921875 -2.78481561068692 19.248046875 -81.650390625
268.095 233.990 -392.210 529.580
-0.4945117 -0.2327622 0.8374246 268.0945 0.09588421 0.9429853 0.3187239 233.9898 -0.863866 0.2379085 -0.443999 -392.2102 0 0 0 1
DataSet: 4
90.966796875 -65.91796875 336.533203125 9.4921875 -2.78481561068692 19.248046875 -81.650390625
289.334 233.990 -376.815 529.580
-0.4460765 -0.2455388 0.8606547 289.334 0.09588421 0.9429853 0.3187239 233.9898 -0.8898438 0.2246984 -0.3971003 -376.8148 0 0 0 1
DataSet: 5
87.978515625 -66.005859375 336.533203125 9.4921875 -2.78481561068692 19.248046875 -81.650390625
308.749 233.990 -360.759 529.362
-0.3976816 -0.2572431 0.8807243 308.7489 0.09588421 0.9429853 0.3187239 233.9898 -0.9124996 0.2111982 -0.3503424 -360.7592 0 0 0 1
DataSet: 6
84.90234375 -66.09375 336.533203125 9.4921875 -2.78481561068692 19.248046875 -81.650390625
327.802 233.990 -343.203 529.144
-0.3467097 -0.2685081 0.898719 327.8023 0.09588421 0.9429853 0.3187239 233.9898 -0.9330587 0.1966776 -0.3011965 -343.2027 0 0 0 1
DataSet: 7
82.001953125 -66.09375 336.533203125 9.4921875 -2.78481561068692 19.248046875 -81.650390625
344.748 233.990 -326.176 529.144
-0.2990531 -0.278116 0.9128082 344.7484 0.09588421 0.9429853 0.3187239 233.9898 -0.9494069 0.1828392 -0.2553357 -326.1763 0 0 0 1
DataSet: 8
78.92578125 -66.09375 336.533203125 9.4921875 -2.78481561068692 19.248046875 -81.650390625
361.755 233.990 -307.206 529.144
-0.2476736 -0.287527 0.9251951 361.7554 0.09588421 0.9429853 0.3187239 233.9898 -0.9640871 0.1676511 -0.2059833 -307.2059 0 0 0 1
DataSet: 9
75.9375 -66.09375 336.533203125 9.4921875 -2.78481561068692 19.248046875 -81.650390625
377.279 233.990 -287.929 529.144
-0.1970773 -0.295876 0.9346753 377.2787 0.09588421 0.9429853 0.3187239 233.9898 -0.9756878 0.1524339 -0.1574712 -287.9293 0 0 0 1
DataSet: 10
72.94921875 -66.09375 336.62109375 9.4921875 -2.78481561068692 19.248046875 -81.650390625
391.930 234.347 -267.888 529.426
-0.1459451 -0.3034203 0.9416136 391.9297 0.09588421 0.9429853 0.3187239 234.3473 -0.9846351 0.1368021 -0.1085308 -267.888 0 0 0 1
DataSet: 11
70.048828125 -66.09375 336.533203125 9.4921875 -2.78481561068692 19.248046875 -81.650390625
404.828 233.990 -247.703 529.144
-0.09593584 -0.3099538 0.945899 404.8282 0.09588421 0.9429853 0.3187239 233.9898 -0.9907585 0.1212738 -0.06074641 -247.7027 0 0 0 1
DataSet: 12
67.060546875 -66.09375 336.533203125 9.4921875 -2.78481561068692 19.248046875 -81.650390625
417.191 233.990 -226.261 529.144
-0.04415545 -0.3158545 0.9477796 417.1909 0.09588421 0.9429853 0.3187239 233.9898 -0.9944127 0.1049505 -0.01135248 -226.2614 0 0 0 1
DataSet: 13
64.072265625 -61.171875 336.533203125 9.4921875 -2.78481561068692 19.248046875 -81.650390625
429.328 233.990 -231.523 540.996
-0.07768296 -0.3121335 0.9468569 429.3275 0.09588421 0.9429853 0.3187239 233.9898 -0.9923566 0.115548 -0.04332521 -231.5229 0 0 0 1
DataSet: 14
60.46875 -55.986328125 336.533203125 9.4921875 -2.78481561068692 19.248046875 -81.650390625
443.259 233.990 -232.877 552.685
-0.1050505 -0.3088245 0.9452999 443.2588 0.09588421 0.9429853 0.3187239 233.9898 -0.9898337 0.1241214 -0.06944966 -232.8768 0 0 0 1
DataSet: 15
58.18359375 -55.986328125 336.533203125 9.4921875 -2.78481561068692 19.248046875 -81.650390625
452.192 233.990 -215.018 552.685
-0.06549937 -0.313528 0.9473173 452.1918 0.09588421 0.9429853 0.3187239 233.9898 -0.9932352 0.111709 -0.03170256 -215.0175 0 0 0 1
DataSet: 16
55.01953125 -55.986328125 336.533203125 9.4921875 -2.78481561068692 19.248046875 -81.650390625
463.370 233.990 -189.731 552.685
-0.01057766 -0.3192158 0.947623 463.3704 0.09588421 0.9429853 0.3187239 233.9898 -0.9953363 0.09423344 0.02063318 -189.7309 0 0 0 1
DataSet: 17
51.767578125 -55.986328125 336.533203125 9.4921875 -2.78481561068692 19.248046875 -81.73828125
473.387 233.990 -163.140 552.685
0.04445209 -0.3240474 0.9449959 473.3871 0.09539519 0.9429853 0.3188706 233.9898 -0.9944465 0.0759736 0.07283022 -163.1399 0 0 0 1
DataSet: 18
49.04296875 -51.328125 336.533203125 9.4921875 -2.78481561068692 19.248046875 -81.650390625
483.741 233.990 -166.132 562.456
0.01232552 -0.3212994 0.9468974 483.7411 0.09588421 0.9429853 0.3187239 233.9898 -0.9953162 0.08686408 0.04243033 -166.1319 0 0 0 1
DataSet: 19
45.87890625 -51.328125 336.533203125 9.4921875 -2.78481561068692 19.248046875 -81.650390625
492.173 233.990 -139.178 562.456
0.06724346 -0.3256041 0.943112 492.1733 0.09588421 0.9429853 0.3187239 233.9898 -0.9931186 0.06899746 0.09462988 -139.1784 0 0 0 1
DataSet: 20
42.71484375 -43.330078125 336.533203125 9.4921875 -2.78481561068692 19.248046875 -81.650390625
504.483 233.990 -155.868 577.537
-0.01668473 -0.3186316 0.9477318 504.4834 0.09588421 0.9429853 0.3187239 233.9898 -0.9952527 0.09619033 0.01481829 -155.8676 0 0 0 1
DataSet: 21
40.078125 -39.19921875 336.533203125 9.4921875 -2.78481561068692 19.248046875 -81.650390625
512.533 233.990 -155.394 584.455
-0.04262999 -0.3160152 0.9477959 512.5327 0.09588421 0.9429853 0.3187239 233.9898 -0.9944792 0.1044659 -0.009898588 -155.3936 0 0 0 1
DataSet: 22
37.001953125 -34.98046875 336.533203125 9.4921875 -2.78481561068692 19.248046875 -81.650390625
521.127 233.990 -151.075 590.888
-0.06245185 -0.3138692 0.9474101 521.1274 0.09588421 0.9429853 0.3187239 233.9898 -0.9934314 0.1107466 -0.02879608 -151.0746 0 0 0 1
DataSet: 23
34.1015625 -28.212890625 336.62109375 9.4921875 -2.78481561068692 19.248046875 -81.650390625
528.153 234.347 -162.101 600.117
-0.1293106 -0.3056854 0.9433108 528.153 0.09588421 0.9429853 0.3187239 234.3473 -0.9869574 0.131663 -0.09262756 -162.1007 0 0 0 1
DataSet: 24
31.2890625 -26.982421875 336.533203125 9.4921875 -2.78481561068692 19.248046875 -81.650390625
535.155 233.990 -142.815 601.281
-0.1020132 -0.3092038 0.9455085 535.1553 0.09588421 0.9429853 0.3187239 233.9898 -0.9901513 0.1231734 -0.06654919 -142.8152 0 0 0 1
DataSet: 25
28.212890625 -24.521484375 336.533203125 9.4921875 -2.78481561068692 19.248046875 -81.650390625
542.020 233.990 -127.561 603.994
-0.09137542 -0.3105086 0.9461685 542.0204 0.09588421 0.9429853 0.3187239 233.9898 -0.9911895 0.1198462 -0.05639281 -127.5608 0 0 0 1
DataSet: 26
25.224609375 -21.357421875 336.533203125 9.4921875 -2.78481561068692 19.248046875 -81.650390625
547.951 233.990 -116.705 607.143
-0.09441592 -0.3101394 0.9459911 547.9515 0.09588421 0.9429853 0.3187239 233.9898 -0.9909046 0.1207982 -0.05929535 -116.7054 0 0 0 1
DataSet: 27
22.236328125 -16.787109375 336.533203125 9.4921875 -2.78481561068692 19.248046875 -81.650390625
552.927 233.990 -113.360 611.008
-0.121737 -0.3066862 0.9439934 552.9273 0.09588421 0.9429853 0.3187239 233.9898 -0.9879202 0.1293145 -0.08538981 -113.3603 0 0 0 1
DataSet: 28
18.6328125 -13.447265625 336.62109375 9.4921875 -2.78481561068692 19.248046875 -81.650390625
558.734 234.347 -96.944 613.596
-0.1171893 -0.3072781 0.9443764 558.734 0.09588421 0.9429853 0.3187239 234.3473 -0.98847 0.1279018 -0.08104471 -96.94439 0 0 0 1
DataSet: 29
16.083984375 -13.447265625 336.533203125 9.4921875 -2.78481561068692 19.248046875 -81.650390625
562.338 233.990 -71.994 613.317
-0.07311538 -0.312662 0.9470463 562.3377 0.09588421 0.9429853 0.3187239 233.9898 -0.9927036 0.1141104 -0.03896739 -71.99403 0 0 0 1
DataSet: 30
12.48046875 -10.634765625 336.533203125 9.4921875 -2.78481561068692 19.248046875 -81.650390625
566.270 233.990 -52.121 614.923
-0.05940375 -0.3142075 0.947494 566.2701 0.09588421 0.9429853 0.3187239 233.9898 -0.9936184 0.1097831 -0.02588933 -52.12131 0 0 0 1
DataSet: 31
10.283203125 -10.634765625 336.533203125 9.4921875 -2.78481561068692 19.248046875 -81.650390625
567.852 233.990 -30.372 614.922
-0.02126463 -0.3181856 0.9477899 567.8521 0.09588421 0.9429853 0.3187239 233.9898 -0.9951653 0.09765564 0.01045674 -30.37212 0 0 0 1
DataSet: 32
7.55859375 -5.2734375 336.533203125 9.4921875 -2.78481561068692 19.248046875 -81.650390625
570.077 233.990 -33.083 617.117
-0.06702289 -0.3133563 0.9472675 570.0771 0.09588421 0.9429853 0.3187239 233.9898 -0.9931335 0.1121898 -0.03315568 -33.08252 0 0 0 1
DataSet: 33
5.2734375 -3.955078125 336.533203125 9.4921875 -2.78481561068692 19.248046875 -81.650390625
571.158 233.990 -17.646 617.482
-0.05025622 -0.3152046 0.9476921 571.1582 0.09588421 0.9429853 0.3187239 233.9898 -0.994123 0.1068866 -0.01716773 -17.64587 0 0 0 1
DataSet: 34
-4.21875 -0.3515625 336.533203125 9.4921875 -2.78481561068692 19.248046875 -81.650390625
569.281 233.990 57.004 618.127
0.05200189 -0.3245074 0.9444526 569.2811 0.09588421 0.9429853 0.3187239 233.9898 -0.9940332 0.07398385 0.08015216 57.00375 0 0 0 1
DataSet: 35
-6.50390625 -0.3515625 336.533203125 9.4921875 -2.78481561068692 19.248046875 -81.650390625
566.555 233.990 79.657 618.127
0.09159555 -0.3271993 0.9405056 566.5554 0.09588421 0.9429853 0.3187239 233.9898 -0.9911693 0.06098595 0.1177465 79.65732 0 0 0 1
DataSet: 36
-9.052734375 -0.263671875 336.533203125 9.4921875 -2.78481561068692 19.248046875 -81.650390625
562.552 233.990 104.296 618.137
0.1340702 -0.3295162 0.9345824 562.5516 0.09588421 0.9429853 0.3187239 233.9898 -0.9863222 0.04688034 0.1580216 104.2956 0 0 0 1
DataSet: 37
-12.041015625 15.1171875 336.533203125 9.4921875 -2.78481561068692 19.248046875 -81.650390625
566.670 233.990 48.922 615.028
-0.08072709 -0.3117776 0.9467195 566.6699 0.09588421 0.9429853 0.3187239 233.9898 -0.9921136 0.1165051 -0.04622992 48.92199 0 0 0 1
DataSet: 38
-14.853515625 15.1171875 336.533203125 9.4921875 -2.78481561068692 19.248046875 -81.650390625
563.587 233.990 76.668 615.028
-0.03194915 -0.3171186 0.9478475 563.5869 0.09588421 0.9429853 0.3187239 233.9898 -0.9948796 0.1010666 0.0002790925 76.66824 0 0 0 1
DataSet: 39
-16.962890625 29.1796875 336.533203125 9.4921875 -2.78481561068692 19.248046875 -81.650390625
556.521 233.990 19.533 604.026
-0.2373073 -0.2893106 0.9273536 556.5205 0.09588421 0.9429853 0.3187239 233.9898 -0.966691 0.1645541 -0.196037 19.53335 0 0 0 1
DataSet: 40
-19.951171875 63.896484375 336.533203125 9.4921875 -2.78481561068692 19.248046875 -81.650390625
476.765 233.990 -124.652 545.522
-0.7102196 -0.1595348 0.6856652 476.7646 0.09588421 0.9429853 0.3187239 233.9898 -0.6974198 0.2921084 -0.6544298 -124.6517 0 0 0 1
DataSet: 41
-23.02734375 77.080078125 336.533203125 9.4921875 -2.78481561068692 19.248046875 -81.650390625
430.990 233.990 -150.454 512.972
-0.8215905 -0.1057956 0.5601753 430.9901 0.09588421 0.9429853 0.3187239 233.9898 -0.5619567 0.3155725 -0.7646036 -150.4537 0 0 0 1
DataSet: 42
-25.927734375 79.892578125 336.533203125 9.4921875 -2.78481561068692 19.248046875 -81.650390625
426.046 233.990 -138.450 505.406
-0.8207275 -0.1062796 0.5613475 426.0461 0.09588421 0.9429853 0.3187239 233.9898 -0.5632163 0.3154098 -0.7637435 -138.4499 0 0 0 1
DataSet: 43
-28.828125 87.275390625 336.533203125 9.4921875 -2.78481561068692 19.248046875 -81.650390625
400.030 233.990 -141.714 484.621
-0.8622344 -0.08130418 0.4999416 400.0297 0.09588421 0.9429853 0.3187239 233.9898 -0.4973511 0.3227512 -0.8052785 -141.7143 0 0 0 1
DataSet: 44
-32.16796875 87.5390625 336.533203125 9.4921875 -2.78481561068692 19.248046875 -81.650390625
406.438 233.990 -119.052 483.856
-0.8343023 -0.09850699 0.5424353 406.4381 0.09588421 0.9429853 0.3187239 233.9898 -0.542905 0.317923 -0.7772896 -119.0522 0 0 0 1
DataSet: 45
-35.244140625 87.626953125 336.533203125 9.4921875 -2.78481561068692 19.248046875 -81.650390625
411.867 233.990 -97.384 483.600
-0.8048653 -0.1149469 0.5822191 411.8673 0.09588421 0.9429853 0.3187239 233.9898 -0.5856604 0.3123554 -0.7479545 -97.38365 0 0 0 1
DataSet: 46
-38.3203125 87.626953125 336.533203125 9.4921875 -2.78481561068692 19.248046875 -81.650390625
416.500 233.990 -75.141 483.600
-0.7722769 -0.1315434 0.6215181 416.4998 0.09588421 0.9429853 0.3187239 233.9898 -0.6280084 0.3057369 -0.7156329 -75.14108 0 0 0 1
DataSet: 47
-41.1328125 87.626953125 336.533203125 9.4921875 -2.78481561068692 19.248046875 -81.650390625
419.685 233.990 -54.614 483.600
-0.7405317 -0.1463867 0.6558838 419.6851 0.09588421 0.9429853 0.3187239 233.9898 -0.6651458 0.298914 -0.6842744 -54.61389 0 0 0 1
DataSet: 48
-44.12109375 87.451171875 336.533203125 9.4921875 -2.78481561068692 19.248046875 -81.650390625
422.603 233.990 -31.925 484.111
-0.70269 -0.1626622 0.6926527 422.6031 0.09588421 0.9429853 0.3187239 233.9898 -0.7050056 0.2903785 -0.6470296 -31.92459 0 0 0 1
DataSet: 49
-47.109375 87.5390625 336.533203125 9.4921875 -2.78481561068692 19.248046875 -81.650390625
423.392 233.990 -10.235 483.856
-0.6661168 -0.1771469 0.7245049 423.3918 0.09588421 0.9429853 0.3187239 233.9898 -0.7396585 0.2817759 -0.6111527 -10.23468 0 0 0 1
DataSet: 50
-50.361328125 87.626953125 336.533203125 9.4921875 -2.78481561068692 19.248046875 -81.650390625
423.011 233.990 13.399 483.600
-0.6242757 -0.1924296 0.7571332 423.0114 0.09588421 0.9429853 0.3187239 233.9898 -0.7752974 0.2715687 -0.5702319 13.39893 0 0 0 1
DataSet: 51
-53.26171875 87.5390625 336.533203125 9.4921875 -2.78481561068692 19.248046875 -81.650390625
422.050 233.990 35.200 483.856
-0.5830092 -0.2063252 0.7858309 422.0502 0.09588421 0.9429853 0.3187239 233.9898 -0.8067877 0.2611677 -0.5299858 35.2002 0 0 0 1
DataSet: 52
-56.6015625 87.626953125 336.533203125 9.4921875 -2.78481561068692 19.248046875 -81.650390625
419.049 233.990 59.300 483.600
-0.5363039 -0.2208082 0.8146299 419.0486 0.09588421 0.9429853 0.3187239 233.9898 -0.8385609 0.249043 -0.4845547 59.2998 0 0 0 1
DataSet: 53
-60.380859375 87.626953125 336.533203125 9.4921875 -2.90083745828687 19.248046875 -81.650390625
414.635 233.956 87.336 484.030
-0.4797479 -0.2356012 0.8451828 414.6346 0.09788044 0.9428905 0.3183974 233.9561 -0.8719296 0.2354774 -0.429289 87.33557 0 0 0 1
DataSet: 54
-63.193359375 87.451171875 336.533203125 9.4921875 -2.78481561068692 19.248046875 -81.650390625
409.837 233.990 107.918 484.111
-0.4337494 -0.2486175 0.8660548 409.8369 0.09588421 0.9429853 0.3187239 233.9898 -0.8959172 0.2212873 -0.3851808 107.9178 0 0 0 1
DataSet: 55
-66.4453125 87.451171875 336.533203125 9.4921875 -2.78481561068692 19.248046875 -81.650390625
403.055 233.990 130.993 484.111
-0.3822284 -0.26077 0.8865103 403.0551 0.09588421 0.9429853 0.3187239 233.9898 -0.9190798 0.2068277 -0.3354321 130.9928 0 0 0 1
DataSet: 56
-69.9609375 87.451171875 336.533203125 9.4921875 -2.78481561068692 19.248046875 -81.650390625
394.264 233.990 155.462 484.111
-0.3251504 -0.2729621 0.9054109 394.264 0.09588421 0.9429853 0.3187239 233.9898 -0.9407887 0.1904478 -0.2804393 155.4619 0 0 0 1
DataSet: 57
-73.30078125 87.626953125 336.533203125 9.4921875 -2.78481561068692 19.248046875 -81.650390625
384.336 233.990 177.211 483.600
-0.2727277 -0.2830578 0.9195096 384.3362 0.09588421 0.9429853 0.3187239 233.9898 -0.9573013 0.1750913 -0.2300375 177.2115 0 0 0 1
DataSet: 58
-76.46484375 87.451171875 336.533203125 9.4921875 -2.78481561068692 19.248046875 -81.650390625
374.117 233.990 199.120 484.111
-0.2164938 -0.2927776 0.9313494 374.1173 0.09588421 0.9429853 0.3187239 233.9898 -0.9715641 0.1583034 -0.1760777 199.12 0 0 0 1
DataSet: 59
-79.365234375 87.451171875 336.533203125 9.4921875 -2.78481561068692 19.248046875 -81.650390625
363.563 233.990 217.795 484.111
-0.1670556 -0.3004127 0.9390659 363.5626 0.09588421 0.9429853 0.3187239 233.9898 -0.981274 0.1432862 -0.1287261 217.7952 0 0 0 1
DataSet: 60
-82.529296875 87.626953125 336.533203125 9.4921875 -2.78481561068692 19.248046875 -81.650390625
350.942 233.990 236.555 483.600
-0.1156729 -0.3074739 0.9444997 350.9417 0.09588421 0.9429853 0.3187239 233.9898 -0.9886486 0.1274303 -0.07959596 236.5547 0 0 0 1
DataSet: 61
-85.95703125 87.626953125 336.533203125 9.4921875 -2.78481561068692 19.248046875 -81.73828125
336.170 233.990 257.114 483.600
-0.05780858 -0.3145428 0.9474814 336.1704 0.09539519 0.9429853 0.3188706 233.9898 -0.9937595 0.1088186 -0.02450677 257.1142 0 0 0 1
DataSet: 62
-89.6484375 87.5390625 336.533203125 9.4921875 -2.78481561068692 19.248046875 -81.650390625
318.882 233.990 278.711 483.856
0.009271879 -0.3210314 0.9470232 318.8817 0.09588421 0.9429853 0.3187239 233.9898 -0.9953493 0.0878494 0.03952509 278.7111 0 0 0 1
DataSet: 63
-86.30859375 86.044921875 336.533203125 9.4921875 -2.78481561068692 19.248046875 -81.650390625
334.308 233.990 267.956 488.173
-0.02279117 -0.3180354 0.9478049 334.3078 0.09588421 0.9429853 0.3187239 233.9898 -0.9951316 0.09814361 0.009002837 267.9557 0 0 0 1
DataSet: 64
-82.529296875 85.95703125 336.533203125 9.4921875 -2.78481561068692 19.248046875 -81.650390625
351.252 233.990 245.826 488.426
-0.08681307 -0.3110568 0.946418 351.2523 0.09588421 0.9429853 0.3187239 233.9898 -0.9915996 0.118416 -0.05203801 245.8258 0 0 0 1
DataSet: 65
-78.57421875 84.990234375 336.533203125 9.4921875 -2.78481561068692 19.248046875 -81.650390625
367.798 233.990 226.367 491.191
-0.1383888 -0.3044606 0.9424183 367.7979 0.09588421 0.9429853 0.3187239 233.9898 -0.9857255 0.1344709 -0.1013056 226.3666 0 0 0 1
DataSet: 66
-74.267578125 81.650390625 336.533203125 9.4921875 -2.78481561068692 19.248046875 -81.650390625
385.925 233.990 216.531 500.575
-0.1550012 -0.3021484 0.9405748 385.9253 0.09588421 0.9429853 0.3187239 233.9898 -0.9832501 0.1395889 -0.1171926 216.5314 0 0 0 1
DataSet: 67
-70.576171875 79.453125 336.533203125 9.4921875 -2.78481561068692 19.248046875 -81.650390625
400.686 233.990 203.333 506.601
-0.1805865 -0.2984059 0.9371992 400.6863 0.09588421 0.9429853 0.3187239 233.9898 -0.9788742 0.1474198 -0.141678 203.3325 0 0 0 1
DataSet: 68
-66.4453125 79.453125 336.533203125 9.4921875 -2.78481561068692 19.248046875 -81.650390625
414.292 233.990 173.941 506.601
-0.2506302 -0.2870113 0.9245588 414.2923 0.09588421 0.9429853 0.3187239 233.9898 -0.9633228 0.1685324 -0.2088208 173.941 0 0 0 1
DataSet: 69
-62.666015625 77.431640625 336.533203125 9.4921875 -2.78481561068692 19.248046875 -81.650390625
427.465 233.990 157.177 512.037
-0.280062 -0.2817066 0.9177182 427.4648 0.09588421 0.9429853 0.3187239 233.9898 -0.9551814 0.1772571 -0.2370832 157.1772 0 0 0 1
DataSet: 70
-58.7109375 77.16796875 336.533203125 9.4921875 -2.78481561068692 19.248046875 -81.650390625
437.698 233.990 128.725 512.738
-0.3409781 -0.2697098 0.9005501 437.6977 0.09588421 0.9429853 0.3187239 233.9898 -0.9351685 0.1950264 -0.2956764 128.725 0 0 0 1
DataSet: 71
-54.755859375 77.16796875 336.533203125 9.4921875 -2.78481561068692 19.248046875 -81.650390625
445.534 233.990 98.229 512.738
-0.4046686 -0.2556157 0.8780113 445.534 0.09588421 0.9429853 0.3187239 233.9898 -0.9094226 0.213165 -0.3570871 98.2285 0 0 0 1
DataSet: 72
-50.712890625 77.16796875 336.533203125 9.4921875 -2.78481561068692 19.248046875 -81.650390625
451.351 233.990 66.572 512.738
-0.4677801 -0.2399505 0.8506501 451.3509 0.09588421 0.9429853 0.3187239 233.9898 -0.8786285 0.2306566 -0.4181023 66.57187 0 0 0 1
DataSet: 73
-45.966796875 77.16796875 336.533203125 9.4921875 -2.78481561068692 19.248046875 -81.650390625
455.311 233.990 28.999 512.738
-0.538874 -0.2200431 0.8131394 455.3114 0.09588421 0.9429853 0.3187239 233.9898 -0.8369116 0.2497193 -0.4870517 28.99871 0 0 0 1
DataSet: 74
-41.748046875 76.025390625 336.533203125 9.4921875 -2.78481561068692 19.248046875 -81.650390625
459.622 233.990 0.778 515.756
-0.5830092 -0.2063252 0.7858309 459.6217 0.09588421 0.9429853 0.3187239 233.9898 -0.8067877 0.2611677 -0.5299858 0.778133 0 0 0 1
DataSet: 75
-38.056640625 76.025390625 336.533203125 9.4921875 -2.78481561068692 19.248046875 -81.650390625
458.718 233.990 -28.815 515.756
-0.6337427 -0.1890825 0.7500786 458.7182 0.09588421 0.9429853 0.3187239 233.9898 -0.7675782 0.2739096 -0.5794801 -28.81514 0 0 0 1
DataSet: 76
-33.92578125 76.025390625 336.533203125 9.4921875 -2.78481561068692 19.248046875 -81.650390625
455.451 233.990 -61.784 515.756
-0.6873886 -0.1688603 0.7063873 455.4508 0.09588421 0.9429853 0.3187239 233.9898 -0.7199327 0.2868186 -0.6320063 -61.78389 0 0 0 1
DataSet: 77
-29.970703125 75.9375 336.533203125 9.4921875 -2.78481561068692 19.248046875 -81.650390625
450.442 233.990 -92.698 515.986
-0.7343786 -0.1491317 0.662154 450.4417 0.09588421 0.9429853 0.3187239 233.9898 -0.6719333 0.2975541 -0.6782088 -92.69798 0 0 0 1
DataSet: 78
-25.83984375 75.9375 336.533203125 9.4921875 -2.78481561068692 19.248046875 -81.650390625
442.594 233.990 -124.905 515.986
-0.7808732 -0.12731 0.6115792 442.5941 0.09588421 0.9429853 0.3187239 233.9898 -0.617287 0.3075237 -0.7241449 -124.9046 0 0 0 1
DataSet: 79
-21.884765625 75.9375 336.533203125 9.4921875 -2.78481561068692 19.248046875 -81.650390625
432.925 233.990 -155.135 515.986
-0.8215905 -0.1057956 0.5601753 432.9248 0.09588421 0.9429853 0.3187239 233.9898 -0.5619567 0.3155725 -0.7646036 -155.1347 0 0 0 1
DataSet: 80
-18.193359375 75.9375 336.533203125 9.4921875 -2.78481561068692 19.248046875 -81.650390625
422.039 233.990 -182.686 515.986
-0.8560662 -0.08525871 0.5097859 422.0386 0.09588421 0.9429853 0.3187239 233.9898 -0.5078946 0.3217292 -0.7990829 -182.6857 0 0 0 1
DataSet: 81
-14.0625 75.9375 336.533203125 9.4921875 -2.78481561068692 19.248046875 -81.650390625
407.783 233.990 -212.613 515.986
-0.8904282 -0.06186157 0.4508999 407.7825 0.09588421 0.9429853 0.3187239 233.9898 -0.4449087 0.3270349 -0.8337292 -212.6125 0 0 0 1
DataSet: 82
-10.37109375 75.9375 336.533203125 9.4921875 -2.78481561068692 19.248046875 -81.650390625
393.248 233.990 -238.426 515.986
-0.9172252 -0.04067786 0.3962867 393.248 0.09588421 0.9429853 0.3187239 233.9898 -0.3866576 0.3303392 -0.8610296 -238.4255 0 0 0 1
DataSet: 83
-5.888671875 75.9375 336.533203125 9.4921875 -2.78481561068692 19.248046875 -81.650390625
373.411 233.990 -268.430 515.986
-0.9446383 -0.01473636 0.3277824 373.4114 0.09588421 0.9429853 0.3187239 233.9898 -0.3137908 0.3325079 -0.8893671 -268.4299 0 0 0 1
DataSet: 84
-3.1640625 76.025390625 336.533203125 9.4921875 -2.78481561068692 19.248046875 -81.650390625
359.769 233.990 -286.040 515.756
-0.9588975 0.001596787 0.2837484 359.7692 0.09588421 0.9429853 0.3187239 233.9898 -0.2670616 0.3328305 -0.9043793 -286.0399 0 0 0 1
DataSet: 85
8.4375 75.76171875 336.533203125 9.4921875 -2.78481561068692 19.248046875 -81.650390625
296.345 233.990 -352.343 516.447
-0.9926873 0.0669983 0.1004149 296.3455 0.09588421 0.9429853 0.3187239 233.9898 -0.07333581 0.3260213 -0.9425136 -352.3431 0 0 0 1
DataSet: 86
12.744140625 75.76171875 336.533203125 9.4921875 -2.78481561068692 19.248046875 -81.650390625
269.050 233.990 -373.602 516.447
-0.9953915 0.09129147 0.02935396 269.0498 0.09588421 0.9429853 0.3187239 233.9898 0.001416421 0.3200696 -0.9473929 -373.6021 0 0 0 1
DataSet: 87
16.69921875 75.76171875 336.533203125 9.4921875 -2.78481561068692 19.248046875 -81.650390625
242.640 233.990 -391.270 516.447
-0.9929232 0.1131506 -0.03606175 242.6401 0.09588421 0.9429853 0.3187239 233.9898 0.07006951 0.3130106 -0.9471614 -391.2699 0 0 0 1
DataSet: 88
20.478515625 59.23828125 336.533203125 9.4921875 -2.78481561068692 19.248046875 -81.650390625
307.529 233.990 -399.449 555.774
-0.9839196 0.04131376 0.1737683 307.5288 0.09588421 0.9429853 0.3187239 233.9898 -0.1506932 0.3302603 -0.9317831 -399.449 0 0 0 1
DataSet: 89
24.873046875 45.87890625 336.533203125 9.4921875 -2.78481561068692 19.248046875 -81.650390625
347.568 233.990 -402.784 581.197
-0.9484179 -0.01065486 0.3168438 347.5683 0.09588421 0.9429853 0.3187239 233.9898 -0.302175 0.3326637 -0.8933225 -402.7836 0 0 0 1
DataSet: 90
29.443359375 34.62890625 336.533203125 9.4921875 -2.78481561068692 19.248046875 -81.650390625
371.952 233.990 -405.173 597.716
-0.9068314 -0.04927753 0.4186031 371.952 0.09588421 0.9429853 0.3187239 233.9898 -0.4104425 0.3291662 -0.8504037 -405.1727 0 0 0 1
DataSet: 91
34.365234375 32.6953125 336.533203125 9.4921875 -2.78481561068692 19.248046875 -81.650390625
345.606 233.990 -431.168 600.084
-0.9269954 -0.03205052 0.3737009 345.6056 0.09588421 0.9429853 0.3187239 233.9898 -0.3626097 0.3312876 -0.8710699 -431.1682 0 0 0 1
DataSet: 92
38.583984375 32.431640625 336.533203125 9.4921875 -2.78481561068692 19.248046875 -81.650390625
314.316 233.990 -454.895 600.396
-0.9497984 -0.009123855 0.3127294 314.3161 0.09588421 0.9429853 0.3187239 233.9898 -0.2978072 0.3327093 -0.8947712 -454.8947 0 0 0 1
DataSet: 93
42.71484375 32.34375 336.533203125 9.4921875 -2.78481561068692 19.248046875 -81.650390625
281.198 233.990 -476.210 600.499
-0.9684316 0.01435637 0.2488657 281.1977 0.09588421 0.9429853 0.3187239 233.9898 -0.230101 0.3325246 -0.9145933 -476.2098 0 0 0 1
DataSet: 94
46.142578125 32.255859375 336.533203125 9.4921875 -2.78481561068692 19.248046875 -81.650390625
252.696 233.990 -492.053 600.602
-0.9801921 0.0337043 0.1951604 252.6962 0.09588421 0.9429853 0.3187239 233.9898 -0.1732911 0.3311234 -0.9275384 -492.0533 0 0 0 1
DataSet: 95
50.09765625 27.421875 336.533203125 9.4921875 -2.78481561068692 19.248046875 -81.650390625
244.374 233.990 -502.543 605.821
-0.9774185 0.02862116 0.2093652 244.3736 0.09588421 0.9429853 0.3187239 233.9898 -0.188306 0.3316014 -0.9244357 -502.5428 0 0 0 1
DataSet: 96
54.404296875 19.599609375 336.533203125 9.4921875 -2.78481561068692 19.248046875 -81.650390625
247.996 233.990 -508.655 612.359
-0.9640321 0.008233252 0.2656582 247.9957 0.09588421 0.9429853 0.3187239 233.9898 -0.2478877 0.3327325 -0.9098576 -508.6553 0 0 0 1
DataSet: 97
58.0078125 15.1171875 336.533203125 9.4921875 -2.78481561068692 19.248046875 -81.650390625
239.345 233.990 -515.967 615.028
-0.9601163 0.003128431 0.2795835 239.3445 0.09588421 0.9429853 0.3187239 233.9898 -0.262646 0.3328196 -0.9056755 -515.9674 0 0 0 1
DataSet: 98
61.962890625 9.931640625 336.533203125 9.4921875 -2.78481561068692 19.248046875 -81.650390625
230.595 233.990 -522.417 617.126
-0.9542548 -0.004019286 0.2989676 230.5952 0.09588421 0.9429853 0.3187239 233.9898 -0.2832031 0.33281 -0.8994629 -522.4171 0 0 0 1
DataSet: 99
65.830078125 9.931640625 336.533203125 9.4921875 -2.78481561068692 19.248046875 -81.650390625
194.836 233.990 -536.780 617.126
-0.9711823 0.01843588 0.2376235 194.8363 0.09588421 0.9429853 0.3187239 233.9898 -0.2181995 0.3323233 -0.9175784 -536.7798 0 0 0 1
DataSet: 100
69.78515625 9.931640625 336.533203125 9.4921875 -2.78481561068692 19.248046875 -81.650390625
157.348 233.990 -548.940 617.126
-0.9839196 0.04131376 0.1737683 157.3482 0.09588421 0.9429853 0.3187239 233.9898 -0.1506932 0.3302603 -0.9317831 -548.9401 0 0 0 1
DataSet: 101
73.828125 -1.0546875 336.533203125 9.4921875 -2.78481561068692 19.248046875 -81.650390625
177.361 233.990 -543.846 618.042
-0.9584867 0.001086229 0.2851353 177.3605 0.09588421 0.9429853 0.3187239 233.9898 -0.2685322 0.3328325 -0.903943 -543.8456 0 0 0 1
DataSet: 102
78.57421875 -10.458984375 336.533203125 9.4921875 -2.78481561068692 19.248046875 -81.650390625
180.936 233.990 -539.214 615.013
-0.9335127 -0.02594717 0.357604 180.9364 0.09588421 0.9429853 0.3187239 233.9898 -0.3454853 0.3318214 -0.8778009 -539.2135 0 0 0 1
DataSet: 103
82.177734375 -14.326171875 336.533203125 9.4921875 -2.78481561068692 19.248046875 -81.650390625
166.523 233.990 -541.280 612.752
-0.931913 -0.02747392 0.3616398 166.5232 0.09588421 0.9429853 0.3187239 233.9898 -0.3497776 0.3316985 -0.876146 -541.2796 0 0 0 1
DataSet: 104
86.044921875 -17.841796875 336.533203125 9.4921875 -2.78481561068692 19.248046875 -81.650390625
147.693 233.990 -543.842 610.188
-0.9340416 -0.02543814 0.3562571 147.6935 0.09588421 0.9429853 0.3187239 233.9898 -0.3440529 0.3318608 -0.8783485 -543.8423 0 0 0 1
DataSet: 105
89.736328125 -18.45703125 336.533203125 9.4921875 -2.78481561068692 19.248046875 -81.650390625
115.569 233.990 -551.012 609.689
-0.9511589 -0.007592655 0.3086084 115.5689 0.09588421 0.9429853 0.3187239 233.9898 -0.2934332 0.3327477 -0.8962008 -551.0117 0 0 0 1
