DataSet: 1
2.98828125 -18.017578125 -7.20703125 5.09765625 -7.96228060365484 15.29296875 -117.24609375
592.032 307.645 122.725 678.387
-0.2802408 -0.2828473 0.9173126 592.0319 0.00356568 0.9552906 0.2956469 307.6447 -0.9599231 0.08612317 -0.2667029 122.7249 0 0 0 1
DataSet: 2
1.7578125 -17.75390625 -7.822265625 5.09765625 -2.65694431261091 15.908203125 -134.47265625
591.946 306.852 101.999 674.509
-0.5251324 -0.277582 0.8044776 591.946 -0.1587385 0.9606683 0.2278566 306.852 -0.836085 -0.008046721 -0.5485409 101.9993 0 0 0 1
DataSet: 3
4.5703125 -17.75390625 -7.3828125 5.09765625 -5.66440274775979 16.611328125 -135.966796875
589.844 306.266 89.895 670.668
-0.5819398 -0.2963395 0.7573169 589.8439 -0.1359197 0.9535869 0.2686965 306.2663 -0.8017929 0.05343092 -0.5952086 89.89484 0 0 0 1
DataSet: 4
6.240234375 -17.75390625 -7.3828125 5.09765625 -5.89945459769449 17.138671875 -130.869140625
588.958 305.181 73.602 667.401
-0.5350906 -0.3038153 0.788273 588.958 -0.1140762 0.9505333 0.288917 305.181 -0.8370572 0.06467362 -0.5432795 73.60229 0 0 0 1
DataSet: 5
8.0859375 -17.75390625 -7.470703125 5.09765625 -5.43943421861773 17.490234375 -130.95703125
589.119 304.418 51.654 665.132
-0.561807 -0.3067918 0.7682784 589.1193 -0.1245287 0.9494733 0.2880851 304.4179 -0.8178419 0.06617552 -0.5716252 51.65447 0 0 0 1
DataSet: 6
9.31640625 -17.666015625 -7.646484375 5.09765625 -4.6311748498179 17.75390625 -129.19921875
588.830 303.572 33.572 663.328
-0.5562499 -0.3088003 0.7715105 588.8299 -0.1295211 0.9492656 0.2865643 303.5716 -0.8208596 0.05947448 -0.568025 33.57215 0 0 0 1
DataSet: 7
10.458984375 -17.75390625 -7.998046875 5.09765625 -3.47483165032899 18.017578125 -124.716796875
587.774 302.009 15.419 661.004
-0.5093279 -0.3112912 0.8022985 587.7744 -0.1260137 0.9492133 0.288296 302.009 -0.8512964 0.04573655 -0.5226878 15.41891 0 0 0 1
DataSet: 8
11.6015625 -18.017578125 -8.349609375 5.09765625 -1.85356877571158 18.10546875 -125.5078125
587.191 300.742 -4.337 659.740
-0.5330559 -0.3113922 0.7866933 587.1908 -0.1540733 0.9499887 0.27163 300.7419 -0.8319332 0.02358553 -0.5543743 -4.336789 0 0 0 1
DataSet: 9
15.46875 -17.666015625 -7.470703125 5.09765625 -7.64330438007591 18.10546875 -108.896484375
587.957 301.777 -12.040 660.990
-0.3555543 -0.3039722 0.883845 587.9574 0.02608654 0.9420413 0.3344813 301.7766 -0.9342915 0.1419827 -0.3270172 -12.04037 0 0 0 1
DataSet: 10
17.841796875 -18.017578125 -6.85546875 5.09765625 -8.91385104229148 17.9296875 -111.796875
588.707 303.737 -26.908 662.991
-0.4322024 -0.2940659 0.8524824 588.7075 0.03094199 0.939944 0.3399233 303.7373 -0.9012457 0.1732932 -0.3971471 -26.9082 0 0 0 1
DataSet: 11
17.841796875 -17.666015625 -7.20703125 5.09765625 -5.67213379981868 17.666015625 -122.431640625
588.634 305.116 -48.025 664.750
-0.5875121 -0.293528 0.7541026 588.6339 -0.07853034 0.9481763 0.3078875 305.1163 -0.8053958 0.1216677 -0.5801159 -48.02506 0 0 0 1
DataSet: 12
12.3046875 -12.744140625 -7.03125 5.09765625 3.361907547745 18.6328125 -29.35546875
584.770 305.100 -73.189 663.625
0.7821131 -0.3229595 0.5329129 584.7698 0.249249 0.9459548 0.2074715 305.1 -0.5711164 -0.0294382 0.8203411 -73.18908 0 0 0 1
DataSet: 13
11.6015625 -12.48046875 -5.537109375 5.09765625 9.96926184381495 18.984375 -44.736328125
581.391 306.486 -105.721 665.677
0.615956 -0.3364716 0.7123097 581.3907 0.1057465 0.9313294 0.3484871 306.4859 -0.7806509 -0.1393285 0.6092386 -105.7212 0 0 0 1
DataSet: 14
18.80859375 -17.841796875 -5.9765625 5.09765625 3.70381729070108 17.490234375 -32.080078125
583.475 311.814 -112.062 670.991
0.7458812 -0.3053705 0.5919545 583.475 0.2198117 0.9517761 0.2140213 311.8143 -0.6287639 -0.02951593 0.7770359 -112.0621 0 0 0 1
DataSet: 15
20.478515625 -17.841796875 -6.416015625 5.09765625 3.93038638075771 16.5234375 -38.49609375
585.238 311.538 -131.224 675.854
0.6578762 -0.290664 0.6947758 585.2378 0.179402 0.9564487 0.2302626 311.5382 -0.7314464 -0.02684016 0.6813705 -131.2244 0 0 0 1
DataSet: 16
-31.552734375 30.322265625 -7.646484375 5.09765625 -1.96246198371114 15.29296875 -116.982421875
574.827 308.817 148.577 669.230
-0.496998 -0.2609263 0.8275932 574.8269 -0.0890828 0.9640241 0.2504434 308.8168 -0.863167 0.05074555 -0.502362 148.577 0 0 0 1
DataSet: 17
-30.234375 30.322265625 -7.3828125 5.09765625 -2.77303607267303 16.083984375 -123.75
573.974 308.450 140.501 666.579
-0.6073729 -0.2717107 0.7465061 573.9738 -0.1135121 0.9597315 0.256964 308.45 -0.7862653 0.07133552 -0.6137574 140.5009 0 0 0 1
DataSet: 18
-27.158203125 29.970703125 -6.943359375 5.09765625 -8.57960775718824 18.984375 -113.90625
568.598 301.603 147.317 660.280
-0.5066653 -0.3028011 0.8072185 568.5981 0.006030981 0.9350255 0.3545291 301.6025 -0.8621217 0.1844959 -0.4719189 147.3171 0 0 0 1
DataSet: 19
-26.3671875 29.970703125 -7.119140625 5.09765625 -7.30520001399227 18.984375 -116.71875
569.363 301.862 132.141 657.842
-0.5571072 -0.3033765 0.7730423 569.3625 -0.03149838 0.9379317 0.3453866 301.862 -0.829843 0.1680678 -0.5320844 132.1413 0 0 0 1
DataSet: 20
-24.43359375 29.619140625 -7.119140625 5.09765625 -8.24401278197385 19.951171875 -107.138671875
568.802 299.139 121.051 653.968
-0.443948 -0.3116776 0.8400996 568.8023 0.03750866 0.9302703 0.3649524 299.1391 -0.8952672 0.1935309 -0.401301 121.0506 0 0 0 1
DataSet: 21
-23.291015625 29.267578125 -7.119140625 5.09765625 -6.85250383358961 20.0390625 -109.599609375
568.988 300.020 103.940 651.585
-0.4915619 -0.3147497 0.8119726 568.988 -0.00172204 0.9327483 0.3605242 300.0198 -0.870841 0.1758217 -0.4590455 103.9404 0 0 0 1
DataSet: 22
-21.62109375 29.443359375 -6.50390625 5.09765625 -6.97436069862216 20.56640625 -120.05859375
569.212 301.516 87.480 650.051
-0.6539539 -0.3169803 0.6869263 569.2116 -0.0695603 0.9293379 0.362619 301.5158 -0.7533297 0.1893533 -0.6297933 87.48003 0 0 0 1
DataSet: 23
-18.720703125 28.65234375 -5.537109375 5.09765625 -9.43646753106248 22.060546875 -114.697265625
568.825 300.415 78.452 648.047
-0.6130648 -0.3233359 0.7208366 568.8248 -0.005848583 0.9142462 0.4051169 300.4145 -0.790011 0.244147 -0.5623832 78.45163 0 0 0 1
DataSet: 24
-11.689453125 26.630859375 -3.427734375 5.09765625 -18.0449247176083 25.83984375 -94.482421875
571.502 288.946 69.239 644.126
-0.3945065 -0.3139392 0.8636011 571.5022 0.2764269 0.8557476 0.4373604 288.9462 -0.8763291 0.4112642 -0.2508168 69.23878 0 0 0 1
DataSet: 25
-2.98828125 17.138671875 -3.251953125 5.09765625 -16.2107424303739 26.806640625 -90.439453125
567.648 290.186 27.294 638.104
-0.3233237 -0.3436304 0.8816915 567.6475 0.2758415 0.8570476 0.4351791 290.1861 -0.9051924 0.3839108 -0.1823163 27.29409 0 0 0 1
DataSet: 26
-4.5703125 17.05078125 -5.2734375 5.09765625 -9.70682604240827 24.169921875 -98.173828125
569.831 296.257 6.819 642.279
-0.4212786 -0.3438692 0.8392129 569.8314 0.1095139 0.8992736 0.4234544 296.257 -0.900295 0.2702978 -0.3411862 6.818996 0 0 0 1
DataSet: 27
13.359375 -4.39453125 -5.44921875 1.23046875 -9.58030597833302 23.642578125 -111.4453125
563.032 296.908 -53.535 638.769
-0.4964081 -0.3677115 0.7863633 563.0324 0.01033051 0.9032889 0.4289085 296.9081 -0.8680278 0.2210372 -0.4446013 -53.53457 0 0 0 1
DataSet: 28
8.96484375 -4.39453125 -6.240234375 1.23046875 5.95474348216624 23.115234375 -39.990234375
559.207 297.495 -98.154 640.975
0.6332802 -0.4002149 0.6624079 559.2066 0.232484 0.9147545 0.3304171 297.4946 -0.7381784 -0.05524735 0.6723394 -98.15401 0 0 0 1
DataSet: 29
12.568359375 -4.658203125 -6.943359375 1.23046875 1.51486864553957 21.884765625 -53.4375
562.896 298.967 -107.906 646.434
0.4172671 -0.3719048 0.8292015 562.8961 0.2007301 0.9276111 0.3150319 298.9674 -0.8863383 0.03499323 0.4617141 -107.9062 0 0 0 1
DataSet: 30
13.88671875 -4.306640625 -6.943359375 1.23046875 0.697945662849564 20.830078125 -45.52734375
566.752 301.441 -119.306 652.923
0.5087577 -0.3514222 0.7859186 566.7521 0.2404099 0.9345698 0.262264 301.4405 -0.8266612 0.05551373 0.5599549 -119.3057 0 0 0 1
DataSet: 31
-29.53125 28.916015625 -7.998046875 1.23046875 -3.48798796587349 20.56640625 -110.0390625
547.633 296.791 148.711 640.392
-0.3309506 -0.3506609 0.8760757 547.6327 -0.06299524 0.9345313 0.3502611 296.791 -0.941543 0.06073051 -0.3313736 148.711 0 0 0 1
DataSet: 32
-27.861328125 28.828125 -7.822265625 1.23046875 -5.35779087553063 21.708984375 -112.939453125
545.620 294.181 144.022 636.385
-0.3975182 -0.3662944 0.8413131 545.6196 -0.05754823 0.9250154 0.3755457 294.1809 -0.9157879 0.1008702 -0.38879 144.0223 0 0 0 1
DataSet: 33
-26.630859375 29.00390625 -7.734375 1.23046875 -5.24695641149652 22.32421875 -115.927734375
545.115 293.201 130.741 632.622
-0.4609095 -0.3737793 0.8048922 545.1151 -0.08314335 0.9211731 0.3801675 293.2014 -0.8835438 0.1083014 -0.4556547 130.7407 0 0 0 1
DataSet: 34
-24.78515625 28.828125 -7.470703125 1.23046875 -7.00725413159495 23.291015625 -104.326171875
544.568 290.975 124.307 629.820
-0.315798 -0.3834292 0.8679019 544.5679 0.02109329 0.9116478 0.4104307 290.9747 -0.9485919 0.1479201 -0.2798088 124.3075 0 0 0 1
DataSet: 35
-23.5546875 28.916015625 -7.3828125 1.23046875 -6.43002910351064 23.818359375 -91.23046875
543.808 290.447 109.052 626.082
-0.1336733 -0.3894078 0.9113139 543.8081 0.1033464 0.9090754 0.4036104 290.4469 -0.9856221 0.148133 -0.0812752 109.0522 0 0 0 1
DataSet: 36
-22.060546875 28.916015625 -7.294921875 1.23046875 -6.66824339956365 24.169921875 -86.8359375
544.718 289.798 96.337 624.485
-0.08926873 -0.3904721 0.9162765 544.7181 0.1383897 0.9061634 0.3996451 289.7984 -0.9863465 0.162479 -0.02685473 96.3374 0 0 0 1
DataSet: 37
-20.21484375 28.916015625 -6.943359375 1.23046875 -7.37868614486821 24.78515625 -84.19921875
544.961 289.285 83.043 622.547
-0.07884567 -0.3928248 0.916227 544.9612 0.1697884 0.9003679 0.4006364 289.2852 -0.9823214 0.1871531 -0.004293033 83.04341 0 0 0 1
DataSet: 38
-10.37109375 17.05078125 -6.85546875 1.23046875 -7.76758139561002 27.0703125 -76.376953125
544.037 283.243 54.889 615.805
0.07720704 -0.4341911 0.8975061 544.0371 0.2375563 0.8822784 0.4063888 283.243 -0.9683006 0.1818321 0.1712629 54.88948 0 0 0 1
DataSet: 39
18.017578125 -17.666015625 -6.15234375 1.0546875 -11.3718050367486 25.48828125 -93.955078125
542.447 287.290 -16.848 614.059
-0.08638834 -0.4258289 0.9006702 542.4471 0.1676065 0.8849523 0.4344738 287.2903 -0.9820617 0.1884917 -0.00507785 -16.84751 0 0 0 1
DataSet: 40
18.28125 -17.9296875 -6.943359375 1.0546875 -7.50379220268047 25.3125 -81.9140625
542.145 287.821 -39.273 615.065
0.1032188 -0.4245292 0.8995115 542.1451 0.1889176 0.8962477 0.4013105 287.8209 -0.9765531 0.1285108 0.1727106 -39.27301 0 0 0 1
DataSet: 41
17.490234375 -15.908203125 -6.15234375 1.0546875 -5.75883250069098 26.3671875 -76.025390625
538.078 289.598 -52.143 613.281
0.1722182 -0.4395162 0.8815705 538.078 0.2040822 0.8914444 0.4045706 289.5975 -0.9636863 0.1102384 0.2432204 -52.14256 0 0 0 1
DataSet: 42
19.248046875 -16.259765625 -6.85546875 1.0546875 -5.39428326358391 25.3125 -67.8515625
541.524 289.536 -68.946 617.927
0.276018 -0.4204994 0.8642883 541.5245 0.2475497 0.8999858 0.3588101 289.5362 -0.9287267 0.1149162 0.3525068 -68.94566 0 0 0 1
DataSet: 43
21.181640625 -16.259765625 -6.943359375 1.0546875 -4.92006932395883 24.78515625 -70.83984375
541.527 290.768 -89.998 621.206
0.1995948 -0.4088308 0.8905163 541.5271 0.218099 0.9045408 0.366386 290.7682 -0.9552982 0.121092 0.2697072 -89.99839 0 0 0 1
DataSet: 44
22.587890625 -15.99609375 -7.119140625 1.0546875 -4.56316763813394 24.169921875 -53.876953125
542.224 291.737 -106.975 624.949
0.4284744 -0.3961453 0.8120829 542.2237 0.3048742 0.9094433 0.2827801 291.7372 -0.8505653 0.1264191 0.5104477 -106.9746 0 0 0 1
DataSet: 45
22.8515625 -15.99609375 -6.943359375 1.0546875 -2.80595645142885 23.73046875 -65.302734375
542.930 294.255 -119.598 629.017
0.2551077 -0.3924381 0.8836924 542.9296 0.2124209 0.9143512 0.3447309 294.2548 -0.9432908 0.09977122 0.3166201 -119.5982 0 0 0 1
DataSet: 46
7.91015625 -28.037109375 -8.349609375 1.142578125 -4.67775165711808 23.90625 -114.169921875
531.195 286.944 95.908 611.313
-0.0537524 -0.4074527 0.911643 531.1952 -0.09096874 0.9111646 0.4018752 286.9438 -0.994402 -0.06132925 -0.08604274 95.90825 0 0 0 1
DataSet: 47
9.931640625 -28.125 -8.0859375 1.142578125 -5.5046067749704 24.697265625 -105.99609375
528.633 285.675 80.567 606.262
0.04444455 -0.4250128 0.9040956 528.6327 -0.02239791 0.9043384 0.426228 285.6747 -0.9987608 -0.03919337 0.03067352 80.56748 0 0 0 1
DataSet: 48
17.2265625 -38.056640625 -8.349609375 1.142578125 -2.80003920171893 22.587890625 -94.921875
531.192 290.862 51.739 607.817
0.2612039 -0.3768421 0.8886859 531.1915 0.01575489 0.9221891 0.3864182 290.8619 -0.9651551 -0.08693281 0.2468165 51.73873 0 0 0 1
DataSet: 49
19.86328125 -38.056640625 -8.0859375 1.142578125 -5.01777201469505 22.763671875 -92.98828125
528.502 290.734 39.083 604.457
0.2462574 -0.3935723 0.8856964 528.5016 0.06725172 0.9185748 0.3894837 290.7343 -0.9668684 -0.03634863 0.2526743 39.08333 0 0 0 1
DataSet: 50
21.09375 -38.056640625 -8.0859375 1.142578125 -4.08907604603312 23.37890625 -94.482421875
527.314 289.664 21.571 602.022
0.2026788 -0.3996233 0.8939925 527.3137 0.04015611 0.9155642 0.4001622 289.6643 -0.9784216 -0.04520515 0.2016128 21.57095 0 0 0 1
DataSet: 51
22.5 -38.056640625 -8.0859375 1.142578125 -3.50793554409457 23.818359375 -95.009765625
526.103 288.794 4.739 600.174
0.1706758 -0.4050603 0.8982182 526.1034 0.02575369 0.9131162 0.4068851 288.7943 -0.9849906 -0.04631301 0.1662786 4.739457 0 0 0 1
DataSet: 52
25.927734375 -38.056640625 -7.294921875 1.142578125 -7.244252436425 23.5546875 -88.857421875
523.337 290.935 -5.541 598.795
0.2067684 -0.4143292 0.8863285 523.3367 0.1339794 0.9093618 0.393841 290.9351 -0.969173 0.03731594 0.2435388 -5.540849 0 0 0 1
DataSet: 53
26.89453125 -38.056640625 -7.55859375 1.142578125 -5.72888167077909 23.818359375 -90.087890625
523.047 290.096 -23.155 598.556
0.1717435 -0.4135675 0.8941287 523.0465 0.09920481 0.9102611 0.4019741 290.0956 -0.980134 0.01966543 0.1973593 -23.15526 0 0 0 1
DataSet: 54
30.673828125 -38.056640625 -6.591796875 1.142578125 -10.6147904000057 22.8515625 -90.439453125
523.350 292.744 -29.206 600.373
0.09986788 -0.4044952 0.909071 523.3503 0.1812721 0.9057449 0.3831012 292.7438 -0.978349 0.1265297 0.1637785 -29.20614 0 0 0 1
DataSet: 55
28.916015625 -37.705078125 -7.55859375 1.142578125 -2.92533524782989 24.169921875 -83.49609375
522.539 290.410 -59.462 600.767
0.2341391 -0.4119987 0.8805884 522.5391 0.09702378 0.9111463 0.4004982 290.4102 -0.9673496 -0.008334259 0.2533086 -59.46155 0 0 0 1
DataSet: 56
30.234375 -37.705078125 -7.734375 1.142578125 -2.22217105728795 23.90625 -85.517578125
522.850 290.482 -75.242 602.838
0.1806802 -0.4066793 0.8955259 522.8498 0.07030297 0.9135222 0.4006677 290.4823 -0.9810261 -0.009434572 0.1936461 -75.24242 0 0 0 1
DataSet: 57
32.255859375 -37.353515625 -7.55859375 1.142578125 -4.67079173930381 23.115234375 -89.208984375
523.747 292.371 -81.206 605.298
0.08137505 -0.3968124 0.9142855 523.7466 0.0868244 0.9166628 0.3901165 292.3708 -0.9928946 0.04763655 0.1090465 -81.20649 0 0 0 1
DataSet: 58
27.861328125 -31.201171875 -7.3828125 1.142578125 0.821925845109947 25.83984375 -82.08984375
520.953 287.194 -105.618 604.175
0.1617736 -0.4350416 0.8857585 520.9529 0.04576819 0.8999233 0.4336397 287.1942 -0.985766 -0.02961189 0.1654949 -105.6177 0 0 0 1
DataSet: 59
30.146484375 -31.552734375 -7.3828125 1.142578125 -4.10097748614785 24.873046875 -81.03515625
521.606 288.970 -96.813 604.110
0.145885 -0.4209032 0.8952978 521.6059 0.1360159 0.904919 0.4032632 288.9697 -0.9799067 0.06294462 0.1892637 -96.8135 0 0 0 1
DataSet: 60
30.849609375 -31.552734375 -7.3828125 1.142578125 -1.87324403896768 24.43359375 -80.947265625
522.760 290.759 -115.707 609.268
0.1356938 -0.4133979 0.9003829 522.7602 0.09732977 0.9099547 0.4031244 290.7594 -0.9859585 0.03293258 0.1637111 -115.7074 0 0 0 1
DataSet: 61
32.16796875 -31.552734375 -7.3828125 1.142578125 -1.28611413931567 23.73046875 -83.14453125
523.839 292.630 -131.099 614.188
0.07880653 -0.401615 0.9124116 523.8391 0.07030915 0.9152181 0.3967776 292.63 -0.9944074 0.03288222 0.1003624 -131.0994 0 0 0 1
DataSet: 62
25.576171875 -52.470703125 -8.0859375 1.142578125 -6.82669673069762 17.40234375 -114.08203125
519.483 301.001 82.158 605.982
0.04945387 -0.3186571 0.9465791 519.483 -0.01265184 0.9474629 0.3196156 301.0011 -0.9986963 -0.0277822 0.0428241 82.15837 0 0 0 1
DataSet: 63
24.43359375 -50.2734375 -8.173828125 1.142578125 -4.29869697161755 20.126953125 -106.083984375
516.911 296.645 60.762 599.072
0.1669917 -0.3420317 0.9247314 516.9111 -0.02304177 0.9362911 0.3504683 296.645 -0.985689 -0.07983274 0.1484718 60.76243 0 0 0 1
DataSet: 64
25.751953125 -50.2734375 -8.173828125 1.142578125 -4.41853416766489 20.654296875 -104.765625
515.117 295.456 48.195 595.787
0.1664088 -0.3523757 0.9209449 515.1166 -0.01513386 0.9329446 0.3597018 295.4556 -0.9859407 -0.07379498 0.1499174 48.19496 0 0 0 1
DataSet: 65
28.212890625 -50.2734375 -7.998046875 1.142578125 -5.46700286639459 20.91796875 -104.853515625
513.239 295.125 31.139 592.860
0.1229723 -0.3652733 0.9227422 513.2393 0.0009807781 0.9298436 0.3679537 295.125 -0.9924096 -0.04434312 0.1147033 31.13912 0 0 0 1
DataSet: 66
29.00390625 -50.2734375 -8.26171875 1.142578125 -3.61104426956733 21.708984375 -107.138671875
512.902 293.039 12.248 590.838
0.0734655 -0.3674394 0.9271414 512.9017 -0.0485994 0.92723 0.3713255 293.039 -0.9961129 -0.07233813 0.05026208 12.24761 0 0 0 1
DataSet: 67
29.970703125 -50.2734375 -8.349609375 1.142578125 -2.33230767554724 22.32421875 -105.556640625
512.075 291.606 -4.596 589.301
0.08293805 -0.371161 0.9248572 512.0751 -0.06258281 0.9242829 0.3765428 291.6061 -0.9945877 -0.08910988 0.05342993 -4.595601 0 0 0 1
DataSet: 68
32.87109375 -50.09765625 -7.55859375 1.142578125 -5.71140370775948 22.1484375 -90.17578125
507.579 294.130 -12.370 586.772
0.272971 -0.3877866 0.8804024 507.5787 0.09836641 0.9216123 0.3754394 294.1299 -0.9569801 -0.01588204 0.2897186 -12.37043 0 0 0 1
DataSet: 69
33.3984375 -50.9765625 -7.91015625 1.142578125 -2.10040653574739 22.67578125 -92.724609375
508.293 292.752 -33.336 587.518
0.240548 -0.3793316 0.8934451 508.293 0.01829597 0.9220812 0.3865637 292.7521 -0.9704648 -0.0766407 0.228745 -33.3364 0 0 0 1
DataSet: 70
36.650390625 -50.80078125 -7.470703125 1.142578125 -5.93902330750342 21.62109375 -93.427734375
507.024 295.596 -40.017 588.261
0.1698318 -0.3806626 0.9089847 507.0238 0.08137264 0.9246511 0.3720199 295.5961 -0.9821078 0.01078568 0.1880107 -40.01706 0 0 0 1
DataSet: 71
38.056640625 -50.888671875 -7.55859375 1.142578125 -4.65915560019883 21.708984375 -92.021484375
506.675 295.691 -59.305 589.635
0.1699339 -0.3775111 0.910279 506.6753 0.06817289 0.9260045 0.371306 295.6908 -0.9830946 -0.001041105 0.1830955 -59.30508 0 0 0 1
DataSet: 72
36.73828125 -49.5703125 -7.734375 1.142578125 -0.817764469100981 23.291015625 -87.5390625
505.736 292.221 -78.224 589.306
0.2409716 -0.3898569 0.8887881 505.736 0.03123514 0.9184148 0.3943838 292.2211 -0.9700294 -0.06727388 0.2334892 -78.22425 0 0 0 1
DataSet: 73
39.462890625 -49.130859375 -7.55859375 1.142578125 -2.68296043150699 22.5 -89.033203125
504.876 294.576 -93.240 591.919
0.1634356 -0.3848661 0.908387 504.8758 0.05325264 0.9228668 0.3814197 294.5757 -0.9851157 -0.01396356 0.1713244 -93.24007 0 0 0 1
DataSet: 74
42.5390625 -49.21875 -7.294921875 1.142578125 -3.84225666628076 21.4453125 -96.240234375
504.598 297.799 -112.353 596.596
-0.004739875 -0.3699252 0.9290494 504.5981 0.02696085 0.9286749 0.3699136 297.799 -0.9996253 0.0268013 0.005571694 -112.3526 0 0 0 1
DataSet: 75
35.068359375 -37.96875 -7.294921875 1.142578125 -2.58455489051223 26.103515625 -71.71875
502.376 286.573 -116.197 589.922
0.3104599 -0.4410294 0.8420854 502.3764 0.1806955 0.8970871 0.4032169 286.5727 -0.9332544 0.02697837 0.3582015 -116.1968 0 0 0 1
DataSet: 76
36.474609375 -38.056640625 -7.3828125 1.142578125 -1.99422091154947 25.400390625 -67.1484375
503.242 288.211 -131.229 594.591
0.3578134 -0.4291698 0.8293267 503.2417 0.1985438 0.9027852 0.3815221 288.2114 -0.9124417 0.02814396 0.4082377 -131.2289 0 0 0 1
DataSet: 77
-43.41796875 50.09765625 -7.822265625 1.142578125 -2.1059364087633 24.08203125 -92.8125
490.432 289.678 150.938 589.253
-0.1803251 -0.3996813 0.8987423 490.4316 0.01669471 0.9123456 0.4090805 289.6781 -0.9834654 0.08877172 -0.1578462 150.938 0 0 0 1
DataSet: 78
-40.166015625 50.09765625 -7.470703125 1.142578125 -5.28889813502766 26.3671875 -68.115234375
489.173 284.046 142.405 583.311
0.1531964 -0.4199887 0.8945057 489.1727 0.2503727 0.8921517 0.3760037 284.0458 -0.9559521 0.1663574 0.2418281 142.4054 0 0 0 1
DataSet: 79
-39.814453125 50.185546875 -7.734375 1.142578125 -2.46615462963888 25.927734375 -69.2578125
489.133 285.148 123.204 579.431
0.1269448 -0.4207145 0.8982674 489.1334 0.1949503 0.8985133 0.3932789 285.1481 -0.9725633 0.1251928 0.1960799 123.2037 0 0 0 1
DataSet: 80
-35.5078125 47.63671875 -7.294921875 1.142578125 -3.54119053144662 28.212890625 -72.94921875
488.696 280.327 107.378 573.531
0.03439295 -0.4476286 0.8935579 488.6962 0.1974056 0.8795146 0.4329955 280.3274 -0.9797184 0.1615013 0.1186135 107.3775 0 0 0 1
DataSet: 81
-33.3984375 47.63671875 -7.119140625 1.142578125 -3.78287490641362 28.828125 -68.994140625
489.497 279.198 91.338 570.878
0.05874796 -0.4495836 0.8913043 489.4969 0.2340598 0.8741614 0.4255091 279.198 -0.9704456 0.1836207 0.1565847 91.33772 0 0 0 1
DataSet: 82
-32.255859375 47.63671875 -7.294921875 1.142578125 -2.71788793396621 28.65234375 -70.3125
490.407 279.277 75.797 569.420
0.01812482 -0.4478576 0.8939211 490.4069 0.2060013 0.8765581 0.4349819 279.2767 -0.9783838 0.1762649 0.1081467 75.79732 0 0 0 1
DataSet: 83
-30.498046875 47.724609375 -6.943359375 1.142578125 -4.38153075281298 29.53125 -58.18359375
490.844 277.620 70.128 568.259
0.1745889 -0.446835 0.8774151 490.844 0.3240143 0.8675441 0.3773354 277.6196 -0.9298029 0.2184165 0.2962445 70.12827 0 0 0 1
DataSet: 84
39.7265625 -58.18359375 -7.55859375 0.703125 -4.89426118586769 21.97265625 -100.458984375
488.969 294.972 -34.733 572.106
0.1402084 -0.3804705 0.9141027 488.9689 0.01622463 0.9239812 0.3820935 294.9717 -0.9899891 -0.03874174 0.1357229 -34.73318 0 0 0 1
DataSet: 85
41.1328125 -55.810546875 -7.294921875 0.703125 -7.46332956940033 22.5 -98.525390625
486.397 293.313 -45.702 569.828
0.1056704 -0.4003371 0.9102549 486.3974 0.07220503 0.9160526 0.3945048 293.313 -0.9917763 0.02403748 0.125706 -45.7019 0 0 0 1
DataSet: 86
43.06640625 -55.810546875 -7.294921875 0.703125 -6.996078367169 22.412109375 -90.17578125
485.620 293.857 -64.556 571.267
0.2043135 -0.3963673 0.8950692 485.6201 0.1206398 0.9175823 0.378799 293.8567 -0.9714432 0.03058724 0.2352922 -64.55554 0 0 0 1
DataSet: 87
42.5390625 -55.107421875 -7.55859375 0.703125 -3.38932307445635 23.5546875 -92.197265625
485.277 291.807 -85.450 572.666
0.1708914 -0.4022287 0.8994488 485.2766 0.04378203 0.9150757 0.4008986 291.8067 -0.9843166 -0.02913043 0.173989 -85.45006 0 0 0 1
DataSet: 88
44.47265625 -55.107421875 -7.646484375 0.703125 -3.0362574488168 23.115234375 -91.58203125
484.868 292.611 -103.271 575.659
0.1472531 -0.3951007 0.9067591 484.8676 0.04212445 0.918426 0.3933435 292.6112 -0.9882014 -0.01972434 0.1518845 -103.2711 0 0 0 1
DataSet: 89
46.23046875 -55.458984375 -7.646484375 0.703125 -1.86703900161133 22.67578125 -91.93359375
484.531 293.957 -122.405 579.796
0.1173584 -0.3857128 0.9151244 484.5313 0.01956079 0.9222113 0.3861913 293.9565 -0.992897 -0.02742224 0.1157741 -122.4048 0 0 0 1
DataSet: 90
48.603515625 -55.458984375 -7.55859375 0.703125 -2.2143382768474 21.97265625 -90.3515625
482.890 295.927 -139.885 583.373
0.1014424 -0.3758492 0.9211117 482.8902 0.03634302 0.92667 0.3741147 295.9274 -0.9941773 -0.004475127 0.1076632 -139.8849 0 0 0 1
DataSet: 91
50.80078125 -55.37109375 -7.55859375 0.703125 -2.44377842951975 21.09375 -78.134765625
482.196 297.873 -157.039 588.134
0.2571263 -0.3617586 0.896112 482.1956 0.1156589 0.9321443 0.3431182 297.8729 -0.9594316 0.01541861 0.2815194 -157.039 0 0 0 1
DataSet: 92
-48.603515625 61.34765625 -7.822265625 0.791015625 -3.38277201441833 22.5 -77.607421875
480.110 293.205 139.806 579.673
-0.03429042 -0.3592963 0.9325933 480.1104 0.1396155 0.9222698 0.3604524 293.2051 -0.9896119 0.1425646 0.01853831 139.8061 0 0 0 1
DataSet: 93
-45 60.205078125 -7.119140625 0.791015625 -7.39896603332824 26.103515625 -68.90625
476.086 285.013 141.907 572.737
0.06132609 -0.3910901 0.9183069 476.086 0.2771819 0.8905234 0.3607469 285.013 -0.9588583 0.2324149 0.1630154 141.9066 0 0 0 1
DataSet: 94
-45 60.556640625 -7.470703125 0.791015625 -4.21962868602516 25.048828125 -69.697265625
476.421 288.076 121.776 569.907
0.04141725 -0.3875111 0.9209341 476.421 0.2155185 0.9034916 0.3704791 288.076 -0.975621 0.1831341 0.120936 121.7756 0 0 0 1
DataSet: 95
-43.41796875 61.962890625 -6.85546875 0.791015625 -7.05089007912392 26.3671875 -63.544921875
476.361 285.700 118.213 567.907
0.09048387 -0.3826555 0.9194496 476.3606 0.3062553 0.8891905 0.3399234 285.6996 -0.9476394 0.2508287 0.1976476 118.213 0 0 0 1
DataSet: 96
-44.12109375 63.10546875 -7.294921875 0.791015625 -3.04285772012717 24.2578125 -61.69921875
477.261 291.311 93.707 566.941
0.1127743 -0.3702402 0.9220651 477.2612 0.2412442 0.9104206 0.3360588 291.3114 -0.9638896 0.1845441 0.1919903 93.70706 0 0 0 1
DataSet: 97
-41.748046875 63.28125 -6.943359375 0.791015625 -5.28191122212249 25.751953125 -57.216796875
477.508 288.038 87.440 564.469
0.1413682 -0.3704172 0.9180447 477.5081 0.3116472 0.8968589 0.313879 288.0381 -0.9396228 0.2417336 0.2422268 87.4399 0 0 0 1
DataSet: 98
-34.892578125 54.31640625 -6.943359375 0.791015625 -1.89490355835002 29.53125 -58.53515625
473.019 278.354 63.384 552.491
0.1345567 -0.452596 0.8815052 473.0194 0.2853442 0.8696112 0.4029331 278.3542 -0.9489326 0.1973151 0.2461576 63.38388 0 0 0 1
DataSet: 99
-32.51953125 55.986328125 -6.591796875 0.703125 -4.74205830796107 29.970703125 -61.435546875
476.628 277.664 50.915 553.953
0.02760763 -0.426441 0.904094 476.6277 0.3106516 0.8633156 0.3977206 277.6645 -0.9501228 0.2698781 0.1563087 50.91478 0 0 0 1
DataSet: 100
-33.22265625 57.65625 -6.767578125 0.703125 -1.76995973615227 28.037109375 -39.638671875
476.171 283.610 30.428 555.067
0.3492306 -0.4139484 0.8406454 476.1711 0.3815036 0.8822222 0.2759329 283.6099 -0.855858 0.224345 0.4660218 30.42805 0 0 0 1
DataSet: 101
-34.189453125 60.556640625 -6.85546875 0.791015625 -0.821772656043258 25.751953125 -41.923828125
478.888 289.751 14.909 559.921
0.2934306 -0.3806785 0.8769164 478.8875 0.3328141 0.9005908 0.2795908 289.7512 -0.896177 0.2098097 0.3909561 14.90908 0 0 0 1
DataSet: 102
-33.486328125 61.083984375 -6.85546875 0.791015625 0.468320787370243 24.43359375 -43.154296875
480.891 293.241 -3.309 563.256
0.2579541 -0.3674334 0.8935617 480.8913 0.2961546 0.9104109 0.2888677 293.2413 -0.9196479 0.1901177 0.3436613 -3.308974 0 0 0 1
DataSet: 103
-32.6953125 61.259765625 -6.85546875 0.791015625 2.21886401285081 23.115234375 -43.681640625
481.962 296.304 -23.160 566.233
0.236013 -0.3596285 0.9027542 481.9622 0.2569579 0.9190276 0.2989331 296.3036 -0.9371609 0.1614177 0.3093118 -23.15987 0 0 0 1
DataSet: 104
-27.59765625 53.4375 -6.591796875 0.791015625 2.58905122125811 26.89453125 -52.3828125
481.017 287.479 -21.789 560.800
0.1263317 -0.4224191 0.8975536 481.0175 0.2400434 0.8909304 0.3855156 287.4787 -0.9625068 0.166749 0.2139517 -21.78926 0 0 0 1
DataSet: 105
-24.9609375 55.1953125 -6.328125 0.791015625 -3.18121070636239 27.421875 -53.4375
488.777 286.985 -22.763 567.257
0.04761776 -0.3692648 0.9281035 488.7765 0.3184931 0.8862718 0.3362804 286.9846 -0.9467284 0.2795816 0.1598105 -22.76317 0 0 0 1
DataSet: 106
-23.73046875 53.7890625 -6.50390625 0.791015625 -0.822702554611487 26.279296875 -48.33984375
490.145 289.864 -41.239 570.933
0.1307882 -0.3735039 0.9183623 490.1449 0.3049957 0.8965541 0.3211985 289.8645 -0.9433303 0.2380876 0.2311758 -41.23941 0 0 0 1
DataSet: 107
31.728515625 -68.73046875 -8.701171875 0.791015625 -0.815217794931864 21.533203125 -113.642578125
469.167 292.136 62.979 556.262
0.2413702 -0.3039642 0.9215998 469.1667 -0.1341457 0.9301109 0.3419045 292.136 -0.9611167 -0.2061542 0.1837256 62.97926 0 0 0 1
DataSet: 108
35.859375 -68.203125 -7.998046875 0.791015625 -6.97338399227959 20.478515625 -107.40234375
461.006 295.136 60.433 550.712
0.2635282 -0.357649 0.8959019 461.0059 0.01199026 0.9298736 0.3676838 295.1357 -0.9645772 -0.08615294 0.2493362 60.43331 0 0 0 1
DataSet: 109
38.408203125 -70.576171875 -7.822265625 5.888671875 -8.25903337186521 21.09375 -94.130859375
452.163 293.577 56.432 542.055
0.3784043 -0.382037 0.8431239 452.1628 0.1176194 0.9233165 0.3655849 293.5771 -0.9181372 -0.03917114 0.3943219 56.43192 0 0 0 1
DataSet: 110
37.177734375 -70.576171875 -8.26171875 5.888671875 -2.33678190451031 23.37890625 -94.833984375
454.840 289.452 29.470 539.936
0.3918992 -0.3692305 0.8426647 454.8403 0.007217256 0.9171374 0.3985057 289.4521 -0.9199799 -0.1500923 0.3620903 29.46973 0 0 0 1
DataSet: 111
36.38671875 -65.21484375 -7.91015625 5.888671875 -5.17140743110094 26.3671875 -96.767578125
449.421 282.175 19.314 531.013
0.2900729 -0.440476 0.8496109 449.4205 0.0373843 0.8923192 0.4498542 282.1747 -0.9562741 -0.0987284 0.2753045 19.31425 0 0 0 1
DataSet: 112
38.49609375 -66.4453125 -7.91015625 5.888671875 -3.29249673098883 26.54296875 -98.0859375
449.331 282.460 -1.931 530.741
0.255974 -0.43345 0.8640593 449.3315 -0.005889755 0.8931228 0.4497744 282.4603 -0.9666657 -0.1202196 0.2260633 -1.93052 0 0 0 1
DataSet: 113
41.30859375 -67.67578125 -7.91015625 5.888671875 -3.17128659664128 26.015625 -96.591796875
448.505 283.944 -17.999 531.135
0.2513418 -0.4282905 0.867983 448.5049 0.004681587 0.8972982 0.4414 283.9443 -0.967887 -0.1068788 0.2275337 -17.99875 0 0 0 1
DataSet: 114
43.154296875 -67.763671875 -7.822265625 5.888671875 -2.23384569045599 26.455078125 -86.044921875
446.899 283.373 -37.783 530.515
0.3780477 -0.433127 0.8182182 446.8986 0.06958967 0.8946036 0.4414088 283.3726 -0.9231669 -0.109934 0.368344 -37.78319 0 0 0 1
DataSet: 115
43.76953125 -65.91796875 -7.646484375 5.888671875 -2.00346813122984 27.509765625 -89.12109375
445.506 281.226 -54.041 529.607
0.2927799 -0.4521066 0.8425435 445.5059 0.0420367 0.88639 0.4610269 281.2256 -0.9552554 -0.09956163 0.2785222 -54.04071 0 0 0 1
DataSet: 116
47.4609375 -68.37890625 -7.734375 5.888671875 -1.40979919797062 26.103515625 -90.52734375
444.657 284.869 -72.201 532.994
0.251267 -0.4306727 0.8668252 444.6568 0.02055372 0.8977287 0.4400689 284.8693 -0.9676996 -0.09275831 0.2344215 -72.20066 0 0 0 1
DataSet: 117
47.548828125 -66.181640625 -7.646484375 5.888671875 -0.588794635512882 27.158203125 -85.60546875
444.097 282.403 -89.200 533.788
0.2863548 -0.4472213 0.8473453 444.0966 0.04521903 0.8897026 0.4542956 282.4029 -0.957056 -0.09177358 0.2749935 -89.20035 0 0 0 1
DataSet: 118
54.404296875 -67.67578125 -7.470703125 5.888671875 -5.4979334932998 24.08203125 -82.08984375
442.067 289.949 -104.389 538.879
0.2505989 -0.4159012 0.8742004 442.0672 0.150795 0.9087622 0.389117 289.9492 -0.9562746 0.03431271 0.2904507 -104.3892 0 0 0 1
DataSet: 119
51.328125 -62.841796875 -7.294921875 5.888671875 -4.00340509366874 27.158203125 -82.705078125
439.794 283.193 -115.864 535.763
0.2090233 -0.4603398 0.8627842 439.7938 0.1270676 0.8875785 0.4427846 283.1933 -0.96962 0.0170796 0.2440189 -115.8641 0 0 0 1
DataSet: 120
54.931640625 -64.6875 -7.3828125 5.888671875 -3.517746146533 25.224609375 -83.14453125
440.260 288.266 -135.735 543.461
0.1743622 -0.4289411 0.8863449 440.2595 0.1116928 0.9029396 0.4149998 288.2662 -0.9783264 0.02663805 0.2053481 -135.7354 0 0 0 1
DataSet: 121
55.37109375 -64.51171875 -7.3828125 5.888671875 -0.586549085724531 25.400390625 -70.224609375
439.367 288.389 -156.483 548.360
0.35843 -0.4287752 0.8292646 439.3671 0.154751 0.903285 0.4001603 288.389 -0.9206411 -0.01509992 0.3901179 -156.4831 0 0 0 1
DataSet: 122
35.15625 -76.904296875 -8.7890625 5.888671875 -0.814269031428972 20.830078125 -115.13671875
447.523 293.327 72.821 540.019
0.2097605 -0.2959774 0.9318787 447.5231 -0.1381701 0.9345447 0.3279255 293.3267 -0.9679409 -0.1975436 0.1551354 72.82059 0 0 0 1
DataSet: 123
39.638671875 -76.201171875 -8.173828125 5.888671875 -6.509662389779 20.56640625 -105.46875
439.079 294.491 63.869 532.535
0.279144 -0.3562917 0.8917033 439.0786 0.01617383 0.9302293 0.3666221 294.4906 -0.960113 -0.08791814 0.2654306 63.86885 0 0 0 1
DataSet: 124
35.771484375 -71.982421875 -8.349609375 5.888671875 -2.93259175239079 25.400390625 -106.611328125
437.785 283.740 43.548 523.508
0.263412 -0.3935944 0.880737 437.7849 -0.07343836 0.9021494 0.4251274 283.7398 -0.9618841 -0.1766635 0.208732 43.54789 0 0 0 1
DataSet: 125
41.8359375 -75.5859375 -8.173828125 5.888671875 -4.67079173930381 23.115234375 -104.501953125
435.731 289.669 27.592 523.957
0.2510701 -0.3820741 0.8893723 435.7313 -0.01914512 0.9166628 0.3992027 289.669 -0.9677796 -0.117255 0.2228318 27.59242 0 0 0 1
DataSet: 126
38.232421875 -70.400390625 -7.998046875 5.888671875 -2.83008905424582 27.7734375 -100.458984375
432.965 278.732 11.507 515.056
0.292691 -0.4371581 0.8504262 432.9651 -0.03593238 0.883718 0.4666385 278.732 -0.9555317 -0.1671387 0.2429482 11.50653 0 0 0 1
DataSet: 127
41.8359375 -71.806640625 -7.822265625 5.888671875 -3.17993005111976 27.24609375 -102.919921875
430.912 280.912 -6.733 514.434
0.2179385 -0.4380898 0.8721125 430.9122 -0.04813704 0.8876795 0.4579389 280.9117 -0.9747747 -0.1417834 0.1723712 -6.732779 0 0 0 1
DataSet: 128
42.978515625 -70.751953125 -7.646484375 5.888671875 -2.95106385102423 28.212890625 -96.6796875
429.247 278.965 -23.090 512.452
0.2756621 -0.4555906 0.8464323 429.2465 -0.003783078 0.8800285 0.4749058 278.9648 -0.9612471 -0.1341156 0.240867 -23.09039 0 0 0 1
DataSet: 129
47.109375 -71.3671875 -7.55859375 5.888671875 -5.06282121683506 27.158203125 -93.603515625
426.866 281.572 -38.207 512.794
0.2610128 -0.4579352 0.8498045 426.8664 0.05949676 0.8862783 0.4593158 281.5721 -0.9635001 -0.06932665 0.2585756 -38.207 0 0 0 1
DataSet: 130
51.416015625 -73.740234375 -7.734375 5.888671875 -4.34154640405117 25.576171875 -92.197265625
426.615 285.472 -60.358 516.853
0.2491016 -0.4333904 0.8660954 426.6149 0.05914177 0.8994238 0.4330578 285.4717 -0.9666699 -0.05665298 0.2496794 -60.35813 0 0 0 1
DataSet: 131
49.130859375 -68.466796875 -7.20703125 5.888671875 -4.84757816026472 28.916015625 -89.296875
423.151 278.114 -70.270 511.216
0.2420315 -0.4874726 0.8389226 423.1514 0.09041131 0.8721983 0.4807242 278.1137 -0.9660469 -0.04050234 0.2551726 -70.27035 0 0 0 1
DataSet: 132
59.765625 -77.87109375 -7.55859375 5.888671875 -3.84748335765966 22.236328125 -88.154296875
424.614 294.817 -99.466 526.410
0.2399894 -0.3830011 0.8920287 424.6138 0.07922691 0.9235446 0.3752178 294.8166 -0.9675372 -0.0193756 0.2519849 -99.46645 0 0 0 1
DataSet: 133
58.095703125 -72.59765625 -7.119140625 5.888671875 -5.74594135083414 25.3125 -83.056640625
419.376 288.185 -107.107 519.998
0.2551932 -0.4362875 0.8628613 419.3757 0.1508099 0.8994473 0.410184 288.1846 -0.9550564 0.02545188 0.2953294 -107.1073 0 0 0 1
DataSet: 134
61.171875 -74.267578125 -7.3828125 5.888671875 -4.20796897001855 23.642578125 -85.95703125
420.435 292.053 -128.092 527.701
0.1886216 -0.4062943 0.894062 420.4354 0.1013925 0.9135955 0.3937801 292.0533 -0.9768016 0.01637574 0.2135191 -128.0923 0 0 0 1
DataSet: 135
60.8203125 -72.685546875 -7.470703125 5.888671875 -1.99136094742085 24.697265625 -75.322265625
419.091 289.671 -146.989 530.238
0.3292333 -0.4188398 0.8462734 419.0913 0.1394199 0.9079794 0.3951398 289.671 -0.9338991 -0.01210582 0.3573317 -146.9889 0 0 0 1
DataSet: 136
66.357421875 -73.037109375 -6.85546875 5.888671875 -6.64035390365675 21.884765625 -59.677734375
418.652 297.257 -157.721 537.129
0.4799721 -0.3741869 0.7934803 418.6523 0.2867384 0.9217104 0.2612107 297.2571 -0.8291006 0.1021474 0.5496891 -157.721 0 0 0 1
DataSet: 137
39.7265625 -82.44140625 -8.61328125 5.888671875 -2.3241318440599 20.21484375 -117.94921875
429.149 295.194 70.024 525.558
0.1809228 -0.2994008 0.936817 429.1486 -0.1259955 0.9376316 0.323994 295.1941 -0.9753933 -0.1766526 0.1319158 70.02369 0 0 0 1
DataSet: 138
-54.404296875 71.455078125 -7.294921875 5.888671875 -1.8875592546471 27.94921875 -62.2265625
425.550 281.525 135.437 527.913
0.03720795 -0.4202831 0.9066299 425.5499 0.2474231 0.882884 0.3991211 281.5249 -0.9681929 0.2094707 0.136838 135.437 0 0 0 1
DataSet: 139
-52.822265625 71.103515625 -7.20703125 5.888671875 -0.590368450120942 28.30078125 -60.556640625
424.983 281.037 119.609 523.353
0.03930579 -0.4288238 0.9025326 424.983 0.2420106 0.8804241 0.4077796 281.0372 -0.9694771 0.2023944 0.1383857 119.6088 0 0 0 1
DataSet: 140
-52.3828125 72.94921875 -7.119140625 5.888671875 -0.588912427834749 27.24609375 -55.37109375
428.253 284.472 105.091 524.756
0.08694037 -0.405802 0.9098165 428.2527 0.2686003 0.8890014 0.370851 284.4721 -0.9593202 0.212135 0.1862886 105.0914 0 0 0 1
DataSet: 141
-50.361328125 72.59765625 -7.03125 5.888671875 -0.471997976171613 28.037109375 -55.986328125
428.235 282.588 93.022 521.435
0.04573358 -0.4111136 0.9104362 428.2349 0.2697573 0.8826134 0.3849995 282.5885 -0.9618417 0.2279894 0.151266 93.0219 0 0 0 1
DataSet: 142
-50.80078125 75.41015625 -7.03125 5.888671875 0 25.927734375 -50.09765625
430.989 288.535 75.181 524.077
0.1077656 -0.3767439 0.9200275 430.989 0.2804793 0.8993462 0.3354217 288.5353 -0.9537913 0.2219018 0.2025874 75.18104 0 0 0 1
DataSet: 143
-45.791015625 70.6640625 -6.6796875 5.888671875 -0.474381565162944 30.05859375 -53.0859375
429.035 278.048 72.847 516.419
0.03905048 -0.4267466 0.9035278 429.0355 0.3074494 0.8654839 0.3954901 278.0481 -0.9507628 0.262345 0.1650005 72.84706 0 0 0 1
DataSet: 144
-44.912109375 70.83984375 -6.591796875 5.888671875 1.06495280100822 29.1796875 -52.294921875
429.439 281.086 55.907 516.288
0.03379364 -0.4228467 0.9055709 429.439 0.2834282 0.8729442 0.3970352 281.0865 -0.9583979 0.2432471 0.1493466 55.90733 0 0 0 1
DataSet: 145
-43.681640625 70.576171875 -6.50390625 5.888671875 1.41868875599055 28.828125 -49.482421875
431.722 282.489 45.125 517.900
0.06281636 -0.4171284 0.9066741 431.7222 0.2943484 0.8758016 0.382532 282.489 -0.9536316 0.2428488 0.1777957 45.12497 0 0 0 1
DataSet: 146
-39.0234375 66.62109375 -6.064453125 5.888671875 2.37969874472035 31.2890625 -48.8671875
430.211 276.614 29.696 512.326
0.04579958 -0.4527291 0.8904711 430.2106 0.3100677 0.853821 0.418148 276.6136 -0.9496107 0.2569553 0.1794813 29.69581 0 0 0 1
DataSet: 147
-41.66015625 72.333984375 -6.416015625 5.888671875 1.88261399219673 26.806640625 -45.791015625
435.997 288.652 13.664 523.068
0.06694955 -0.3796981 0.9226847 435.9972 0.2907409 0.8920518 0.3459962 288.6516 -0.9544566 0.2450979 0.1701162 13.66416 0 0 0 1
DataSet: 148
-39.111328125 71.630859375 -6.328125 5.888671875 1.52993625868253 26.89453125 -41.396484375
439.064 288.851 -0.979 525.560
0.1079437 -0.3692563 0.9230374 439.0641 0.3215545 0.8915228 0.3190452 288.8507 -0.9407183 0.2623679 0.2149703 -0.9785839 0 0 0 1
DataSet: 149
-36.03515625 70.3125 -6.240234375 5.888671875 1.17781708031463 27.24609375 -38.759765625
442.140 288.292 -16.400 528.081
0.1213176 -0.3616385 0.9243915 442.1403 0.3440484 0.8888605 0.302585 288.2919 -0.9310815 0.2813265 0.2322556 -16.40034 0 0 0 1
DataSet: 150
-35.859375 70.3125 -6.240234375 5.888671875 3.86599610546229 24.78515625 -37.44140625
442.664 294.319 -38.268 532.954
0.1422352 -0.3591513 0.9223771 442.6645 0.2911006 0.9058202 0.3078152 294.3193 -0.94606 0.2247224 0.2333887 -38.26768 0 0 0 1
DataSet: 151
-30.5859375 66.09375 -6.064453125 5.888671875 2.35796001561163 27.685546875 -34.892578125
445.773 287.610 -44.917 532.400
0.1565313 -0.3726258 0.9146846 445.7727 0.3572345 0.8847611 0.2993015 287.6097 -0.9208048 0.2799068 0.2716076 -44.91657 0 0 0 1
DataSet: 152
-19.6875 10.546875 0 5.888671875 -7.27946183769013 16.34765625 -113.291015625
