DataSet: 1
-1.7578125 2.63671875 2.109375 1.58203125 1.14682077391892 -7.294921875 -70.927734375 0.87890625
845.874 245.241 -31.422 881.268
-0.7505618 0.4847531 0.4490785 845.874 0.3974526 0.8740975 -0.279258 245.2412 -0.5279096 -0.03111299 -0.8487305 -31.42183 0 0 0 1
DataSet: 2
-1.7578125 2.63671875 2.021484375 1.58203125 10.0870241541151 -7.55859375 -73.740234375 7.734375
844.923 240.397 -72.493 881.443
-0.7729083 0.481395 0.4133663 844.9233 0.3200302 0.8582886 -0.4011499 240.3967 -0.5478991 -0.1777624 -0.8174393 -72.49348 0 0 0 1
DataSet: 3
-1.7578125 2.63671875 2.021484375 1.58203125 9.05784279036016 -7.822265625 -72.421875 6.943359375
846.290 240.564 -67.831 882.428
-0.7610092 0.4862525 0.4294455 846.2903 0.3256995 0.8588647 -0.3953117 240.5638 -0.5610569 -0.1609657 -0.8119761 -67.83085 0 0 0 1
DataSet: 4
-1.7578125 2.63671875 2.021484375 1.58203125 7.90659663766947 -6.416015625 -72.861328125 6.064453125
840.503 244.583 -62.711 877.610
-0.773804 0.4656481 0.4294173 840.5031 0.3235045 0.8733683 -0.3641054 244.5826 -0.5445845 -0.1428278 -0.8264551 -62.71094 0 0 0 1
DataSet: 5
-1.7578125 2.63671875 2.021484375 1.58203125 7.10337673126534 -5.888671875 -76.46484375 5.44921875
838.398 246.267 -58.875 875.800
-0.8027306 0.4581662 0.3817164 838.3983 0.3466819 0.8793545 -0.3264159 246.2672 -0.4852168 -0.1296898 -0.8647226 -58.87473 0 0 0 1
DataSet: 6
-1.7578125 2.63671875 2.021484375 1.58203125 5.84153081934728 -4.921875 -77.783203125 4.482421875
834.476 249.029 -52.922 872.448
-0.8176398 0.4441921 0.3662766 834.4756 0.352784 0.8893139 -0.2909712 249.0289 -0.454982 -0.1086931 -0.8838423 -52.92197 0 0 0 1
DataSet: 7
-1.7578125 2.63671875 2.021484375 1.58203125 5.04018630465055 -5.009765625 -80.244140625 3.8671875
835.055 249.188 -49.041 872.821
-0.831712 0.4462418 0.3303383 835.0551 0.3730955 0.8898318 -0.2626766 249.188 -0.4111628 -0.09522354 -0.9065747 -49.04134 0 0 0 1
DataSet: 8
-1.7578125 2.63671875 2.021484375 1.58203125 4.00973094776119 -5.185546875 -79.453125 3.076171875
836.067 249.156 -44.214 873.523
-0.8254651 0.4498533 0.3409388 836.0673 0.3808957 0.8896973 -0.2517084 249.1559 -0.4165642 -0.07791445 -0.9057614 -44.21448 0 0 0 1
DataSet: 9
-1.7578125 2.63671875 2.021484375 1.58203125 2.97815749188695 -4.5703125 -79.98046875 2.28515625
833.620 250.735 -39.233 871.395
-0.8325222 0.4411325 0.3351254 833.6202 0.3832284 0.8954173 -0.2266361 250.7348 -0.4000537 -0.06025002 -0.9145092 -39.23259 0 0 0 1
DataSet: 10
-1.7578125 2.63671875 2.021484375 1.58203125 2.06180322407804 -4.482421875 -79.365234375 1.58203125
833.453 251.068 -34.878 871.146
-0.8291492 0.4405405 0.3441447 833.4528 0.3873148 0.8966216 -0.2146086 251.068 -0.4031114 -0.04465025 -0.914061 -34.87829 0 0 0 1
DataSet: 11
-1.7578125 2.63671875 2.021484375 1.58203125 1.03092237250148 -4.482421875 -79.541015625 0.791015625
833.701 251.143 -29.954 871.221
-0.8298155 0.4414222 0.3413981 833.7006 0.3965325 0.8968892 -0.1958359 251.1434 -0.3926426 -0.02713227 -0.9192908 -29.95358 0 0 0 1
DataSet: 12
-1.7578125 2.63671875 2.021484375 1.58203125 -0.114557592417065 -4.74609375 -80.068359375 -0.087890625
835.132 250.552 -24.534 872.252
-0.8306292 0.4465181 0.3326811 835.1323 0.4112083 0.8947397 -0.1742084 250.5517 -0.3754502 -0.007901344 -0.9268089 -24.53354 0 0 0 1
DataSet: 13
-1.7578125 2.63671875 2.021484375 1.58203125 -1.03107377196845 -4.921875 -80.15625 -0.791015625
836.121 250.065 -20.219 872.948
-0.8295277 0.4500377 0.3306808 836.1205 0.4211221 0.8929784 -0.1588888 250.0648 -0.3667968 0.007454346 -0.9302712 -20.21893 0 0 0 1
DataSet: 14
-1.7578125 2.63671875 2.021484375 1.58203125 -2.06180322407804 -4.482421875 -81.123046875 -1.58203125
834.447 250.787 -15.138 871.450
-0.8377046 0.444067 0.3178924 834.447 0.4250756 0.895633 -0.1309665 250.7873 -0.3428728 0.02541705 -0.9390379 -15.13803 0 0 0 1
DataSet: 15
-1.7578125 2.63671875 2.021484375 1.58203125 -3.09162059018459 -3.33984375 -80.947265625 -2.373046875
829.664 252.844 -9.817 867.392
-0.8442372 0.4270276 0.3238996 829.6635 0.4158037 0.9031473 -0.1069218 252.8444 -0.3381876 0.0444113 -0.9400302 -9.817014 0 0 0 1
DataSet: 16
-1.7578125 2.63671875 2.021484375 1.58203125 -4.12205413343362 -3.427734375 -82.44140625 -3.1640625
830.306 252.249 -4.851 867.791
-0.8513747 0.4292977 0.3014374 830.3057 0.4266012 0.90104 -0.07834755 252.2494 -0.3052416 0.06189043 -0.9502617 -4.850852 0 0 0 1
DataSet: 17
-1.7578125 2.63671875 2.021484375 1.58203125 -5.15193931864563 -3.1640625 -83.056640625 -3.955078125
829.390 252.271 0.216 866.908
-0.8559659 0.4260281 0.2929548 829.3904 0.4300846 0.9011783 -0.05389743 252.2709 -0.2869663 0.07986098 -0.954606 0.2159238 0 0 0 1
DataSet: 18
-1.7578125 2.63671875 2.021484375 1.58203125 -6.18187105499339 -3.1640625 -82.705078125 -4.74609375
829.637 251.669 5.121 866.983
-0.8537278 0.4269103 0.2981549 829.6366 0.4362034 0.8990343 -0.03826222 251.6687 -0.284386 0.09739065 -0.9537503 5.121209 0 0 0 1
DataSet: 19
-1.7578125 2.63671875 2.021484375 1.58203125 -7.09688661812829 -2.98828125 -82.705078125 -5.44921875
829.078 251.402 9.569 866.409
-0.854555 0.4249205 0.2986273 829.0781 0.4392508 0.8981194 -0.02098073 251.4021 -0.2771181 0.1132431 -0.9541392 9.568704 0 0 0 1
DataSet: 20
-1.7578125 2.63671875 2.021484375 1.58203125 -8.01238000162001 -3.251953125 -82.705078125 -6.15234375
830.463 250.185 13.771 867.439
-0.8523508 0.4298538 0.2978656 830.4626 0.4485222 0.8937493 -0.006322692 250.1852 -0.268935 0.1282102 -0.9545869 13.77067 0 0 0 1
