DataSet_1
0.05283849686384201 0.6830906867980957 0.7284196019172668 25.738555908203125 
0.07333201169967651 -0.7301233410835266 0.6793690323829651 -104.74251556396484 
0.9959068298339844 0.017519623041152954 -0.08867104351520538 -1390.2642822265625 
0.0 0.0 0.0 1.0

DataSet_2
0.04050536826252937 0.7317119836807251 0.6804093718528748 7.248504638671875 
-0.06099069491028786 -0.6778877973556519 0.7326310873031616 -82.11502838134766 
0.9973161220550537 -0.07117415219545364 0.01716955192387104 -1387.621826171875 
0.0 0.0 0.0 1.0

DataSet_3
0.14137977361679077 0.7731146812438965 0.6183086633682251 -30.40239715576172 
0.07709547877311707 -0.6312839984893799 0.7717102766036987 -20.729005813598633 
0.9869488477706909 -0.061435431241989136 -0.14885443449020386 -1402.6484375 
0.0 0.0 0.0 1.0

DataSet_4
-0.05129385367035866 0.5856887102127075 0.8089114427566528 10.532814025878906 
-0.16319163143634796 -0.8040061593055725 0.5717889070510864 -216.3346405029297 
0.9852600693702698 -0.1026783436536789 0.13682006299495697 -1381.0640869140625 
0.0 0.0 0.0 1.0

DataSet_5
0.050905633717775345 0.587475597858429 0.8076391816139221 -50.05381774902344 
-0.19555926322937012 -0.7871689200401306 0.5849117040634155 -177.9594268798828 
0.9793697595596313 -0.18771666288375854 0.07481496781110764 -1372.987060546875 
0.0 0.0 0.0 1.0

DataSet_6
0.08129799365997314 0.7459343671798706 0.6610389947891235 -28.774185180664062 
-0.007144093047827482 -0.6627812385559082 0.7487789988517761 1.1797914505004883 
0.9966642260551453 -0.06559672951698303 -0.04855376109480858 -1402.6754150390625 
0.0 0.0 0.0 1.0

DataSet_7
0.12432339042425156 0.8910226225852966 0.43660321831703186 -60.962310791015625 
-0.004300504922866821 -0.4395289719104767 0.8982180953025818 59.691566467285156 
0.9922324419021606 -0.11354714632034302 -0.05081186443567276 -1370.057373046875 
0.0 0.0 0.0 1.0

DataSet_8
0.16421100497245789 0.6155610680580139 0.7707913517951965 20.65637969970703 
0.07035604864358902 -0.7867173552513123 0.6132909655570984 -36.855255126953125 
0.983913004398346 -0.04647931829094887 -0.17249608039855957 -1426.4918212890625 
0.0 0.0 0.0 1.0

DataSet_9
0.022065361961722374 0.7832266092300415 0.6213446855545044 74.88165283203125 
-0.05951445922255516 -0.6193647980690002 0.7828443646430969 -57.74375915527344 
0.9979835748672485 -0.054252739995718 0.032946787774562836 -1436.485107421875 
0.0 0.0 0.0 1.0

DataSet_10
0.22041398286819458 0.6216064095497131 0.7516802549362183 -72.42264556884766 
-0.24216802418231964 -0.7116303443908691 0.6594974398612976 -52.15703582763672 
0.9448662996292114 -0.32739540934562683 -0.006320107728242874 -1419.590576171875 
0.0 0.0 0.0 1.0

DataSet_11
0.17746660113334656 0.7363937497138977 0.6528628468513489 -71.83302307128906 
-0.08494479209184647 -0.6494551301002502 0.7556403875350952 52.219486236572266 
0.9804539680480957 -0.1895582526922226 -0.05270378664135933 -1402.8426513671875 
0.0 0.0 0.0 1.0

DataSet_12
0.06947086751461029 0.8581531047821045 0.5086718201637268 -63.440093994140625 
-0.10277056694030762 -0.501034140586853 0.8593037724494934 71.31401062011719 
0.9922761917114258 -0.11197307705879211 0.053385600447654724 -1355.8629150390625 
0.0 0.0 0.0 1.0

