DataSet: 1
-6.943359375 12.744140625 -11.25 -1.7578125 -0.46176640054826 -15.29296875 -80.859375
792.378 293.251 -19.879 845.136
0.2224824 0.2625502 -0.9389191 792.3779 -0.03394129 0.9645585 0.2616772 293.2511 0.9743457 -0.02635044 0.2235086 -19.87869 0 0 0 1
DataSet: 2
5.888671875 0.87890625 -10.1953125 -1.7578125 -0.1144741617272 -1.40625 -79.716796875
708.321 310.333 -76.385 777.085
0.2637017 0.02427306 -0.9642988 708.3214 -0.00241508 0.9996969 0.02450365 310.3332 0.9646013 -0.004132794 0.2636803 -76.38515 0 0 0 1
DataSet: 3
21.26953125 -30.322265625 -10.634765625 -1.7578125 1.94737538982056 -4.658203125 -88.76953125
705.865 307.146 -0.093 769.795
-0.1663762 0.07341757 -0.9833254 705.8649 -0.03571666 0.9961213 0.08041611 307.1464 0.9854153 0.04850043 -0.1631086 -0.09338067 0 0 0 1
DataSet: 4
37.001953125 -52.822265625 3.779296875 -1.845703125 3.891486982802 -0.263671875 -123.046875
631.861 371.319 -1.651 732.891
-0.7734424 -0.01621035 -0.6336592 631.861 -0.05438408 0.9976838 0.04085816 371.3188 0.6315293 0.06606241 -0.7725326 -1.651137 0 0 0 1
DataSet: 5
23.5546875 -31.81640625 -15.8203125 -1.7578125 7.67821934190795 -6.591796875 -107.578125
703.666 280.639 19.975 757.828
-0.4606126 0.08995192 -0.8830315 703.6658 -0.09301279 0.9844825 0.1488044 280.6393 0.8827144 0.1506744 -0.4450984 19.97512 0 0 0 1
DataSet: 6
20.654296875 -19.86328125 -10.37109375 -1.7578125 15.0085750777025 -8.0859375 -92.8125
735.673 294.138 0.315 792.295
-0.06488091 0.1363122 -0.988539 735.6729 -0.2519853 0.9562844 0.1484031 294.1377 0.9655536 0.2587259 -0.02769594 0.3146144 0 0 0 1
DataSet: 7
-1.23046875 14.326171875 -11.162109375 -1.7578125 -2.75525920255779 -9.140625 -69.08203125
744.134 301.311 -119.835 811.717
0.5295794 0.1464278 -0.8355265 744.1345 -0.01175005 0.9861601 0.1653791 301.3105 0.848179 -0.07776387 0.5239705 -119.8354 0 0 0 1
DataSet: 8
-11.953125 28.037109375 -11.6015625 -1.845703125 -18.8588228155431 -4.658203125 -54.140625
680.455 284.130 -185.528 760.374
0.7583448 -0.0005225398 -0.6518534 680.4549 0.2169504 0.9431921 0.2516369 284.1299 0.6146916 -0.3322474 0.7153782 -185.5276 0 0 0 1
DataSet: 9
-20.56640625 32.16796875 0.3515625 -1.845703125 -7.80046956032043 -8.4375 -63.28125
726.408 349.859 -53.587 808.047
0.5897872 0.1218591 -0.7983116 726.4075 0.05587048 0.9800234 0.1908734 349.8588 0.8056237 -0.1571767 0.5711969 -53.58707 0 0 0 1
DataSet: 10
-30.5859375 46.7578125 -1.58203125 -1.7578125 -8.47036143324716 -3.515625 -66.62109375
663.563 343.849 -49.124 748.974
0.6104867 0.02279301 -0.7916985 663.5634 0.1111375 0.9872308 0.1141216 343.8494 0.7841904 -0.1576571 0.6001581 -49.12443 0 0 0 1
DataSet: 11
-36.9140625 55.37109375 -2.373046875 -1.845703125 13.3793077945629 -2.021484375 -80.068359375
670.113 335.022 88.312 754.381
0.4387209 0.09991209 -0.8930518 670.1135 -0.2338477 0.9722541 -0.006107058 335.0221 0.8676631 0.2115174 0.4499124 88.31236 0 0 0 1
DataSet: 12
-33.92578125 43.76953125 9.66796875 -1.7578125 -12.9210484045879 -0.263671875 -68.5546875
645.367 389.054 -9.992 753.632
0.4896322 -0.02689583 -0.8715141 645.3669 0.2064872 0.9746688 0.08592892 389.0536 0.8471265 -0.2220301 0.4827829 -9.99241 0 0 0 1
DataSet: 13
-39.462890625 53.525390625 23.37890625 -1.7578125 -15.0895740511839 1.845703125 -65.390625
586.082 443.758 -27.604 735.646
0.5929807 -0.08691812 -0.8005118 586.0817 0.2496326 0.9650191 0.08013576 443.7575 0.7655439 -0.2473528 0.5939353 -27.60445 0 0 0 1
DataSet: 14
-54.580078125 78.22265625 9.4921875 -1.845703125 10.6907567837982 -11.77734375 -90
652.698 383.767 63.442 759.814
0.3648721 0.2569487 -0.8948998 652.698 -0.1855081 0.9619563 0.2005662 383.7672 0.9123898 0.09283014 0.3986571 63.44198 0 0 0 1
DataSet: 15
-54.580078125 77.51953125 2.8125 -1.845703125 -0.574974360541918 -11.337890625 -65.21484375
630.364 360.910 5.901 726.395
0.7105184 0.1798803 -0.680299 630.3641 -0.07330096 0.9804355 0.1826834 360.91 0.6998504 -0.07993332 0.7098028 5.901396 0 0 0 1
DataSet: 16
-42.890625 65.478515625 -11.42578125 -1.845703125 -8.17682094173185 -13.447265625 -46.318359375
661.886 291.826 -70.664 726.807
0.8897913 0.168486 -0.4241273 661.8859 -0.05612022 0.9626969 0.2646982 291.8255 0.452904 -0.2117241 0.8660548 -70.66415 0 0 0 1
DataSet: 17
-41.1328125 53.173828125 -18.544921875 -1.7578125 29.7916701687077 -8.96484375 -91.142578125
708.614 223.878 240.995 781.239
0.1357853 0.2409361 -0.9609954 708.6142 -0.4940524 0.8572363 0.1451143 223.8776 0.8587634 0.4550777 0.2354351 240.9955 0 0 0 1
DataSet: 18
-12.65625 5.625 -14.58984375 -1.845703125 6.88641241712562 -9.140625 -92.109375
738.724 284.374 164.803 808.543
-0.1891087 0.138688 -0.972113 738.7239 -0.1140152 0.9801788 0.1620185 284.3735 0.9753146 0.1414748 -0.1695478 164.8029 0 0 0 1
DataSet: 19
-6.6796875 4.921875 -3.251953125 -1.7578125 -18.6259357967617 -3.69140625 -76.11328125
734.999 321.678 -64.049 804.862
0.1823411 0.08380596 -0.9796572 734.9988 0.2954106 0.9456579 0.1358815 321.6782 0.9378083 -0.3141779 0.1476751 -64.04865 0 0 0 1
DataSet: 20
8.26171875 -15.29296875 8.4375 -1.7578125 -4.23478695024657 -0.3515625 -109.072265625
704.567 391.693 -2.769 806.130
-0.4669103 0.01734673 -0.8841345 704.5673 0.0717897 0.997251 -0.01834597 391.6926 0.8813859 -0.07203767 -0.4668721 -2.769322 0 0 0 1
DataSet: 21
11.07421875 -15.380859375 -2.98828125 -1.7578125 8.93551329242895 6.064453125 -128.759765625
657.884 335.881 40.025 739.750
-0.699365 -0.1213735 -0.7043842 657.8845 -0.1864556 0.9823354 0.01585929 335.8806 0.6900166 0.1424278 -0.7096418 40.02508 0 0 0 1
DataSet: 22
18.10546875 -30.9375 6.85546875 -1.845703125 21.3905599215503 7.91015625 -115.3125
601.188 358.089 137.490 713.132
-0.6175058 -0.2246641 -0.7537988 601.1877 -0.3844931 0.9222564 0.04010192 358.0887 0.6861863 0.3145936 -0.6558805 137.4901 0 0 0 1
DataSet: 23
17.490234375 -17.666015625 -1.494140625 -1.7578125 -5.49623793487615 -3.8671875 -84.287109375
720.946 346.338 -103.918 806.543
0.06581944 0.0706299 -0.9953287 720.946 0.08862193 0.993136 0.07633473 346.3376 0.9938883 -0.09323226 0.0591083 -103.9182 0 0 0 1
DataSet: 24
26.71875 -32.431640625 -17.314453125 -1.7578125 -10.8719150533843 -3.8671875 -88.76953125
698.909 272.632 -129.240 761.252
-0.1064483 0.09133904 -0.9901141 698.9088 0.1871483 0.9798152 0.07026842 272.6319 0.9765471 -0.1778182 -0.1213937 -129.2395 0 0 0 1
DataSet: 25
29.091796875 -35.947265625 -8.876953125 -1.7578125 -24.4116182888146 -3.1640625 -82.529296875
710.242 283.938 -207.640 792.578
-0.007305318 0.1163744 -0.9931785 710.2424 0.403246 0.9092118 0.1035697 283.9384 0.9150624 -0.3997387 -0.05356961 -207.6399 0 0 0 1
DataSet: 26
25.13671875 -33.22265625 2.4609375 -1.7578125 -25.4257084709494 2.28515625 -76.376953125
690.409 331.628 -192.635 789.779
0.08251114 0.03405657 -0.996008 690.4095 0.4257433 0.9024245 0.06612602 331.628 0.9010741 -0.4294999 0.05996072 -192.6347 0 0 0 1
DataSet: 27
14.58984375 -32.6953125 -5.44921875 -1.7578125 22.7866338086954 10.107421875 -104.326171875
569.946 298.456 186.866 669.950
-0.5269112 -0.2946069 -0.7972273 569.9459 -0.415292 0.9076452 -0.06093181 298.4564 0.7415504 0.2989765 -0.6005964 186.8657 0 0 0 1
DataSet: 28
17.841796875 -27.685546875 1.7578125 -1.7578125 1.38085869268314 12.12890625 -96.943359375
613.132 355.157 -2.993 708.573
-0.3152236 -0.2105573 -0.9253646 613.1316 -0.04931412 0.9773934 -0.2055972 355.157 0.9477353 -0.01917555 -0.318481 -2.99336 0 0 0 1
DataSet: 29
-29.091796875 29.8828125 2.373046875 -1.7578125 25.0828112064959 1.0546875 -88.681640625
666.358 332.347 271.906 792.730
0.007719683 -0.02555583 -0.9996436 666.358 -0.423432 0.9055426 -0.02642007 332.3469 0.905895 0.423485 -0.003830652 271.9062 0 0 0 1
DataSet: 30
-35.419921875 46.0546875 -6.15234375 -1.7578125 10.9959745203601 6.328125 -81.650390625
623.911 319.528 140.458 714.906
0.2929447 -0.07964765 -0.9528062 623.9106 -0.1730064 0.9756594 -0.1347497 319.5276 0.9403468 0.2043158 0.2720347 140.4575 0 0 0 1
DataSet: 31
-22.5 12.3046875 6.328125 -1.7578125 -15.9264226352978 8.525390625 -74.794921875
647.360 365.978 76.064 747.530
0.06377296 -0.08882934 -0.9940032 647.36 0.3021859 0.9509892 -0.06559783 365.978 0.9511134 -0.2961904 0.08749038 76.06356 0 0 0 1
DataSet: 32
-22.587890625 17.138671875 5.09765625 -1.7578125 4.5854959009679 6.767578125 -107.05078125
639.669 374.363 167.432 759.840
-0.4080859 -0.1268708 -0.904085 639.6687 -0.1108755 0.9898538 -0.08885985 374.3629 0.9061857 0.06397845 -0.4180122 167.4319 0 0 0 1
DataSet: 33
-20.478515625 18.017578125 -3.955078125 -1.7578125 15.2304277308364 7.294921875 -122.87109375
638.617 322.622 201.515 743.320
-0.5951834 -0.1458018 -0.7902522 638.6169 -0.2871376 0.9570671 0.03968034 322.6222 0.7505389 0.2505282 -0.6114956 201.5149 0 0 0 1
DataSet: 34
16.171875 -35.15625 4.74609375 -1.7578125 21.7199167491216 13.88671875 -121.11328125
545.795 341.534 169.693 665.833
-0.7345498 -0.3516813 -0.5803076 545.795 -0.4320467 0.9018512 0.0003369834 341.5339 0.5232326 0.2509675 -0.8143973 169.6925 0 0 0 1
DataSet: 35
11.6015625 -25.400390625 3.33984375 -1.7578125 -13.8345999977527 -1.40625 -81.73828125
719.181 359.784 -18.436 804.366
-0.1195451 0.08775263 -0.9889431 719.1807 0.2332141 0.9706976 0.05794232 359.7835 0.9650493 -0.2237088 -0.1365073 -18.43594 0 0 0 1
DataSet: 36
19.86328125 -36.73828125 11.513671875 -1.7578125 -6.86709665628032 -2.197265625 -69.697265625
693.420 403.290 12.012 802.259
0.03054116 0.07450426 -0.9967529 693.4205 0.09893048 0.9920962 0.07718749 403.2898 0.9946256 -0.1009666 0.02292903 12.01188 0 0 0 1
DataSet: 37
22.412109375 -26.3671875 13.88671875 -1.7578125 -8.8210689285628 -6.064453125 -49.130859375
722.484 410.192 -112.096 838.335
0.5719996 0.1203019 -0.811384 722.4841 0.04765277 0.9826419 0.1792876 410.1917 0.8188685 -0.1412171 0.5563381 -112.0963 0 0 0 1
DataSet: 38
10.546875 -17.666015625 1.58203125 -1.7578125 15.5656276310194 -6.328125 -65.478515625
723.364 347.292 113.551 810.408
0.2742132 0.06774563 -0.9592798 723.3643 -0.2882073 0.9574541 -0.01476828 347.2917 0.9174659 0.2805211 0.2820714 113.5508 0 0 0 1
DataSet: 39
12.744140625 -17.666015625 7.734375 -1.845703125 -3.02129997183284 20.21484375 -74.091796875
577.196 367.229 -44.878 685.585
0.1428381 -0.3373052 -0.9304958 577.1961 0.1452688 0.9370992 -0.317399 367.2285 0.9790272 -0.0898353 0.1828534 -44.87795 0 0 0 1
DataSet: 40
6.767578125 -8.701171875 2.197265625 -1.7578125 15.2893098734143 12.65625 -130.78125
621.739 344.230 75.767 714.699
-0.680576 -0.2352114 -0.6938962 621.739 -0.3377165 0.9411687 0.01220373 344.2298 0.650203 0.2426458 -0.7199716 75.76669 0 0 0 1
DataSet: 41
4.921875 -8.4375 -4.130859375 -1.7578125 24.0054011933199 18.017578125 -150.29296875
582.884 290.443 136.952 665.482
-0.8540436 -0.3435567 -0.3906128 582.884 -0.4470269 0.8687102 0.2133296 290.4428 0.2660385 0.3568071 -0.8954955 136.9519 0 0 0 1
DataSet: 42
5.009765625 -7.119140625 5.712890625 -1.7578125 -25.9865252790136 0.615234375 -54.052734375
711.691 344.734 -156.984 806.219
0.5367767 0.0188363 -0.8435141 711.691 0.3603818 0.8988453 0.2494036 344.7337 0.7628865 -0.4378611 0.4756909 -156.9838 0 0 0 1
DataSet: 43
6.416015625 -7.03125 -2.98828125 -1.7578125 -17.0454411021102 14.853515625 -71.89453125
618.823 315.193 -123.736 705.406
0.2634653 -0.2443972 -0.9331967 618.8225 0.3547813 0.9241248 -0.1418575 315.1925 0.8970598 -0.2937062 0.3301823 -123.7363 0 0 0 1
DataSet: 44
-1.494140625 2.724609375 0.3515625 9.228515625 13.2648924032821 -1.845703125 -80.15625
731.385 347.297 53.231 811.402
0.3418918 0.07330433 -0.9368759 731.3853 -0.2314347 0.9728147 -0.008340598 347.2968 0.9107953 0.2196772 0.3495625 53.23069 0 0 0 1
DataSet: 45
36.38671875 -52.998046875 -10.458984375 6.064453125 -2.86151866318629 -0.3515625 -88.41796875
644.012 308.841 -53.169 716.213
-0.1556024 0.0151698 -0.9877033 644.0116 0.04973395 0.9987343 0.007504154 308.8412 0.986567 -0.04795472 -0.1561599 -53.16924 0 0 0 1
DataSet: 46
39.462890625 -58.095703125 12.65625 -4.74609375 -20.4351927268356 -0.17578125 -77.6953125
666.429 388.684 -121.409 780.989
-0.1677734 0.1413607 -0.9756379 666.4291 0.3405145 0.9370633 0.07721581 388.684 0.9251497 -0.319264 -0.2053497 -121.4088 0 0 0 1
DataSet: 47
-50.361328125 65.91796875 -6.943359375 -4.74609375 -0.801610645414803 -3.515625 -76.728515625
620.411 323.991 76.388 704.071
0.4076388 0.05761335 -0.9113239 620.4115 -0.0004590838 0.9980204 0.06288891 323.9909 0.9131431 -0.02521759 0.4068584 76.3884 0 0 0 1
DataSet: 48
-51.6796875 71.279296875 1.0546875 -4.74609375 -17.5442569543226 16.787109375 -66.09375
462.736 329.103 -15.010 568.030
0.5894184 -0.3531467 -0.7265489 462.7356 0.3871777 0.9128512 -0.1296 329.1026 0.7089988 -0.2049149 0.6747819 -15.00958 0 0 0 1
DataSet: 49
-29.35546875 25.224609375 -7.119140625 -4.74609375 14.3698242440299 -12.48046875 -81.826171875
733.328 304.667 265.168 837.201
-0.009635524 0.1761259 -0.9843205 733.3276 -0.2754226 0.945823 0.1719336 304.6665 0.9612749 0.2727608 0.03939556 265.1677 0 0 0 1
DataSet: 50
-45.3515625 71.54296875 8.173828125 -4.74609375 -0.574387596645826 10.01953125 -76.376953125
529.050 386.075 11.192 655.037
0.5710418 -0.1655477 -0.8040555 529.0502 0.05071964 0.984699 -0.1667194 386.075 0.8193527 0.05442234 0.5707008 11.19249 0 0 0 1
DataSet: 51
-33.046875 41.396484375 -8.525390625 -4.74609375 21.5782420931956 3.251953125 -97.646484375
648.326 292.305 215.711 743.169
-0.07483098 -0.03353681 -0.9966322 648.326 -0.3715203 0.9284188 -0.003346243 292.3051 0.9254043 0.3700187 -0.08193409 215.7115 0 0 0 1
DataSet: 52
-17.40234375 14.677734375 -5.361328125 -4.74609375 38.6864917002543 4.5703125 -105.8203125
636.635 252.802 324.555 757.990
-0.3653281 -0.1600173 -0.9170222 636.6345 -0.6183389 0.7780958 0.110562 252.8024 0.6958393 0.6074219 -0.3832052 324.5546 0 0 0 1
DataSet: 53
-7.734375 18.80859375 -4.658203125 -4.74609375 -22.2177547919272 -10.107421875 -81.73828125
745.277 303.279 -180.073 824.526
0.2426336 0.1333937 -0.9609032 745.2772 0.3508582 0.9113862 0.2151134 303.2789 0.9044487 -0.3893345 0.1743307 -180.0726 0 0 0 1
DataSet: 54
-21.708984375 19.599609375 0.439453125 -4.74609375 -16.9192283975021 3.8671875 -101.689453125
677.063 341.191 16.540 758.353
-0.3130053 -0.03230276 -0.9492019 677.0635 0.2719143 0.9545376 -0.1221498 341.1908 0.9099947 -0.2963352 -0.2899918 16.54038 0 0 0 1
DataSet: 55
-25.927734375 16.435546875 -7.3828125 -4.74609375 -0.230616732573884 -14.23828125 -70.751953125
756.654 311.841 216.695 846.597
0.07743149 0.2393592 -0.9678386 756.654 -0.07728048 0.9692734 0.2335312 311.8412 0.9939981 0.05671237 0.09355007 216.6946 0 0 0 1
DataSet: 56
-48.8671875 65.654296875 -15.732421875 -4.74609375 -13.4992455182873 4.04296875 -93.69140625
553.416 275.850 -1.816 618.358
0.1398393 -0.117529 -0.9831744 553.4163 0.2285344 0.9699532 -0.08344352 275.8505 0.9634402 -0.2130205 0.162497 -1.816222 0 0 0 1
DataSet: 57
-29.53125 30.76171875 -17.314453125 -4.74609375 16.8987164354224 13.0078125 -87.451171875
576.902 255.733 222.498 669.119
-0.01554525 -0.2420277 -0.9701448 576.9017 -0.2808158 0.9322675 -0.2280785 255.7335 0.9596358 0.2688864 -0.08245752 222.4979 0 0 0 1
DataSet: 58
-12.568359375 336.97265625 7.294921875 -4.74609375 2.17522552883153 2.373046875 -128.84765625
588.352 387.091 327.793 776.818
-0.9808413 -0.05610864 -0.1865534 588.3525 -0.0555136 0.9984224 -0.008416357 387.0914 0.1867313 0.00210114 -0.9824088 327.7932 0 0 0 1
DataSet: 59
10.01953125 336.97265625 2.900390625 -4.74609375 -39.0054921798987 -3.1640625 -80.244140625
775.724 288.608 -138.024 839.102
-0.07419014 0.2441948 -0.966884 775.7238 0.6130251 0.775901 0.1489223 288.6075 0.7865723 -0.5816756 -0.2072617 -138.0244 0 0 0 1
