DataSet: 1
43.59375 -105.791015625 -9.31640625 -0.439453125 5.185546875 -78.3984375
375.554 260.024 183.254 492.174
-0.7729211 -0.03539983 -0.6335139 375.5535 0.02568871 0.9958779 -0.08698981 260.0244 0.6339819 -0.08351041 -0.7688257 183.2544 0 0 0 1
DataSet: 2
79.8046875 -114.140625 -13.7109375 0.274658203125 8.4375 -106.5234375
362.444 238.910 -31.388 435.234
-0.7729381 -0.1238365 -0.622279 362.4436 -0.04632649 0.9891651 -0.139306 238.9097 0.6327878 -0.07884695 -0.7703004 -31.3877 0 0 0 1
DataSet: 3
52.734375 -103.681640625 15.205078125 0.823974609375 -1.494140625 -89.208984375
425.159 368.874 139.228 579.838
-0.7677132 0.005264321 -0.640772 425.1591 -0.01473914 0.9995566 0.02587101 368.8737 0.640624 0.02930594 -0.7672952 139.2281 0 0 0 1
DataSet: 4
97.822265625 -140.5078125 -20.830078125 4.449462890625 2.109375 -101.77734375
250.435 210.953 43.117 330.269
-0.8112422 -0.0796179 -0.5792643 250.435 -0.08343659 0.9963106 -0.02008904 210.9525 0.5787266 0.03203476 -0.8148922 43.11718 0 0 0 1
DataSet: 5
63.896484375 -86.89453125 -17.314453125 0.054931640625 -8.96484375 -120.849609375
546.758 223.102 -43.152 592.099
-0.8017148 0.1430729 -0.5803305 546.7582 0.07908356 0.9877837 0.1342728 223.1015 0.5924518 0.06175387 -0.8032356 -43.15214 0 0 0 1
DataSet: 6
3.515625 -52.79296875 -17.40234375 0.823974609375 -20.21484375 -84.55078125
596.156 207.768 388.710 741.394
-0.6958779 0.2152031 -0.685158 596.1561 -0.04712599 0.9383065 0.3425786 207.7682 0.7166122 0.2706816 -0.6428051 388.7099 0 0 0 1
DataSet: 7
19.072265625 -69.84375 -19.3359375 -1.20849609375 12.83203125 -103.447265625
469.751 210.671 188.516 548.258
-0.8974644 -0.1245259 -0.4231441 469.7506 -0.03112401 0.9748085 -0.2208614 210.6713 0.4399874 -0.1850453 -0.8787317 188.5161 0 0 0 1
DataSet: 8
22.412109375 -74.4140625 -16.962890625 4.28466796875 4.21875 -69.9609375
465.637 226.623 235.216 568.772
-0.5293565 -0.1040047 -0.8420004 465.6366 -0.04505154 0.9945032 -0.09451858 226.6227 0.8472025 -0.01210062 -0.5311323 235.2162 0 0 0 1
DataSet: 9
70.927734375 -107.548828125 -20.56640625 3.131103515625 8.701171875 -125.5078125
374.341 209.235 -3.177 428.860
-0.9427964 -0.1536253 -0.2958617 374.341 -0.1321983 0.9870151 -0.09123985 209.2352 0.3060367 -0.04690818 -0.9508634 -3.177402 0 0 0 1
DataSet: 10
65.21484375 -104.296875 32.958984375 3.2958984375 -1.40625 -111.09375
408.826 439.985 37.338 601.763
-0.8668184 -0.01718427 -0.4983277 408.8259 -0.04482248 0.9980453 0.04355021 439.9847 0.4966052 0.06008641 -0.8658943 37.33829 0 0 0 1
DataSet: 11
-12.216796875 -19.130859375 27.861328125 4.339599609375 -3.076171875 -101.689453125
598.344 419.791 293.764 787.742
-0.6811901 0.006522112 -0.7320775 598.3441 -0.06325712 0.9956963 0.06773076 419.7912 0.7293686 0.09244664 -0.6778459 293.7637 0 0 0 1
DataSet: 12
-29.794921875 -20.9765625 31.201171875 4.833984375 -7.3828125 -61.083984375
478.596 430.400 482.400 804.368
-0.368334 0.01652809 -0.9295466 478.5961 -0.1356744 0.9881823 0.07133181 430.3997 0.9197404 0.1523896 -0.3617387 482.4004 0 0 0 1
DataSet: 13
-16.5234375 -46.025390625 -19.3359375 4.28466796875 0.87890625 -72.7734375
416.208 217.408 453.681 652.933
-0.7090212 -0.07336309 -0.7013607 416.2076 -0.06683037 0.9970878 -0.03673615 217.4084 0.7020133 0.02082549 -0.7118593 453.6805 0 0 0 1
DataSet: 14
58.271484375 -107.021484375 10.01953125 4.6142578125 -2.197265625 -96.767578125
408.572 345.380 134.399 551.617
-0.8220963 -0.03515936 -0.5682619 408.5715 -0.07538301 0.996026 0.04742962 345.3802 0.564336 0.081829 -0.8214797 134.3988 0 0 0 1
DataSet: 15
112.67578125 -137.16796875 -5.9765625 6.591796875 4.130859375 -113.5546875
264.388 273.164 -31.266 381.441
-0.738865 -0.1130196 -0.6643079 264.388 -0.1338266 0.9908085 -0.01972129 273.1637 0.6604308 0.07433069 -0.7471988 -31.26583 0 0 0 1
DataSet: 16
72.333984375 -137.783203125 -3.955078125 6.756591796875 -10.107421875 -64.423828125
248.623 278.110 217.807 431.971
-0.6300666 -0.03243655 -0.7758633 248.6234 -0.1813598 0.9776432 0.1064071 278.11 0.755066 0.207754 -0.621863 217.8067 0 0 0 1
DataSet: 17
51.767578125 -116.337890625 31.025390625 -3.790283203125 -16.69921875 -77.607421875
383.867 419.920 232.639 614.660
-0.7955555 0.1805701 -0.5783476 383.867 0.003032049 0.9557313 0.2942251 419.9197 0.6058732 0.2323188 -0.7608848 232.6388 0 0 0 1
DataSet: 18
74.794921875 -126.533203125 -20.830078125 3.955078125 20.7421875 -89.296875
245.360 191.795 13.028 311.699
-0.7763901 -0.269965 -0.5695062 245.36 -0.06463337 0.9329563 -0.3541399 191.7948 0.6269298 -0.2381416 -0.7417868 13.02774 0 0 0 1
DataSet: 19
121.9921875 -124.51171875 6.943359375 -1.0986328125 20.91796875 -146.865234375
192.596 313.114 -206.447 421.609
-0.8057175 -0.3558985 -0.4734506 192.5962 -0.2884378 0.9339209 -0.2111766 313.1139 0.5173228 -0.03358765 -0.855131 -206.4474 0 0 0 1
DataSet: 20
53.701171875 -137.34375 -3.515625 -0.054931640625 7.998046875 -27.158203125
194.338 283.873 187.351 391.729
-0.3559599 -0.01446338 -0.9343893 194.3376 0.1242367 0.9902723 -0.06265695 283.873 0.9262061 -0.1383888 -0.3507004 187.3509 0 0 0 1
DataSet: 21
27.24609375 -115.72265625 14.23828125 2.08740234375 4.130859375 -40.693359375
225.670 363.877 291.348 517.897
-0.633231 -0.03823162 -0.773018 225.6698 0.03083232 0.9967403 -0.07455321 363.8769 0.7733485 -0.07104335 -0.6299881 291.3483 0 0 0 1
DataSet: 22
53.525390625 -115.810546875 -21.181640625 -2.08740234375 -18.10546875 -72.7734375
399.254 195.450 245.811 507.964
-0.7170557 0.1751775 -0.6746435 399.2544 -0.05718284 0.9498553 0.3074165 195.45 0.6946662 0.2590128 -0.6710821 245.8111 0 0 0 1
DataSet: 23
87.099609375 -112.119140625 24.521484375 0.54931640625 -6.064453125 -123.75
415.879 406.103 -62.391 584.609
-0.8524931 0.0917016 -0.5146322 415.8793 0.05072023 0.994358 0.09316474 406.1027 0.520272 0.05332004 -0.8523345 -62.39138 0 0 0 1
DataSet: 24
42.275390625 -83.291015625 28.125 0.87890625 -7.294921875 -100.810546875
521.044 419.642 124.956 680.588
-0.7851577 0.08582271 -0.6133203 521.0444 0.008746247 0.991789 0.1275856 419.6418 0.6192341 0.09481056 -0.7794614 124.9563 0 0 0 1
DataSet: 25
-1.23046875 -11.1328125 22.236328125 3.131103515625 -8.173828125 -131.923828125
700.919 394.992 120.166 813.478
-0.8061953 0.1273036 -0.5777914 700.9193 0.05421273 0.9883636 0.1421209 394.9919 0.5891605 0.08325357 -0.8037156 120.1658 0 0 0 1
DataSet: 26
20.654296875 -36.796875 -14.94140625 5.712890625 1.845703125 -130.869140625
631.543 235.243 55.729 676.233
-0.8368284 -0.05859977 -0.54432 631.5427 -0.0962456 0.994517 0.04089981 235.2429 0.5389388 0.08661453 -0.83788 55.72862 0 0 0 1
DataSet: 27
14.4140625 -49.1015625 17.314453125 5.328369140625 -5.537109375 -121.376953125
604.015 375.273 218.546 743.926
-0.9125603 0.02673892 -0.408067 604.0148 -0.02926102 0.9910329 0.1303747 375.2728 0.4078939 0.1309152 -0.9035949 218.5462 0 0 0 1
DataSet: 28
-13.974609375 -18.955078125 32.6953125 8.67919921875 -9.140625 -115.927734375
595.382 432.335 340.984 810.964
-0.8513222 0.05234569 -0.5220254 595.3815 -0.06704979 0.9759955 0.2072124 432.3349 0.5203412 0.2114062 -0.8273769 340.9839 0 0 0 1
DataSet: 29
80.771484375 -75.64453125 11.77734375 8.7890625 5.537109375 -146.162109375
445.779 349.288 -240.880 615.422
-0.7753505 -0.08251371 -0.6261175 445.7788 -0.1642898 0.9836463 0.07381657 349.2885 0.6097873 0.1600984 -0.7762268 -240.8802 0 0 0 1
DataSet: 30
94.39453125 -114.31640625 8.173828125 9.393310546875 3.251953125 -124.453125
356.110 333.968 -64.726 492.482
-0.8064381 -0.1088548 -0.5812127 356.1099 -0.1662437 0.9850026 0.04618442 333.9678 0.5674686 0.1338678 -0.81244 -64.72559 0 0 0 1
DataSet: 31
67.587890625 -82.763671875 26.3671875 8.349609375 5.888671875 -115.83984375
451.790 410.413 -93.280 617.458
-0.6498479 -0.1368315 -0.7476462 451.7901 -0.1749371 0.9841795 -0.02806708 410.4131 0.7396585 0.1125517 -0.6635039 -93.28044 0 0 0 1
DataSet: 32
70.3125 -126.4453125 33.837890625 9.228515625 -2.8125 -74.35546875
273.210 439.555 127.349 532.983
-0.6373624 -0.105658 -0.7632861 273.2103 -0.1674919 0.9858676 0.003390936 439.5551 0.7521407 0.1300055 -0.6460518 127.3495 0 0 0 1
DataSet: 33
-6.85546875 -56.572265625 33.3984375 4.94384765625 6.240234375 -61.962890625
391.062 439.296 365.898 692.670
-0.5813948 -0.1252429 -0.8039243 391.0616 -0.02516324 0.9903765 -0.1360922 439.2963 0.8132324 -0.05889395 -0.5789513 365.8983 0 0 0 1
DataSet: 34
3.69140625 -58.41796875 -21.26953125 1.812744140625 2.724609375 -72.24609375
479.779 209.757 320.131 613.734
-0.6016182 -0.05324697 -0.7970071 479.7793 -0.01563885 0.9983697 -0.0548948 209.757 0.7986307 -0.02056143 -0.6014701 320.1306 0 0 0 1
DataSet: 35
47.109375 -83.90625 -11.25 0.933837890625 -8.701171875 -93.251953125
552.668 249.317 104.080 615.170
-0.6429218 0.1114907 -0.7577739 552.6681 -0.007691021 0.9883595 0.1519419 249.3171 0.7658932 0.1035148 -0.6345804 104.0805 0 0 0 1
DataSet: 36
45 -83.642578125 30.05859375 1.86767578125 -17.9296875 -91.494140625
561.155 414.776 137.452 711.215
-0.6434565 0.2210844 -0.7328612 561.1547 -0.0245574 0.9509296 0.3084313 414.7765 0.7650887 0.2164593 -0.6064525 137.4515 0 0 0 1
DataSet: 37
45 -80.390625 29.619140625 -38.397216796875 -6.591796875 -96.15234375
645.211 360.958 -77.696 743.387
-0.5336439 0.4509197 -0.7154688 645.2106 0.6271744 0.7785426 0.02288346 360.9585 0.5673415 -0.4365121 -0.6982698 -77.69593 0 0 0 1
DataSet: 38
45 -80.390625 29.794921875 70.806884765625 -16.962890625 -127.08984375
422.265 221.299 327.855 578.593
-0.718357 -0.2853174 -0.634474 422.2651 -0.6955091 0.3144504 0.6460558 221.2985 0.01517959 0.9053811 -0.4243285 327.8555 0 0 0 1
DataSet: 39
-11.513671875 -32.138671875 34.62890625 -24.06005859375 20.91796875 -76.552734375
533.946 402.257 163.494 688.215
-0.4324919 0.004548748 -0.9016263 533.946 0.4723309 0.8529373 -0.2222645 402.2575 0.7680197 -0.5219936 -0.3710369 163.4943 0 0 0 1
DataSet: 40
26.279296875 -33.6328125 32.255859375 -17.083740234375 -4.39453125 -122.080078125
656.663 423.758 -146.411 795.118
-0.6273198 0.1134829 -0.770449 656.663 0.2878121 0.9530662 -0.09396272 423.7578 0.7236257 -0.2806892 -0.630539 -146.4115 0 0 0 1
DataSet: 41
49.482421875 -60 -21.09375 -16.534423828125 -5.2734375 -124.365234375
620.980 197.246 -195.598 680.279
-0.6943844 0.1420934 -0.7054359 620.9796 0.2846519 0.9545913 -0.0879126 197.2455 0.6609112 -0.2618488 -0.7033005 -195.5982 0 0 0 1
DataSet: 42
84.55078125 -90.322265625 -3.1640625 -4.559326171875 20.91796875 -106.787109375
353.432 267.547 -242.135 505.099
-0.365209 -0.3477542 -0.8635331 353.4325 -0.02668638 0.9311367 -0.3636926 267.5468 0.9305429 -0.1097793 -0.3493398 -242.1349 0 0 0 1
DataSet: 43
97.20703125 -83.37890625 6.240234375 -6.48193359375 -6.6796875 -124.98046875
417.126 326.027 -397.427 661.994
-0.3601214 0.0861487 -0.9289193 417.126 0.1587549 0.9868628 0.02997666 326.0266 0.9192984 -0.1366753 -0.369067 -397.4269 0 0 0 1
DataSet: 44
91.142578125 -63.69140625 -7.03125 -25.433349609375 12.65625 -148.18359375
263.892 235.356 -536.455 642.507
-0.4794014 -0.3875991 -0.7873635 263.8916 0.05827538 0.8811424 -0.4692462 235.3563 0.8756588 -0.2708412 -0.3998334 -536.4546 0 0 0 1
DataSet: 45
117.861328125 -122.666015625 10.01953125 -13.07373046875 20.390625 -111.796875
213.353 320.287 -260.988 464.992
-0.4250335 -0.3294348 -0.843101 213.3534 0.08401199 0.913043 -0.3991172 320.287 0.9012704 -0.2404688 -0.3603974 -260.9878 0 0 0 1
DataSet: 46
90.87890625 -119.58984375 -18.28125 -12.85400390625 6.416015625 -116.103515625
370.672 213.290 -125.029 445.559
-0.8093174 0.008194066 -0.5873145 370.6721 0.1518402 0.9688338 -0.1957183 213.2905 0.5674064 -0.2475762 -0.7853382 -125.0287 0 0 0 1
DataSet: 47
84.19921875 -63.779296875 -15.908203125 -10.107421875 -6.85546875 -129.287109375
441.604 225.948 -463.769 679.079
-0.3279517 0.05107258 -0.9433129 441.604 0.2102394 0.9774418 -0.02017135 225.948 0.9210033 -0.2049367 -0.3312912 -463.769 0 0 0 1
DataSet: 48
27.333984375 -3.662109375 -4.921875 -11.151123046875 -13.359375 -141.591796875
666.223 266.860 -371.902 808.318
-0.467585 0.1360693 -0.8734125 666.2227 0.29779 0.9545713 -0.01071009 266.8603 0.8322772 -0.2651014 -0.4868633 -371.9017 0 0 0 1
DataSet: 49
9.140625 -6.9140625 -3.515625 -10.052490234375 -17.578125 -136.40625
776.337 268.269 -111.140 828.866
-0.6650131 0.2953131 -0.6859648 776.3367 0.3357286 0.9386711 0.07863084 268.2693 0.6671161 -0.1780075 -0.7233737 -111.1397 0 0 0 1
DataSet: 50
6.416015625 -6.123046875 31.11328125 -7.58056640625 -9.580078125 -135.703125
703.059 426.817 -70.024 825.450
-0.7022806 0.1657586 -0.6923338 703.0591 0.210205 0.9774362 0.02079275 426.8168 0.6801586 -0.1309297 -0.7212778 -70.02351 0 0 0 1
DataSet: 51
-4.5703125 -9.462890625 33.92578125 -7.14111328125 -9.84375 -125.068359375
694.403 437.389 92.340 825.852
-0.7431646 0.1955599 -0.6398928 694.4034 0.1992113 0.9776348 0.06741652 437.3891 0.6387654 -0.0773723 -0.7655013 92.3401 0 0 0 1
DataSet: 52
-23.642578125 -7.08984375 33.57421875 -6.48193359375 -12.744140625 -93.69140625
646.300 433.521 309.032 837.344
-0.5598675 0.2458865 -0.7912574 646.2996 0.1267676 0.9691299 0.2114646 433.5214 0.8188275 0.01808638 -0.5737547 309.0316 0 0 0 1
DataSet: 53
-27.0703125 -21.064453125 23.818359375 -5.877685546875 -10.1953125 -76.552734375
561.847 398.626 444.494 819.847
-0.5708821 0.1931878 -0.79798 561.8467 0.05865165 0.9790359 0.1950608 398.6256 0.8189344 0.06455391 -0.5702448 444.4945 0 0 0 1
DataSet: 54
-37.705078125 -38.818359375 31.376953125 -2.581787109375 -25.3125 -21.533203125
336.263 405.329 667.118 849.948
-0.178025 0.13924 -0.9741249 336.2634 -0.3807767 0.9030717 0.1986722 405.3291 0.9073677 0.4062927 -0.10775 667.1179 0 0 0 1
DataSet: 55
-8.701171875 -89.53125 -11.162109375 -0.54931640625 -4.833984375 -11.25
188.391 252.130 491.869 583.949
-0.3337935 -0.002611691 -0.9426426 188.3913 -0.08077551 0.9963973 0.02584231 252.1298 0.939179 0.08476843 -0.3328019 491.8694 0 0 0 1
DataSet: 56
37.265625 -118.271484375 -6.416015625 -5.2734375 1.494140625 -64.423828125
296.431 272.624 264.194 481.657
-0.8186607 0.08667167 -0.5676995 296.4312 0.09411208 0.9954289 0.01625791 272.6241 0.5665135 -0.04011767 -0.8230754 264.1936 0 0 0 1
DataSet: 57
84.814453125 -130.48828125 -3.427734375 -5.16357421875 3.1640625 -80.244140625
335.815 285.517 28.456 441.703
-0.5833436 0.02571783 -0.8118182 335.8154 0.09801282 0.9944236 -0.03892587 285.5172 0.8062901 -0.1022758 -0.5826113 28.45569 0 0 0 1
DataSet: 58
100.1953125 -125.830078125 14.765625 -3.18603515625 5.2734375 -76.552734375
323.711 365.381 -91.639 496.679
-0.2108347 -0.05891921 -0.9757445 323.7113 0.07539486 0.9942283 -0.07632634 365.3806 0.9746099 -0.08965836 -0.2051756 -91.63921 0 0 0 1
DataSet: 59
50.537109375 -95.947265625 19.775390625 -5.2734375 -7.822265625 -78.134765625
506.256 384.245 114.474 645.789
-0.5528156 0.1603902 -0.8177224 506.2563 0.06207998 0.9865018 0.1515263 384.2451 0.830988 0.03300193 -0.5553106 114.4743 0 0 0 1
DataSet: 60
95.712890625 -106.58203125 -0.966796875 2.96630859375 9.66796875 -129.7265625
351.129 293.410 -164.755 486.339
-0.76253 -0.174545 -0.6229623 351.1289 -0.1469898 0.9844767 -0.09591496 293.4102 0.6300333 0.01843106 -0.7763494 -164.7551 0 0 0 1
DataSet: 61
30.5859375 -53.671875 14.853515625 3.131103515625 11.689453125 -120.498046875
550.219 360.789 29.665 658.627
-0.7923386 -0.2073551 -0.5737625 550.2187 -0.1497353 0.9777982 -0.1465944 360.789 0.5914211 -0.03023992 -0.8057956 29.66493 0 0 0 1
DataSet: 62
15.908203125 -57.099609375 0.087890625 9.0087890625 -3.076171875 -97.822265625
554.246 298.619 264.490 682.874
-0.7474234 -0.06259272 -0.6613928 554.2458 -0.1479154 0.9862412 0.07381983 298.6191 0.6476722 0.1530049 -0.7463982 264.4904 0 0 0 1
DataSet: 63
95.185546875 -129.9609375 1.93359375 11.53564453125 2.98828125 -89.560546875
288.539 304.449 36.857 421.073
-0.5525776 -0.1567249 -0.8185934 288.5391 -0.1995799 0.9784682 -0.05261095 304.4492 0.8092131 0.1343032 -0.5719588 36.85661 0 0 0 1
DataSet: 64
75.849609375 -106.23046875 31.81640625 8.843994140625 -7.119140625 -111.796875
415.221 430.400 14.202 598.209
-0.7854424 0.02975863 -0.618219 415.2215 -0.09728147 0.9804929 0.1707924 430.3998 0.6112419 0.1942888 -0.7672257 14.20218 0 0 0 1
DataSet: 65
54.84375 -88.125 -4.5703125 6.207275390625 -6.6796875 -105.732421875
522.549 278.337 78.182 597.195
-0.7521021 0.03830978 -0.6579322 522.5494 -0.07272071 0.987389 0.1406225 278.3372 0.6550221 0.1536078 -0.7398314 78.18156 0 0 0 1
DataSet: 66
51.416015625 -97.353515625 -14.23828125 10.7666015625 3.33984375 -95.80078125
404.166 234.090 136.472 486.593
-0.7716956 -0.1745246 -0.6115775 404.1663 -0.1916366 0.9807277 -0.0380589 234.0897 0.6064332 0.08783076 -0.7902686 136.4724 0 0 0 1
DataSet: 67
37.79296875 -74.58984375 31.46484375 11.09619140625 -11.689453125 -119.35546875
535.725 423.164 166.105 702.610
-0.9081721 0.04935355 -0.4156773 535.7255 -0.0702778 0.9609533 0.2676374 423.1644 0.4126554 0.2722737 -0.8692425 166.1045 0 0 0 1
DataSet: 68
60.1171875 -70.546875 13.974609375 13.128662109375 -9.228515625 -121.9921875
584.426 352.014 -67.014 685.535
-0.6673208 0.1171364 -0.7355012 584.4258 -0.1098957 0.9612573 0.2527989 352.0135 0.7366179 0.2495263 -0.6285943 -67.01416 0 0 0 1
DataSet: 69
67.5 -77.314453125 16.875 5.9326171875 13.18359375 -131.396484375
443.953 366.576 -143.798 593.422
-0.7589425 -0.2418882 -0.6045629 443.9534 -0.2275433 0.9684296 -0.1018247 366.5757 0.6101068 0.06028516 -0.7900224 -143.798 0 0 0 1
DataSet: 70
82.705078125 -89.8828125 23.90625 -4.229736328125 20.91796875 -130.78125
339.763 384.622 -234.215 564.119
-0.7018455 -0.3456248 -0.6228614 339.7635 -0.1767192 0.9315484 -0.3177859 384.6222 0.6900603 -0.112965 -0.7148816 -234.2154 0 0 0 1
DataSet: 71
69.2578125 -60.439453125 -3.603515625 -11.6455078125 17.05078125 -162.24609375
424.800 267.183 -348.537 610.999
-0.8453251 -0.319338 -0.4283093 424.8002 -0.2119545 0.9363653 -0.2798131 267.1831 0.4904089 -0.145751 -0.8592181 -348.5372 0 0 0 1
DataSet: 72
45.703125 -62.548828125 30.498046875 -7.58056640625 17.314453125 -136.318359375
486.971 415.072 -127.849 652.511
-0.8674175 -0.2483471 -0.4311736 486.9708 -0.1222405 0.9463421 -0.2991552 415.0717 0.4823321 -0.2067856 -0.8512318 -127.8486 0 0 0 1
DataSet: 73
62.2265625 -71.07421875 -20.478515625 -12.139892578125 20.91796875 -149.0625
436.825 187.280 -235.282 530.328
-0.8788744 -0.3225687 -0.3514673 436.8248 -0.1912719 0.9132035 -0.3598256 187.2801 0.4370296 -0.2490157 -0.8642895 -235.2825 0 0 0 1
DataSet: 74
70.576171875 -73.53515625 -19.86328125 -9.613037109375 20.91796875 -100.1953125
400.481 192.191 -270.441 520.058
-0.2157553 -0.3485028 -0.9121379 400.4808 0.1020477 0.9209761 -0.3760177 192.1906 0.9711004 -0.1742094 -0.1631415 -270.4407 0 0 0 1
DataSet: 75
83.583984375 -91.728515625 -3.33984375 -8.404541015625 18.720703125 -127.6171875
370.474 268.519 -245.737 519.365
-0.6873292 -0.2981068 -0.6623526 370.4738 -0.07802626 0.9369233 -0.3407149 268.5186 0.7221431 -0.1825024 -0.6672348 -245.7372 0 0 0 1
DataSet: 76
88.06640625 -92.431640625 33.310546875 -6.70166015625 17.05078125 -138.076171875
316.921 426.614 -264.153 593.478
-0.7617118 -0.2838765 -0.5824167 316.9214 -0.1387025 0.9495128 -0.2814018 426.6141 0.6328955 -0.1335645 -0.7626296 -264.153 0 0 0 1
DataSet: 77
67.587890625 -90.05859375 7.998046875 -4.72412109375 19.3359375 -130.078125
414.904 319.705 -128.689 539.368
-0.8595619 -0.2762645 -0.42992 414.9043 -0.1494348 0.9403879 -0.3055157 319.7053 0.4886947 -0.1983647 -0.8496051 -128.6891 0 0 0 1
DataSet: 78
61.083984375 -89.35546875 -20.830078125 4.833984375 6.328125 -115.048828125
451.778 209.157 -16.660 498.124
-0.7963265 -0.1367449 -0.589207 451.7776 -0.1228442 0.9903717 -0.06382168 209.1567 0.5922612 0.02155777 -0.8054576 -16.66001 0 0 0 1
DataSet: 79
80.15625 -74.23828125 -19.16015625 0.054931640625 15.205078125 -158.73046875
385.312 208.439 -285.418 522.853
-0.8570919 -0.2607815 -0.444282 385.3119 -0.2447574 0.9649928 -0.09424816 208.4389 0.4533071 0.02796195 -0.8909158 -285.4183 0 0 0 1
DataSet: 80
69.697265625 -119.677734375 -20.91796875 8.1298828125 10.634765625 -91.58203125
290.353 203.523 67.969 361.035
-0.7747365 -0.2251141 -0.5908528 290.3531 -0.1464075 0.9729462 -0.1787191 203.5233 0.6151002 -0.05195495 -0.7867353 67.96873 0 0 0 1
DataSet: 81
13.974609375 -68.0859375 1.845703125 7.635498046875 -0.87890625 -83.84765625
472.793 307.854 319.958 648.599
-0.7353541 -0.09864134 -0.6704656 472.7927 -0.1337346 0.9910168 0.0008755901 307.8544 0.6643564 0.09030831 -0.7419401 319.9582 0 0 0 1
DataSet: 82
19.951171875 -71.162109375 -21.26953125 7.855224609375 9.31640625 -85.166015625
439.267 203.461 227.914 535.067
-0.7187561 -0.2065382 -0.6638762 439.2669 -0.1226703 0.9775497 -0.171314 203.4613 0.684355 -0.04169505 -0.7279559 227.914 0 0 0 1
DataSet: 83
79.98046875 -114.31640625 13.88671875 5.60302734375 11.6015625 -106.259765625
332.442 355.758 -18.206 487.250
-0.7622745 -0.2200067 -0.6087155 332.4421 -0.1497691 0.9748896 -0.1648013 355.7576 0.6296878 -0.03445703 -0.7760837 -18.20622 0 0 0 1
DataSet: 84
64.423828125 -88.212890625 29.619140625 -1.318359375 5.537109375 -127.001953125
455.314 426.434 -84.304 629.495
-0.8707296 -0.07905497 -0.4853661 455.3139 -0.03968237 0.9950705 -0.0908853 426.4344 0.4901584 -0.05987605 -0.8695744 -84.30376 0 0 0 1
DataSet: 85
11.689453125 -27.65625 -16.259765625 1.86767578125 6.943359375 -136.7578125
621.337 228.895 65.322 665.371
-0.8827882 -0.1251239 -0.4528013 621.3367 -0.1103437 0.9921388 -0.05903284 228.8947 0.4566281 -0.002149738 -0.8896551 65.32242 0 0 0 1
DataSet: 86
-17.314453125 -8.3203125 -17.490234375 1.922607421875 0.263671875 -115.13671875
620.309 225.879 268.149 712.536
-0.774377 -0.01866344 -0.6324492 620.3088 -0.03232599 0.9994265 0.0100874 225.8786 0.6318982 0.02825599 -0.7745361 268.1492 0 0 0 1
DataSet: 87
-0.087890625 -56.220703125 -21.26953125 3.021240234375 3.427734375 -68.642578125
463.587 209.290 343.435 613.729
-0.5731174 -0.07694149 -0.8158532 463.5872 -0.02734247 0.9968235 -0.07480101 209.2895 0.819017 -0.02056232 -0.5734007 343.4349 0 0 0 1
DataSet: 88
-18.896484375 -25.810546875 -16.34765625 -0.32958984375 -24.873046875 -73.65234375
635.148 202.844 470.860 816.253
-0.4940237 0.3026038 -0.8150899 635.1483 -0.1128649 0.907227 0.4052169 202.8443 0.8620917 0.2921818 -0.4140383 470.86 0 0 0 1
DataSet: 89
-17.314453125 -26.865234375 15.8203125 -0.604248046875 -34.27734375 -81.2109375
673.011 319.103 490.286 891.713
-0.5987737 0.4099759 -0.6880333 673.011 -0.07562838 0.8262751 0.5581664 319.1031 0.7973396 0.3862502 -0.463746 490.2863 0 0 0 1
DataSet: 90
35.947265625 -87.421875 4.306640625 0.439453125 6.416015625 -81.474609375
454.565 319.561 167.264 580.281
-0.6820049 -0.07556549 -0.7274333 454.5647 0.00898062 0.9937075 -0.1116457 319.5612 0.7312924 -0.08267574 -0.6770348 167.2643 0 0 0 1
DataSet: 91
82.96875 -115.283203125 21.533203125 0.604248046875 7.470703125 -111.181640625
350.572 393.035 -46.269 528.694
-0.8009317 -0.1154724 -0.5875156 350.5719 -0.05681013 0.9914563 -0.1174178 393.0347 0.5960546 -0.06066681 -0.8006488 -46.269 0 0 0 1
DataSet: 92
87.71484375 -93.134765625 5.009765625 2.032470703125 16.611328125 -145.546875
357.247 311.768 -210.541 518.799
-0.8392559 -0.2878098 -0.4613189 357.2469 -0.2556477 0.9576632 -0.1323836 311.7685 0.4798895 0.006831354 -0.8773023 -210.5407 0 0 0 1
DataSet: 93
69.9609375 -95.771484375 -14.23828125 2.30712890625 1.142578125 -113.115234375
462.752 239.612 -43.390 522.911
-0.7533271 -0.03547505 -0.6566885 462.7516 -0.04484614 0.9989907 -0.002520873 239.6122 0.6561152 0.02755091 -0.7541577 -43.38985 0 0 0 1
DataSet: 94
38.14453125 -78.45703125 -14.94140625 3.076171875 14.501953125 -92.197265625
458.585 226.845 83.317 518.363
-0.6735196 -0.2245585 -0.7042335 458.5847 -0.06321113 0.9667441 -0.2478109 226.8446 0.7364616 -0.1223901 -0.6653157 83.31728 0 0 0 1
DataSet: 95
90.703125 -110.80078125 -5.361328125 2.96630859375 17.05078125 -122.6953125
317.887 264.978 -120.594 431.056
-0.7709545 -0.2923649 -0.5658197 317.8873 -0.2017258 0.9547643 -0.2184762 264.9783 0.6040992 -0.05429479 -0.7950574 -120.5943 0 0 0 1
DataSet: 96
98.701171875 -95.68359375 -0.615234375 1.0986328125 14.501953125 -152.841796875
322.702 289.974 -264.493 508.112
-0.8364078 -0.2490886 -0.4882386 322.7021 -0.2315157 0.9679611 -0.09722005 289.9744 0.4968123 0.03171928 -0.8672782 -264.4927 0 0 0 1
DataSet: 97
63.193359375 -74.150390625 -21.181640625 0.604248046875 13.53515625 -133.154296875
456.733 202.198 -157.298 523.671
-0.7911792 -0.2317242 -0.5659853 456.7328 -0.1677611 0.9721724 -0.1635144 202.1985 0.5881256 -0.03441889 -0.8080369 -157.2981 0 0 0 1
DataSet: 98
60.205078125 -81.26953125 13.095703125 1.64794921875 1.0546875 -116.71875
519.592 359.765 -59.594 634.790
-0.7403183 -0.02751119 -0.6716934 519.5919 -0.03395995 0.9994171 -0.003504535 359.7646 0.6713982 0.0202162 -0.740821 -59.59388 0 0 0 1
DataSet: 99
47.28515625 -83.203125 -7.119140625 1.922607421875 20.7421875 -113.02734375
432.382 251.152 13.483 500.213
-0.8331115 -0.3052275 -0.4612607 432.3818 -0.1693366 0.934657 -0.3126361 251.152 0.5265457 -0.1823524 -0.8303597 13.48284 0 0 0 1
DataSet: 100
23.291015625 -64.921875 8.525390625 2.252197265625 7.91015625 -102.744140625
518.963 336.936 169.213 641.469
-0.8099847 -0.1287213 -0.5721499 518.9631 -0.06866526 0.98972 -0.1254571 336.9363 0.5824172 -0.06233149 -0.8104968 169.2133 0 0 0 1
DataSet: 101
49.74609375 -104.912109375 5.625 5.108642578125 14.23828125 -82.705078125
349.180 316.833 117.758 485.980
-0.742914 -0.2113332 -0.6351512 349.1797 -0.0572173 0.9654309 -0.2543017 316.833 0.666937 -0.1525826 -0.729324 117.7584 0 0 0 1
DataSet: 102
64.51171875 -104.736328125 31.025390625 5.2734375 20.7421875 -85.60546875
316.716 412.509 -19.808 520.447
-0.5880608 -0.3259169 -0.740245 316.7157 -0.06461626 0.9312252 -0.3586701 412.5093 0.8062315 -0.163088 -0.5686766 -19.80788 0 0 0 1
DataSet: 103
85.869140625 -97.353515625 -0.3515625 0.32958984375 20.91796875 -126.5625
340.487 280.897 -186.223 479.076
-0.7049708 -0.3509527 -0.6163183 340.487 -0.2173 0.9340771 -0.2833385 280.8971 0.6751273 -0.06581942 -0.7347591 -186.2233 0 0 0 1
DataSet: 104
63.017578125 -88.740234375 -21.26953125 -0.98876953125 15.380859375 -119.8828125
423.343 199.376 -83.508 475.336
-0.8100249 -0.2317295 -0.538666 423.3433 -0.1171651 0.9640405 -0.2385336 199.3763 0.5745711 -0.1301053 -0.8080475 -83.50753 0 0 0 1
DataSet: 105
49.306640625 -81.357421875 24.43359375 3.350830078125 1.40625 -105.29296875
501.115 406.846 38.321 646.613
-0.7342891 -0.0518088 -0.6768571 501.1145 -0.06284177 0.9979897 -0.008215367 406.8462 0.675922 0.03650244 -0.7360686 38.32124 0 0 0 1
DataSet: 106
14.677734375 -66.6796875 16.435546875 5.9326171875 -10.01953125 -85.078125
516.532 368.049 332.294 716.020
-0.7276909 0.02690272 -0.6853774 516.532 -0.1178251 0.9794743 0.163546 368.0491 0.6757094 0.1997656 -0.7095848 332.2943 0 0 0 1
DataSet: 107
23.73046875 -73.18359375 -20.830078125 6.976318359375 -2.724609375 -84.0234375
487.325 209.490 252.056 587.285
-0.6820824 -0.06128793 -0.7287026 487.3249 -0.1257117 0.9914743 0.03428058 209.4901 0.7203889 0.1149886 -0.6839718 252.0561 0 0 0 1
DataSet: 108
71.630859375 -107.4609375 -18.896484375 -17.7978515625 4.74609375 -122.16796875
456.939 204.670 -82.544 507.442
-0.9098578 0.1112323 -0.3997326 456.9393 0.2167951 0.9488761 -0.229421 204.6704 0.3537777 -0.2954006 -0.887457 -82.5438 0 0 0 1
DataSet: 109
0.263671875 -38.818359375 -21.181640625 -8.074951171875 5.888671875 -94.130859375
584.445 206.035 208.167 653.728
-0.6721606 0.006855173 -0.7403737 584.4453 0.1327863 0.9848606 -0.1114334 206.0352 0.7284009 -0.1732126 -0.6628948 208.1668 0 0 0 1
DataSet: 110
70.3125 -111.064453125 -21.357421875 -3.350830078125 1.0546875 -93.955078125
410.775 209.319 17.754 461.373
-0.7024082 0.02420476 -0.7113627 410.7747 0.05704306 0.9981212 -0.02236303 209.3189 0.7094849 -0.05628628 -0.7024692 17.75384 0 0 0 1
DataSet: 111
92.548828125 -105 16.435546875 -2.471923828125 -2.28515625 -130.869140625
419.943 373.734 -171.876 587.853
-0.8010851 0.04822684 -0.5966045 419.9432 0.05868096 0.998275 0.001902791 373.7343 0.5956671 -0.03348503 -0.8025331 -171.8764 0 0 0 1
DataSet: 112
15.380859375 -37.8515625 -15.908203125 0.6591796875 8.4375 -124.541015625
597.483 229.477 82.187 645.291
-0.8327244 -0.1399396 -0.5357117 597.4828 -0.09266668 0.9891111 -0.1143338 229.4767 0.5458782 -0.04556595 -0.8366246 82.1868 0 0 0 1
DataSet: 113
27.861328125 -63.33984375 -21.09375 5.0537109375 -9.580078125 -101.513671875
592.354 205.600 175.692 651.170
-0.7284815 0.08511218 -0.6797578 592.3545 -0.05322718 0.9822207 0.1800258 205.6004 0.6829946 0.1673271 -0.7109993 175.6915 0 0 0 1
DataSet: 114
25.6640625 -70.546875 -9.84375 8.23974609375 -1.0546875 -93.515625
509.347 255.793 230.407 614.778
-0.740616 -0.08807264 -0.6661314 509.3473 -0.1419287 0.9895094 0.02697066 255.7934 0.6567679 0.1145181 -0.7453465 230.4069 0 0 0 1
DataSet: 115
30.9375 -68.701171875 -21.005859375 9.66796875 -6.591796875 -111.708984375
546.589 205.075 187.884 613.283
-0.85574 -0.01141614 -0.5172801 546.5895 -0.1141685 0.9792806 0.1672574 205.075 0.5046529 0.202186 -0.839313 187.8838 0 0 0 1
DataSet: 116
17.9296875 -67.55859375 -15.556640625 4.229736328125 7.470703125 -78.3984375
476.429 230.886 232.075 578.059
-0.6165799 -0.1399331 -0.7747567 476.4287 -0.0461727 0.9888109 -0.1418486 230.8861 0.7859372 -0.05168841 -0.616142 232.0753 0 0 0 1
DataSet: 117
-3.69140625 -57.451171875 10.8984375 2.74658203125 -7.998046875 -77.958984375
469.945 347.128 438.912 730.746
-0.7546486 0.0255931 -0.6556299 469.9449 -0.07585704 0.9891352 0.1259254 347.1281 0.6517294 0.1447635 -0.7445081 438.9121 0 0 0 1
DataSet: 118
1.58203125 -58.505859375 -11.77734375 5.38330078125 -13.53515625 -71.630859375
505.029 240.851 429.104 705.120
-0.6187323 0.0512981 -0.7839253 505.0294 -0.1624679 0.9679384 0.1915712 240.8512 0.7686186 0.245894 -0.5905604 429.1038 0 0 0 1
DataSet: 119
55.8984375 -106.58203125 -17.314453125 4.888916015625 5.361328125 -88.330078125
374.291 224.377 113.313 450.865
-0.752313 -0.1248475 -0.6468681 374.2914 -0.08247502 0.992003 -0.09554042 224.3774 0.6536231 -0.01852583 -0.7565935 113.3129 0 0 0 1
DataSet: 120
88.681640625 -106.0546875 -13.88671875 6.48193359375 -1.494140625 -122.080078125
413.226 239.394 -90.721 486.102
-0.7585516 -0.008811339 -0.6515534 413.2255 -0.08189251 0.9932697 0.08190835 239.394 0.6464465 0.1154891 -0.7541679 -90.72119 0 0 0 1
DataSet: 121
74.970703125 -93.662109375 17.666015625 4.559326171875 -9.66796875 -116.103515625
509.048 374.233 -70.361 635.713
-0.6996236 0.1339681 -0.70184 509.0478 0.002274839 0.982678 0.1853072 374.2328 0.7145079 0.1280487 -0.6878095 -70.36131 0 0 0 1
DataSet: 122
8.349609375 -47.607421875 1.142578125 4.833984375 -6.6796875 -91.494140625
600.914 304.334 281.522 730.049
-0.6505602 0.03710197 -0.7585478 600.9139 -0.08121805 0.9896792 0.1180628 304.334 0.7550994 0.1384147 -0.6408325 281.5219 0 0 0 1
DataSet: 123
59.0625 -99.990234375 -17.490234375 5.767822265625 9.31640625 -95.44921875
395.301 220.553 51.360 455.570
-0.7186343 -0.1872793 -0.6696948 395.3008 -0.1153389 0.9818135 -0.1507953 220.5526 0.6857563 -0.03112485 -0.7271654 51.3597 0 0 0 1
DataSet: 124
63.193359375 -99.19921875 18.017578125 5.767822265625 -0.615234375 -116.279296875
442.806 379.406 49.405 585.207
-0.8828648 -0.05038958 -0.4669161 442.8065 -0.08538077 0.99488 0.05407416 379.4062 0.4618006 0.08760583 -0.8826468 49.40474 0 0 0 1
DataSet: 125
14.150390625 -34.599609375 2.98828125 -9.063720703125 -14.0625 -136.845703125
740.485 302.907 72.860 803.355
-0.8892793 0.281057 -0.3608175 740.485 0.2827913 0.9579192 0.04919247 302.9066 0.3594599 -0.05829019 -0.9313382 72.86035 0 0 0 1
DataSet: 126
14.4140625 -34.86328125 6.85546875 3.40576171875 20.7421875 -102.392578125
547.614 312.609 67.164 634.127
-0.5271075 -0.351255 -0.7738072 547.6139 -0.133895 0.9335318 -0.3325514 312.6095 0.839184 -0.07168143 -0.5391029 67.16441 0 0 0 1
DataSet: 127
3.427734375 -33.369140625 3.603515625 10.7666015625 -16.5234375 -106.69921875
679.341 300.763 292.564 798.471
-0.7159832 0.157061 -0.6802205 679.3411 -0.09864514 0.9418268 0.3212966 300.7633 0.6911131 0.2971434 -0.6588387 292.5638 0 0 0 1
DataSet: 128
28.564453125 -54.0234375 -16.435546875 17.90771484375 -8.96484375 -126.474609375
611.404 212.359 165.152 667.972
-0.871344 0.01013417 -0.490568 611.4041 -0.1591078 0.9399289 0.3020236 212.3592 0.4641598 0.3412196 -0.8173891 165.1516 0 0 0 1
DataSet: 129
38.84765625 -42.509765625 3.69140625 11.75537109375 -0.087890625 -162.59765625
629.999 312.401 -69.928 706.670
-0.9709998 -0.01148208 -0.2388042 629.999 -0.05949951 0.9790252 0.1948574 312.4006 0.231558 0.2034153 -0.9513165 -69.92819 0 0 0 1
DataSet: 130
59.58984375 -79.86328125 11.42578125 7.086181640625 7.3828125 -144.052734375
484.575 347.910 -48.116 598.472
-0.9505193 -0.1629283 -0.2645136 484.575 -0.1756506 0.9841348 0.02501138 347.9095 0.256242 0.07023577 -0.9640576 -48.11618 0 0 0 1
DataSet: 131
-17.578125 3.369140625 23.994140625 10.986328125 -17.666015625 -122.783203125
720.041 386.137 254.360 855.722
-0.7104118 0.2496115 -0.6580343 720.041 0.001083803 0.9353786 0.3536462 386.1365 0.7037854 0.2505213 -0.6647745 254.36 0 0 0 1
DataSet: 132
18.896484375 -46.81640625 -8.0859375 17.46826171875 0.439453125 -116.015625
579.725 252.709 200.327 663.381
-0.7884656 -0.1473272 -0.597174 579.7255 -0.2729708 0.9538553 0.1250879 252.7091 0.5511888 0.2616386 -0.7922981 200.3266 0 0 0 1
DataSet: 133
52.734375 -85.3125 13.7109375 12.359619140625 -4.04296875 -107.2265625
499.202 354.851 95.186 619.824
-0.7537147 -0.05555533 -0.6548494 499.2018 -0.184049 0.9743925 0.1291713 354.8506 0.6309042 0.2178826 -0.7446389 95.18561 0 0 0 1
DataSet: 134
65.302734375 -74.853515625 31.552734375 9.8876953125 20.126953125 -149.853515625
389.408 412.620 -133.663 582.889
-0.8742944 -0.3660836 -0.3187351 389.4078 -0.3793786 0.9249858 -0.02175334 412.6204 0.302789 0.1019024 -0.9475942 -133.6631 0 0 0 1
DataSet: 135
73.30078125 -59.912109375 -1.318359375 0.439453125 10.72265625 -168.486328125
443.908 291.257 -329.234 624.724
-0.8907076 -0.1792535 -0.4177417 443.9075 -0.1838367 0.9825104 -0.02962034 291.2574 0.4157451 0.0504132 -0.9080829 -329.2339 0 0 0 1
DataSet: 136
73.30078125 -91.904296875 20.0390625 50.86669921875 12.568359375 -146.6015625
337.247 273.309 87.223 442.765
-0.8381542 -0.4477598 -0.3114621 337.2469 -0.5416357 0.6160031 0.5719886 273.309 -0.06425191 0.6481137 -0.7588283 87.2225 0 0 0 1
DataSet: 137
52.20703125 -93.3984375 -13.7109375 -29.6630859375 17.2265625 -86.572265625
505.855 190.771 -84.182 547.146
-0.5225015 0.08845048 -0.8480382 505.8547 0.5093998 0.8299704 -0.2272903 190.7708 0.6837426 -0.55075 -0.4787174 -84.18249 0 0 0 1
DataSet: 138
88.330078125 -116.07421875 13.88671875 -28.179931640625 11.25 -108.28125
400.643 322.387 -205.300 553.711
-0.6753725 0.04295405 -0.7362248 400.6428 0.3944645 0.8645318 -0.3114204 322.3865 0.6231129 -0.5007393 -0.6008248 -205.3001 0 0 0 1
DataSet: 139
89.12109375 -116.07421875 31.640625 -12.249755859375 2.4609375 -83.408203125
377.316 428.478 -135.999 586.905
-0.3373081 0.05780717 -0.9396178 377.3162 0.2155878 0.9763308 -0.01732681 428.4784 0.9163761 -0.2084146 -0.3417868 -135.9989 0 0 0 1
DataSet: 140
63.984375 -107.98828125 30.41015625 -11.151123046875 2.724609375 -72.333984375
430.897 424.917 -0.907 605.167
-0.4294754 0.1000109 -0.8975236 430.8968 0.1984303 0.9800114 0.01425126 424.9171 0.8810087 -0.1719753 -0.440736 -0.9072402 0 0 0 1
DataSet: 141
29.00390625 -64.74609375 7.470703125 -9.393310546875 2.4609375 -99.755859375
593.408 331.085 83.288 684.608
-0.7060741 0.06039887 -0.7055575 593.4084 0.1536722 0.9856813 -0.06940602 331.0851 0.6912628 -0.1574304 -0.7052457 83.28802 0 0 0 1
DataSet: 142
25.83984375 -66.064453125 4.921875 26.312255859375 -6.591796875 -92.724609375
502.116 291.060 295.022 651.057
-0.6158389 -0.1967124 -0.7629198 502.1162 -0.4378704 0.8904658 0.1238556 291.0605 0.6549901 0.4103351 -0.634518 295.0222 0 0 0 1
DataSet: 143
31.2890625 -64.833984375 -20.830078125 9.33837890625 -0.439453125 -125.33203125
542.318 208.052 142.606 598.106
-0.9272177 -0.08327094 -0.3651482 542.3179 -0.1280012 0.9867182 0.1000142 208.0519 0.3519701 0.1394744 -0.9255614 142.6061 0 0 0 1
DataSet: 144
75.234375 -91.552734375 -11.689453125 10.3271484375 13.447265625 -145.546875
396.841 237.873 -93.446 472.016
-0.9163972 -0.272171 -0.2934946 396.8412 -0.2900699 0.9568287 0.01839297 237.8732 0.275818 0.1019892 -0.9557838 -93.44624 0 0 0 1
DataSet: 145
71.19140625 -81.708984375 27.333984375 9.393310546875 10.1953125 -154.775390625
422.243 410.255 -127.844 602.447
-0.9473788 -0.203352 -0.2472274 422.2428 -0.2275339 0.971013 0.07322564 410.2555 0.2251704 0.125625 -0.9661866 -127.8442 0 0 0 1
DataSet: 146
63.10546875 -80.126953125 -12.48046875 12.030029296875 11.07421875 -147.568359375
453.437 235.351 -58.201 514.181
-0.9356811 -0.2435423 -0.2553193 453.437 -0.270338 0.9598266 0.07516771 235.3508 0.2267558 0.1393555 -0.9639304 -58.20119 0 0 0 1
DataSet: 147
27.685546875 -64.74609375 -19.775390625 -25.543212890625 15.1171875 -108.369140625
574.676 177.456 -11.612 601.563
-0.7801827 0.0427553 -0.6240889 574.6765 0.3350674 0.8710371 -0.3591993 177.4561 0.5282469 -0.489353 -0.693894 -11.61202 0 0 0 1
DataSet: 148
36.5625 -75.205078125 -16.875 -1.64794921875 17.9296875 -97.470703125
469.306 213.853 50.202 518.172
-0.7162427 -0.2233618 -0.6611398 469.3062 -0.01149577 0.9510415 -0.3088493 213.8531 0.6977566 -0.2136108 -0.6837443 50.20162 0 0 0 1
DataSet: 149
37.08984375 -74.765625 16.083984375 3.240966796875 -3.603515625 -99.84375
545.292 371.679 132.999 673.184
-0.7366483 0.01526035 -0.6761039 545.2918 -0.04497498 0.9964266 0.07149278 371.6792 0.6747789 0.08307279 -0.7333296 132.9987 0 0 0 1
DataSet: 150
52.646484375 -95.068359375 -6.328125 21.64306640625 -4.39453125 -114.697265625
417.701 252.249 189.608 523.503
-0.8851658 -0.1915074 -0.4240358 417.7014 -0.3053282 0.9267669 0.2188102 252.2486 0.3510786 0.3231534 -0.8788149 189.6085 0 0 0 1
DataSet: 151
66.005859375 -79.599609375 5.888671875 1.5380859375 10.37109375 -154.86328125
472.022 323.402 -134.673 587.818
-0.9643348 -0.1811855 -0.1929515 472.0221 -0.1743171 0.983308 -0.05214304 323.4019 0.1991783 -0.0166486 -0.9798219 -134.6733 0 0 0 1
DataSet: 152
65.302734375 -73.798828125 31.201171875 3.570556640625 -2.4609375 -138.515625
512.126 433.108 -151.094 687.521
-0.8382047 0.03327451 -0.5443398 512.1257 -0.009149517 0.9971384 0.07504222 433.108 0.545279 0.06788118 -0.8355016 -151.094 0 0 0 1
DataSet: 153
43.59375 -79.775390625 20.302734375 5.108642578125 -9.404296875 -96.6796875
548.202 385.274 124.174 681.455
-0.6776345 0.08002751 -0.7310315 548.202 -0.06950913 0.9826409 0.1720037 385.2738 0.7321066 0.167369 -0.6603087 124.1745 0 0 0 1
DataSet: 154
34.013671875 -90.76171875 -21.09375 5.82275390625 -7.822265625 -78.22265625
438.014 206.617 260.271 549.807
-0.7012058 -0.009424157 -0.7128966 438.0145 -0.1269517 0.9855835 0.1118409 206.6173 0.7015651 0.1689269 -0.6922933 260.2708 0 0 0 1
DataSet: 155
95.185546875 -125.21484375 -15.46875 11.151123046875 15.556640625 -111.4453125
249.072 218.067 -30.645 332.460
-0.7524521 -0.3254302 -0.5726351 249.0724 -0.2762108 0.9451779 -0.1742018 218.0673 0.5979326 0.02708953 -0.8010885 -30.64482 0 0 0 1
DataSet: 156
74.53125 -102.5390625 17.578125 7.36083984375 2.373046875 -104.4140625
413.924 376.350 -16.829 559.693
