   2.4242116e-02   9.8693502e-01  -1.5928459e-01   1.1654246e+02
  -9.9844295e-01   1.5895171e-02  -5.3469509e-02  -9.1232941e+01
  -5.0239071e-02   1.6033280e-01   9.8578364e-01  -1.0450671e+03
   0.0000000e+00   0.0000000e+00   0.0000000e+00   1.0000000e+00
   2.4237340e-02   9.8699653e-01  -1.5890381e-01   1.1643640e+02
  -9.9846816e-01   1.5991269e-02  -5.2968431e-02  -9.1059822e+01
  -4.9738586e-02   1.5994421e-01   9.8587215e-01  -1.0450486e+03
   0.0000000e+00   0.0000000e+00   0.0000000e+00   1.0000000e+00
   3.7376560e-02   9.7961587e-01  -1.9737200e-01   6.4471390e+01
  -9.9929637e-01   3.7256315e-02  -4.3237354e-03  -7.2179741e+01
   3.1177623e-03   1.9739473e-01   9.8031914e-01  -1.0284015e+03
   0.0000000e+00   0.0000000e+00   0.0000000e+00   1.0000000e+00
   7.4802212e-02   9.8901290e-01  -1.2750727e-01   1.1128023e+02
  -9.9184155e-01   6.0553912e-02  -1.1217664e-01   8.2497971e+01
  -1.0322308e-01   1.3485807e-01   9.8547363e-01  -1.0485076e+03
   0.0000000e+00   0.0000000e+00   0.0000000e+00   1.0000000e+00
   7.3589265e-02   8.6988324e-01  -4.8773739e-01   1.9870601e+02
  -9.9567586e-01   9.1886759e-02   1.3654262e-02  -8.3175840e+00
   5.6694239e-02   4.8462352e-01   8.7288362e-01  -9.7804639e+02
   0.0000000e+00   0.0000000e+00   0.0000000e+00   1.0000000e+00
   1.3583174e-01   9.4089454e-01  -3.1026953e-01   2.7351025e+01
  -9.8929787e-01   1.4565603e-01   8.6019337e-03  -1.9612228e+01
   5.3286154e-02   3.0578056e-01   9.5060968e-01  -1.1681730e+03
   0.0000000e+00   0.0000000e+00   0.0000000e+00   1.0000000e+00
   3.7723541e-02   9.8412007e-01  -1.7344896e-01   5.2159035e+01
  -9.9634236e-01   5.0359305e-02   6.9034979e-02  -3.0352743e+01
   7.6673478e-02   1.7021030e-01   9.8242027e-01  -1.0164712e+03
   0.0000000e+00   0.0000000e+00   0.0000000e+00   1.0000000e+00
   8.9647673e-02   9.8011339e-01  -1.7703392e-01  -2.4589790e+01
  -9.9543375e-01   9.4023608e-02   1.6468493e-02   5.1811504e+01
   3.2786358e-02   1.7474918e-01   9.8406696e-01  -1.2171681e+03
   0.0000000e+00   0.0000000e+00   0.0000000e+00   1.0000000e+00
  -4.8034661e-02   9.1086203e-01  -4.0990615e-01   5.6894821e+01
  -9.9571741e-01  -1.1212473e-02   9.1767192e-02   6.1201572e-01
   7.8991205e-02   4.1255867e-01   9.0749973e-01  -9.8612781e+02
   0.0000000e+00   0.0000000e+00   0.0000000e+00   1.0000000e+00
   1.4490473e-01   9.7165114e-01  -1.8680672e-01  -2.5043549e+01
  -9.6270549e-01   9.4856985e-02  -2.5337783e-01   1.8803600e+02
  -2.2847490e-01   2.1655552e-01   9.4915909e-01  -1.2103298e+03
   0.0000000e+00   0.0000000e+00   0.0000000e+00   1.0000000e+00
   1.2803040e-01   9.6255720e-01  -2.3893924e-01   9.6319260e+01
  -9.9124593e-01   1.3202670e-01   7.2672224e-04  -2.2593418e+01
   3.2245874e-02   2.3675449e-01   9.7103423e-01  -1.0661448e+03
   0.0000000e+00   0.0000000e+00   0.0000000e+00   1.0000000e+00
   1.0473448e-01   8.6896884e-01  -4.8365673e-01   9.0604744e+01
  -9.9120116e-01   1.3079083e-01   2.0345464e-02  -1.2293983e+01
   8.0937430e-02   4.7727025e-01   8.7502128e-01  -9.8587427e+02
   0.0000000e+00   0.0000000e+00   0.0000000e+00   1.0000000e+00
   1.8119867e-01   9.7582233e-01  -1.2222022e-01  -4.3564034e+01
  -9.8335534e-01   1.7808500e-01  -3.6028117e-02   9.0405075e+01
  -1.3391457e-02   1.2671416e-01   9.9184889e-01  -1.2449847e+03
   0.0000000e+00   0.0000000e+00   0.0000000e+00   1.0000000e+00
   7.1843751e-02   9.9003565e-01  -1.2111120e-01   6.1896130e+01
  -9.9737507e-01   7.0210993e-02  -1.7700970e-02   5.7931223e+00
  -9.0212561e-03   1.2206499e-01   9.9248111e-01  -1.0110890e+03
   0.0000000e+00   0.0000000e+00   0.0000000e+00   1.0000000e+00
   7.1843751e-02   9.9003565e-01  -1.2111120e-01   6.1896130e+01
  -9.9737507e-01   7.0210993e-02  -1.7700970e-02   5.7931223e+00
  -9.0212561e-03   1.2206499e-01   9.9248111e-01  -1.0110890e+03
   0.0000000e+00   0.0000000e+00   0.0000000e+00   1.0000000e+00
   7.6371111e-02   9.7036511e-01  -2.2925748e-01   1.9076193e+02
  -9.8215836e-01   3.3583663e-02  -1.8503261e-01   4.0112194e+01
  -1.7184988e-01   2.3929830e-01   9.5561707e-01  -1.0252710e+03
   0.0000000e+00   0.0000000e+00   0.0000000e+00   1.0000000e+00
  -1.1663541e-01   9.6940792e-01  -2.1597314e-01   4.5389046e+01
  -8.9945042e-01  -1.9531713e-01  -3.9094776e-01   2.3108148e+02
  -4.2117110e-01   1.4865881e-01   8.9471531e-01  -1.0012452e+03
   0.0000000e+00   0.0000000e+00   0.0000000e+00   1.0000000e+00
   1.6227663e-01   9.6474570e-01  -2.0720057e-01   2.7722706e+01
  -9.8223048e-01   1.3786852e-01  -1.2734027e-01   8.3701897e+01
  -9.4284542e-02   2.2418307e-01   9.6997547e-01  -1.1053947e+03
   0.0000000e+00   0.0000000e+00   0.0000000e+00   1.0000000e+00
   1.9217532e-02   9.7752017e-01  -2.0996454e-01   2.8907837e+01
  -9.9831086e-01   3.0276971e-02   4.9585875e-02  -1.1446442e+02
   5.4828297e-02   2.0865695e-01   9.7645080e-01  -1.1236643e+03
   0.0000000e+00   0.0000000e+00   0.0000000e+00   1.0000000e+00
   4.1509353e-02   9.0433222e-01  -4.2480606e-01   1.6542819e+02
  -9.8887283e-01   9.7974949e-02   1.1194388e-01  -6.3972588e+01
   1.4285481e-01   4.1543245e-01   8.9833647e-01  -1.0992657e+03
   0.0000000e+00   0.0000000e+00   0.0000000e+00   1.0000000e+00
   1.2440975e-01   9.0672034e-01  -4.0296447e-01   6.3439518e+01
  -9.6419299e-01   2.0633735e-01   1.6660343e-01   1.5963820e+01
   2.3420936e-01   3.6780843e-01   8.9992386e-01  -1.1234725e+03
   0.0000000e+00   0.0000000e+00   0.0000000e+00   1.0000000e+00
   1.1916216e-01   9.4237453e-01  -3.1261876e-01   8.2021790e+00
  -9.8564142e-01   1.5021448e-01   7.7113539e-02  -8.9050274e+00
   1.1962970e-01   2.9894102e-01   9.4674337e-01  -1.2443960e+03
   0.0000000e+00   0.0000000e+00   0.0000000e+00   1.0000000e+00
   1.6670829e-01   9.8305792e-01   7.6193810e-02  -8.3700310e+01
  -9.7736430e-01   1.5454441e-01   1.4448184e-01   1.4960054e+01
   1.3025868e-01  -9.8555431e-02   9.8656958e-01  -1.3662538e+03
   0.0000000e+00   0.0000000e+00   0.0000000e+00   1.0000000e+00
   2.2175023e-01   9.7057223e-01  -9.3895413e-02  -7.8762558e+01
  -9.7506130e-01   2.2160578e-01  -1.2094879e-02   2.4938446e+02
   9.0688141e-03   9.4235830e-02   9.9550861e-01  -1.3132297e+03
   0.0000000e+00   0.0000000e+00   0.0000000e+00   1.0000000e+00
   2.0113698e-01   9.1296864e-01  -3.5500997e-01   6.9386436e+01
  -9.7552812e-01   2.1955144e-01   1.1911809e-02   2.5570128e+02
   8.8818051e-02   3.4392631e-01   9.3478662e-01  -1.2954191e+03
   0.0000000e+00   0.0000000e+00   0.0000000e+00   1.0000000e+00
   1.2458792e-01   9.1944271e-01  -3.7296510e-01   1.0022185e+02
  -9.7027993e-01   1.9149014e-01   1.4794694e-01   1.9269333e+02
   2.0744787e-01   3.4344816e-01   9.1597420e-01  -1.1404868e+03
   0.0000000e+00   0.0000000e+00   0.0000000e+00   1.0000000e+00
   2.3995221e-01   9.0180779e-01  -3.5939625e-01   8.7887939e+01
  -9.6667212e-01   2.5599948e-01  -3.0406562e-03   1.3802419e+02
   8.9263164e-02   3.4814793e-01   9.3318009e-01  -1.0431354e+03
   0.0000000e+00   0.0000000e+00   0.0000000e+00   1.0000000e+00
   2.3119248e-01   9.5312935e-01  -1.9517781e-01   3.9583183e+01
  -9.5632547e-01   2.5951326e-01   1.3451545e-01   6.2672264e+01
   1.7886184e-01   1.5555456e-01   9.7149944e-01  -1.1247196e+03
   0.0000000e+00   0.0000000e+00   0.0000000e+00   1.0000000e+00
   1.6939329e-01   9.6546257e-01  -1.9795941e-01   4.2467484e+01
  -9.4301939e-01   2.1714897e-01   2.5211257e-01  -2.6567684e+01
   2.8639194e-01   1.4397338e-01   9.4723350e-01  -1.2801447e+03
   0.0000000e+00   0.0000000e+00   0.0000000e+00   1.0000000e+00
   5.2388843e-02   9.6478558e-01  -2.5776765e-01   9.4096138e+01
  -9.4267625e-01   1.3296425e-01   3.0607516e-01  -1.6971954e+02
   3.2957077e-01   2.2695653e-01   9.1644633e-01  -1.0938923e+03
   0.0000000e+00   0.0000000e+00   0.0000000e+00   1.0000000e+00
   1.4284535e-01   9.5331663e-01  -2.6604992e-01   1.8049562e+02
  -9.8113549e-01   1.7176920e-01   8.8704370e-02   1.0686274e+00
   1.3026252e-01   2.4836004e-01   9.5986927e-01  -1.0953019e+03
   0.0000000e+00   0.0000000e+00   0.0000000e+00   1.0000000e+00
   2.0029235e-01   9.6112031e-01  -1.9008107e-01   9.4345596e+01
  -9.7970170e-01   1.9810832e-01  -3.0622900e-02   9.4386055e+01
   8.2243532e-03   1.9235627e-01   9.8129070e-01  -1.1804220e+03
   0.0000000e+00   0.0000000e+00   0.0000000e+00   1.0000000e+00
   1.7653124e-01   9.5512688e-01  -2.3784322e-01  -3.4626610e+01
  -9.8389822e-01   1.6437013e-01  -7.0190921e-02   7.6774986e+01
  -2.7946927e-02   2.4640439e-01   9.6876407e-01  -1.2062361e+03
   0.0000000e+00   0.0000000e+00   0.0000000e+00   1.0000000e+00
   1.6521326e-01   9.1904598e-01  -3.5785347e-01   1.3652557e+01
  -9.4509882e-01   2.5125545e-01   2.0894720e-01   3.9581551e+01
   2.8194472e-01   3.0368602e-01   9.1009998e-01  -1.1865139e+03
   0.0000000e+00   0.0000000e+00   0.0000000e+00   1.0000000e+00
   1.6514720e-01   9.1899925e-01  -3.5800388e-01   1.3763908e+01
  -9.4523013e-01   2.5109956e-01   2.0854022e-01   3.9344498e+01
   2.8154290e-01   3.0395624e-01   9.1013414e-01  -1.1865560e+03
   0.0000000e+00   0.0000000e+00   0.0000000e+00   1.0000000e+00
   1.3616210e-01   9.8555058e-01  -1.0074673e-01  -3.7800453e+01
  -9.9025404e-01   1.3840175e-01   1.5552342e-02   7.0038155e+01
   2.9271148e-02   9.7647212e-02   9.9479055e-01  -1.3076010e+03
   0.0000000e+00   0.0000000e+00   0.0000000e+00   1.0000000e+00
   2.0579399e-01   9.6944869e-01   1.3348411e-01  -6.1008812e+01
  -9.7822261e-01   2.0755716e-01   7.2154397e-04   8.8666351e+01
  -2.7006084e-02  -1.3072565e-01   9.9105072e-01  -1.3659758e+03
   0.0000000e+00   0.0000000e+00   0.0000000e+00   1.0000000e+00
   7.5273240e-01   6.5688211e-01   4.3587845e-02  -1.2028531e+02
  -6.5831602e-01   7.5069195e-01   5.5512808e-02   2.2941821e+02
   3.7443247e-03  -7.0480861e-02   9.9750608e-01  -1.3498070e+03
   0.0000000e+00   0.0000000e+00   0.0000000e+00   1.0000000e+00
  -3.1047630e-01   9.4186205e-01  -1.2845358e-01  -6.0240898e+00
  -8.8369465e-01  -2.3618948e-01   4.0410182e-01  -1.1353596e+02
   3.5026881e-01   2.3897779e-01   9.0564972e-01  -1.2638915e+03
   0.0000000e+00   0.0000000e+00   0.0000000e+00   1.0000000e+00
  -1.4810577e-01   9.8798811e-01  -4.4092689e-02   2.2555737e+01
  -9.5861650e-01  -1.3245581e-01   2.5201172e-01  -2.0350882e+02
   2.4314426e-01   7.9592369e-02   9.6671915e-01  -1.1139351e+03
   0.0000000e+00   0.0000000e+00   0.0000000e+00   1.0000000e+00
   5.9607816e-01   7.4215788e-01  -3.0641881e-01   1.1431716e+02
  -8.0264997e-01   5.6078780e-01  -2.0315018e-01   1.3732642e+02
   2.1066427e-02   3.6704046e-01   9.2996639e-01  -1.0290397e+03
   0.0000000e+00   0.0000000e+00   0.0000000e+00   1.0000000e+00
   1.1880817e-01   9.1127717e-01  -3.9428234e-01   2.1560710e+02
  -9.8686981e-01   1.5213528e-01   5.4248493e-02   4.6976772e+01
   1.0941965e-01   3.8266015e-01   9.1738677e-01  -1.0696754e+03
   0.0000000e+00   0.0000000e+00   0.0000000e+00   1.0000000e+00
   1.0011944e-01   9.9246442e-01   7.0643686e-02   2.4031227e+01
  -9.9278617e-01   9.4939604e-02   7.3226802e-02   1.6712559e+01
   6.5968111e-02  -7.7465497e-02   9.9481016e-01  -1.1044331e+03
   0.0000000e+00   0.0000000e+00   0.0000000e+00   1.0000000e+00
   1.6417225e-01   9.5397913e-01  -2.5094077e-01  -4.2059303e+01
  -9.4598168e-01   2.2436240e-01   2.3405169e-01   7.9779137e+01
   2.7958211e-01   1.9896057e-01   9.3928087e-01  -1.2561194e+03
   0.0000000e+00   0.0000000e+00   0.0000000e+00   1.0000000e+00
   1.2483118e-01   9.5888817e-01  -2.5485423e-01   4.5243027e+01
  -9.9211442e-01   1.2354364e-01  -2.1119058e-02  -5.2440052e+01
   1.1234805e-02   2.5548089e-01   9.6674883e-01  -1.0870677e+03
   0.0000000e+00   0.0000000e+00   0.0000000e+00   1.0000000e+00
   1.6668908e-01   9.6007496e-01  -2.2465703e-01   9.6131775e+01
  -9.8484641e-01   1.5104996e-01  -8.5213713e-02   1.0312325e+02
  -4.7877114e-02   2.3545687e-01   9.7070479e-01  -1.0750880e+03
   0.0000000e+00   0.0000000e+00   0.0000000e+00   1.0000000e+00
   2.3421147e-01   9.6707761e-01  -9.9528298e-02  -3.4104012e+01
  -8.9240164e-01   2.5447696e-01   3.7264040e-01   1.4297559e+02
   3.8569984e-01   1.5425533e-03   9.2262304e-01  -1.2299670e+03
   0.0000000e+00   0.0000000e+00   0.0000000e+00   1.0000000e+00
   9.8029509e-02   9.9190199e-01  -8.0750234e-02   1.1940982e+02
  -9.9098945e-01   1.0473602e-01   8.3487622e-02   4.7271866e+01
   9.1269009e-02   7.1838379e-02   9.9323171e-01  -1.0990979e+03
   0.0000000e+00   0.0000000e+00   0.0000000e+00   1.0000000e+00
   5.1801652e-02   9.1811234e-01  -3.9292035e-01   5.7902424e+01
  -9.9748701e-01   6.6611014e-02   2.4139537e-02   3.9578915e-01
   4.8335623e-02   3.9068246e-01   9.1925561e-01  -9.8196301e+02
   0.0000000e+00   0.0000000e+00   0.0000000e+00   1.0000000e+00
   2.0628847e-01   9.7660673e-01  -6.0698420e-02   8.4211128e+01
  -9.7569501e-01   2.0998912e-01   6.2640175e-02   4.8334778e+01
   7.3920831e-02   4.6301197e-02   9.9618870e-01  -1.0285369e+03
   0.0000000e+00   0.0000000e+00   0.0000000e+00   1.0000000e+00
   3.7009209e-01   9.2574775e-01  -7.7607200e-02  -5.3493309e+00
  -8.1928432e-01   3.6462742e-01   4.4251558e-01  -1.5631879e+02
   4.3795553e-01  -1.0018913e-01   8.9339638e-01  -1.2376439e+03
   0.0000000e+00   0.0000000e+00   0.0000000e+00   1.0000000e+00
   1.2117787e-01   8.9582062e-01  -4.2757615e-01   1.7574518e+02
  -8.6779350e-01   3.0473593e-01   3.9251807e-01   4.3748684e+00
   4.8192361e-01   3.2348329e-01   8.1431454e-01  -9.8060284e+02
   0.0000000e+00   0.0000000e+00   0.0000000e+00   1.0000000e+00
   1.2117787e-01   8.9582062e-01  -4.2757615e-01   1.7574518e+02
  -8.6779350e-01   3.0473593e-01   3.9251807e-01   4.3748684e+00
   4.8192361e-01   3.2348329e-01   8.1431454e-01  -9.8060284e+02
   0.0000000e+00   0.0000000e+00   0.0000000e+00   1.0000000e+00
   1.7636457e-01   9.7428310e-01  -1.4024222e-01   1.7502289e+00
  -9.8248810e-01   1.6553974e-01  -8.5520037e-02  -4.2078983e+01
  -6.0105082e-02   1.5286902e-01   9.8641700e-01  -1.1750934e+03
   0.0000000e+00   0.0000000e+00   0.0000000e+00   1.0000000e+00
   1.8970941e-01   9.6650022e-01  -1.7288065e-01  -4.8676712e+01
  -9.7597748e-01   1.6641690e-01  -1.4061807e-01   7.2068878e+01
  -1.0713714e-01   1.9540419e-01   9.7485322e-01  -1.2605543e+03
   0.0000000e+00   0.0000000e+00   0.0000000e+00   1.0000000e+00
   1.6039898e-01   9.2803723e-01  -3.3618310e-01   3.4838200e+01
  -9.2850912e-01   2.5741732e-01   2.6759511e-01   6.7467453e+01
   3.3487758e-01   2.6922709e-01   9.0298051e-01  -1.2154684e+03
   0.0000000e+00   0.0000000e+00   0.0000000e+00   1.0000000e+00
   3.3816922e-02   9.2838728e-01  -3.7007228e-01   2.0623087e+02
  -9.9294275e-01   7.3324159e-02   9.3211383e-02  -6.9887642e+01
   1.1367150e-01   3.6430845e-01   9.2431498e-01  -1.0776465e+03
   0.0000000e+00   0.0000000e+00   0.0000000e+00   1.0000000e+00
   1.2654421e-01   9.8077363e-01  -1.4855847e-01  -6.0153053e+01
  -9.8349226e-01   1.4357649e-01   1.1013032e-01   6.1253284e+01
   1.2934242e-01   1.3216975e-01   9.8275208e-01  -1.3454580e+03
   0.0000000e+00   0.0000000e+00   0.0000000e+00   1.0000000e+00
   1.2375496e-01   9.6263194e-01  -2.4088249e-01   8.6643028e+01
  -9.7905988e-01   1.5799104e-01   1.2837675e-01  -4.2545368e+01
   1.6163683e-01   2.1995112e-01   9.6202654e-01  -1.0438126e+03
   0.0000000e+00   0.0000000e+00   0.0000000e+00   1.0000000e+00
   5.5016631e-01   8.2167649e-01  -1.4887834e-01   2.2174896e+01
  -8.2162464e-01   5.6449205e-01   7.9256944e-02  -5.9619228e+01
   1.4916420e-01   7.8717612e-02   9.8567420e-01  -1.1287184e+03
   0.0000000e+00   0.0000000e+00   0.0000000e+00   1.0000000e+00
   4.0203533e-01   8.3844364e-01  -3.6794001e-01   1.1637801e+02
  -8.9283919e-01   4.4807392e-01   4.5474380e-02  -1.3061391e+02
   2.0299201e-01   3.1022897e-01   9.2873693e-01  -1.1680557e+03
   0.0000000e+00   0.0000000e+00   0.0000000e+00   1.0000000e+00
   1.4250459e-01   9.8529291e-01  -9.4288647e-02   5.4008041e+01
  -9.5871013e-01   1.6108742e-01   2.3436223e-01  -1.3919965e+01
   2.4610415e-01   5.6997795e-02   9.6756601e-01  -1.0254397e+03
   0.0000000e+00   0.0000000e+00   0.0000000e+00   1.0000000e+00
   1.1327467e-01   9.8685396e-01  -1.1527422e-01  -9.0520996e+01
  -9.8266637e-01   9.4139308e-02  -1.5970150e-01   9.7449142e+01
  -1.4675023e-01   1.3136624e-01   9.8041177e-01  -1.3641187e+03
   0.0000000e+00   0.0000000e+00   0.0000000e+00   1.0000000e+00
   2.9065105e-01   7.2127652e-01  -6.2871474e-01  -5.6071365e+01
  -9.5681858e-01   2.1600410e-01  -1.9452645e-01   7.8194916e+01
  -4.5023859e-03   6.5810519e-01   7.5291252e-01  -1.1131165e+03
   0.0000000e+00   0.0000000e+00   0.0000000e+00   1.0000000e+00
   3.1281665e-02   9.9551922e-01  -8.9235522e-02   2.9211536e+01
  -8.6649573e-01  -1.7490583e-02  -4.9887797e-01   2.7160086e+02
  -4.9820337e-01   9.2927925e-02   8.6206603e-01  -1.0393992e+03
   0.0000000e+00   0.0000000e+00   0.0000000e+00   1.0000000e+00
   3.5717899e-03   9.8967499e-01  -1.4328536e-01   9.4527611e+01
  -9.9636447e-01  -8.6742453e-03  -8.4750377e-02   3.3156105e+01
  -8.5118212e-02   1.4306715e-01   9.8604596e-01  -1.0135342e+03
   0.0000000e+00   0.0000000e+00   0.0000000e+00   1.0000000e+00
  -4.1172095e-02   9.8825490e-01  -1.4716330e-01   7.1253365e+01
  -9.9851620e-01  -3.5443533e-02   4.1340183e-02  -1.2808994e+02
   3.5638660e-02   1.4864701e-01   9.8824793e-01  -1.0912668e+03
   0.0000000e+00   0.0000000e+00   0.0000000e+00   1.0000000e+00
   3.4689587e-01   9.3384129e-01  -8.7199554e-02   1.9810860e+01
  -9.3670517e-01   3.4025332e-01  -8.2529649e-02   1.6460932e+01
  -4.7399651e-02   1.1030946e-01   9.9276638e-01  -1.0950721e+03
   0.0000000e+00   0.0000000e+00   0.0000000e+00   1.0000000e+00
   1.1220195e-01   9.9093765e-01  -7.3846072e-02  -6.8395042e+01
  -9.9308783e-01   1.1440126e-01   2.6245365e-02  -1.3672327e+01
   3.4455601e-02   7.0390858e-02   9.9692422e-01  -1.3299434e+03
   0.0000000e+00   0.0000000e+00   0.0000000e+00   1.0000000e+00
  -9.6913025e-02   9.7681510e-01  -1.9089282e-01   5.6580067e+01
  -9.9005657e-01  -1.1426140e-01  -8.2050644e-02  -9.1750854e+01
  -1.0196000e-01   1.8104291e-01   9.7817564e-01  -1.0224499e+03
   0.0000000e+00   0.0000000e+00   0.0000000e+00   1.0000000e+00
  -2.1852553e-03   9.6733230e-01  -2.5350240e-01   1.9661569e+02
  -9.9997854e-01  -5.4731965e-04   6.5315664e-03  -5.5545017e+01
   6.1794519e-03   2.5351122e-01   9.6731269e-01  -1.1174387e+03
   0.0000000e+00   0.0000000e+00   0.0000000e+00   1.0000000e+00
   9.6244447e-02   9.0454519e-01  -4.1537336e-01   1.0129532e+01
  -9.6169215e-01   1.9212051e-01   1.9554493e-01   3.3674881e+01
   2.5668097e-01   3.8064119e-01   8.8838458e-01  -1.0969010e+03
   0.0000000e+00   0.0000000e+00   0.0000000e+00   1.0000000e+00
   1.9840909e-02   9.9864870e-01   4.8032645e-02  -1.5065979e+01
  -9.9545687e-01   1.5257107e-02   9.3983546e-02  -8.2378120e+00
   9.3123712e-02  -4.9679141e-02   9.9441439e-01  -1.2254136e+03
   0.0000000e+00   0.0000000e+00   0.0000000e+00   1.0000000e+00
  -1.4181709e-01   9.5927787e-01  -2.4428225e-01   2.7188480e+01
  -9.7984099e-01  -1.7111415e-01  -1.0310948e-01  -1.4576889e+02
  -1.4071080e-01   2.2473508e-01   9.6420676e-01  -1.1100420e+03
   0.0000000e+00   0.0000000e+00   0.0000000e+00   1.0000000e+00
   1.4666161e-01   9.8906022e-01   1.5821327e-02   1.0464705e+02
  -9.8530477e-01   1.4465176e-01   9.0831906e-02  -1.8964762e+01
   8.7549642e-02  -2.8910380e-02   9.9574053e-01  -1.1742581e+03
   0.0000000e+00   0.0000000e+00   0.0000000e+00   1.0000000e+00
   1.6730262e-01   9.6468443e-01  -2.0345446e-01  -2.5581024e+01
  -9.7843760e-01   1.3710985e-01  -1.5446921e-01   1.7505281e+02
  -1.2111841e-01   2.2491062e-01   9.6682239e-01  -1.1714436e+03
   0.0000000e+00   0.0000000e+00   0.0000000e+00   1.0000000e+00
   1.1561810e-01   9.9288279e-01   2.8570639e-02  -8.1462067e+01
  -9.7679836e-01   1.1887123e-01  -1.7814220e-01   8.7264053e+01
  -1.8027055e-01  -7.3112850e-03   9.8358989e-01  -1.3606705e+03
   0.0000000e+00   0.0000000e+00   0.0000000e+00   1.0000000e+00
   4.1817125e-02   9.9462831e-01  -9.4688162e-02   5.9257599e+01
  -9.9840182e-01   4.5204699e-02   3.3917472e-02  -1.0801632e+02
   3.8015626e-02   9.3118504e-02   9.9492902e-01  -1.0909308e+03
   0.0000000e+00   0.0000000e+00   0.0000000e+00   1.0000000e+00
   3.5422802e-02   9.9782181e-01  -5.5649512e-02  -3.2505882e+01
  -9.9928612e-01   3.6096688e-02   1.1151016e-02  -7.5681953e+01
   1.3135488e-02   5.5214781e-02   9.9838811e-01  -1.2620262e+03
   0.0000000e+00   0.0000000e+00   0.0000000e+00   1.0000000e+00
   1.0430994e-01   9.9309295e-01  -5.3720366e-02   9.5076767e+01
  -9.9450022e-01   1.0466472e-01   3.8260072e-03   1.3770258e+01
   9.4222091e-03   5.3025823e-02   9.9854869e-01  -1.2596855e+03
   0.0000000e+00   0.0000000e+00   0.0000000e+00   1.0000000e+00
   1.4296807e-01   9.8909813e-01   3.5285182e-02   1.6473743e+02
  -9.8519862e-01   1.3881680e-01   1.0056638e-01   6.8858500e+00
   9.4571844e-02  -4.9140692e-02   9.9430448e-01  -1.1610752e+03
   0.0000000e+00   0.0000000e+00   0.0000000e+00   1.0000000e+00
  -2.4556983e-02   9.9832439e-01  -5.2395720e-02   4.1444836e+01
  -9.9409032e-01  -2.9929411e-02  -1.0434823e-01  -1.0407077e+02
  -1.0574156e-01   4.9523603e-02   9.9315965e-01  -1.0943131e+03
   0.0000000e+00   0.0000000e+00   0.0000000e+00   1.0000000e+00
   4.2783629e-02   9.9647790e-01  -7.2121285e-02  -6.2951050e+00
  -9.9908429e-01   4.2703919e-02  -2.6475007e-03  -4.0865055e+01
   4.4168907e-04   7.2168507e-02   9.9739236e-01  -1.2075059e+03
   0.0000000e+00   0.0000000e+00   0.0000000e+00   1.0000000e+00
  -1.9163471e-02   9.9702793e-01   7.4619465e-02  -6.3494541e+01
  -9.9654031e-01  -1.3010579e-02  -8.2086600e-02   1.7658764e+01
  -8.0871791e-02  -7.5934365e-02   9.9382782e-01  -1.3491034e+03
   0.0000000e+00   0.0000000e+00   0.0000000e+00   1.0000000e+00
  -2.6216090e-01   9.5324391e-01  -1.5032531e-01   1.1660481e+02
  -9.1098779e-01  -1.9306572e-01   3.6445409e-01  -1.7676465e+02
   3.1839097e-01   2.3249014e-01   9.1900790e-01  -1.0135918e+03
   0.0000000e+00   0.0000000e+00   0.0000000e+00   1.0000000e+00
  -1.6196156e-02   9.0774953e-01  -4.1919988e-01   1.9350534e+02
  -9.9645466e-01   1.9963527e-02   8.1728585e-02  -4.3633789e+01
   8.2557805e-02   4.1903734e-01   9.0420789e-01  -9.9230762e+02
   0.0000000e+00   0.0000000e+00   0.0000000e+00   1.0000000e+00
  -2.1793753e-02   9.0402645e-01  -4.2692053e-01   1.8065173e+02
  -9.9632865e-01   1.5722424e-02   8.4154353e-02  -4.7859249e+01
   8.2790002e-02   4.2718720e-01   9.0036488e-01  -9.8203333e+02
   0.0000000e+00   0.0000000e+00   0.0000000e+00   1.0000000e+00
   6.5944612e-02   9.5525795e-01  -2.8832889e-01   1.1648941e+00
  -9.8857689e-01   1.0179288e-01   1.1114785e-01  -6.3249794e+01
   1.3552469e-01   2.7770567e-01   9.5105869e-01  -1.1334857e+03
   0.0000000e+00   0.0000000e+00   0.0000000e+00   1.0000000e+00
  -5.1397637e-02   7.2242963e-01  -6.8953151e-01   4.7685318e+00
  -9.9806702e-01  -1.3004348e-02   6.0771048e-02  -1.2772030e+02
   3.4935892e-02   6.9132215e-01   7.2170162e-01  -9.4053687e+02
   0.0000000e+00   0.0000000e+00   0.0000000e+00   1.0000000e+00
  -1.9623698e-01   9.6011788e-01  -1.9915994e-01   1.5484430e+02
  -9.7050780e-01  -1.6117419e-01   1.7926946e-01  -3.5494457e+01
   1.4002039e-01   2.2846556e-01   9.6343023e-01  -1.0114545e+03
   0.0000000e+00   0.0000000e+00   0.0000000e+00   1.0000000e+00
  -2.3298776e-01   9.5701987e-01  -1.7271277e-01   6.5045898e+01
  -9.6860856e-01  -2.4420203e-01  -4.6506468e-02  -9.0937759e+01
  -8.6684421e-02   1.5645562e-01   9.8387367e-01  -1.0117325e+03
   0.0000000e+00   0.0000000e+00   0.0000000e+00   1.0000000e+00
  -3.9391577e-02   9.5055640e-01  -3.0804378e-01   2.2157944e+02
  -9.9901503e-01  -3.1162439e-02   3.1590059e-02   6.6937981e+01
   2.0428732e-02   3.0898476e-01   9.5084757e-01  -1.0331599e+03
   0.0000000e+00   0.0000000e+00   0.0000000e+00   1.0000000e+00
   9.0450399e-02   9.5767921e-01  -2.7325699e-01  -4.8485321e+01
  -9.8157960e-01   1.3209292e-01   1.3803259e-01   1.6404240e+02
   1.6828626e-01   2.5573838e-01   9.5198613e-01  -1.3131829e+03
   0.0000000e+00   0.0000000e+00   0.0000000e+00   1.0000000e+00
   2.3851706e-01   9.5970774e-01  -1.4856189e-01   1.0382933e+02
  -9.6586877e-01   2.5034529e-01   6.6518739e-02   2.1921215e+01
   1.0103033e-01   1.2762545e-01   9.8666340e-01  -1.1993063e+03
   0.0000000e+00   0.0000000e+00   0.0000000e+00   1.0000000e+00
  -1.4833641e-01   9.7036552e-01  -1.9075398e-01   1.2745711e+02
  -9.8193777e-01  -1.2161251e-01   1.4494346e-01  -1.6882578e+02
   1.1745007e-01   2.0880893e-01   9.7087812e-01  -1.0398234e+03
   0.0000000e+00   0.0000000e+00   0.0000000e+00   1.0000000e+00
  -2.0843351e-01   8.4357917e-01  -4.9490371e-01   1.6821539e+02
  -9.7351933e-01  -1.3037045e-01   1.8778650e-01  -1.4165710e+02
   9.3891941e-02   5.2093929e-01   8.4841412e-01  -9.6709698e+02
   0.0000000e+00   0.0000000e+00   0.0000000e+00   1.0000000e+00
   8.7062165e-02   9.6310973e-01  -2.5463673e-01  -6.9876221e+01
  -9.9619800e-01   8.4971204e-02  -1.9221716e-02   1.4044075e+02
   3.1241626e-03   2.5534207e-01   9.6684575e-01  -1.3142126e+03
   0.0000000e+00   0.0000000e+00   0.0000000e+00   1.0000000e+00
  -3.9163753e-02   9.8634988e-01  -1.5993764e-01   5.2559864e+01
  -9.6887010e-01  -7.6641284e-02  -2.3540759e-01  -5.1854675e+01
  -2.4445207e-01   1.4573938e-01   9.5864654e-01  -1.0882438e+03
   0.0000000e+00   0.0000000e+00   0.0000000e+00   1.0000000e+00
   2.7729804e-02   9.6459842e-01  -2.6226124e-01   1.5719263e+02
  -9.8942655e-01  -1.0878380e-02  -1.4462629e-01   2.0894279e+01
  -1.4235926e-01   2.6349869e-01   9.5409763e-01  -1.0974297e+03
   0.0000000e+00   0.0000000e+00   0.0000000e+00   1.0000000e+00
   8.0718296e-03   9.9001348e-01  -1.4074136e-01  -2.4079659e+01
  -9.8447955e-01  -1.6807785e-02  -1.7469266e-01   2.4240370e+01
  -1.7531365e-01   1.3996708e-01   9.7451234e-01  -1.2630568e+03
   0.0000000e+00   0.0000000e+00   0.0000000e+00   1.0000000e+00
  -1.1066916e-01   9.7972697e-01  -1.6699488e-01   7.8404488e+01
  -9.8853064e-01  -1.2588404e-01  -8.3428502e-02   4.7098041e+00
  -1.0275915e-01   1.5584660e-01   9.8242170e-01  -1.0138769e+03
   0.0000000e+00   0.0000000e+00   0.0000000e+00   1.0000000e+00
   1.7268497e-01   9.8492956e-01   9.6767023e-03   6.5663712e+01
  -9.6094960e-01   1.7062108e-01  -2.1786304e-01   1.0576655e+02
  -2.1623079e-01   2.8322853e-02   9.7593141e-01  -1.0472522e+03
   0.0000000e+00   0.0000000e+00   0.0000000e+00   1.0000000e+00
   1.4224844e-01   9.7739083e-01  -1.5643674e-01   1.7030823e+02
  -9.7750920e-01   1.1385261e-01  -1.7752001e-01   6.3166096e+01
  -1.5569569e-01   1.7817031e-01   9.7160393e-01  -1.0492838e+03
   0.0000000e+00   0.0000000e+00   0.0000000e+00   1.0000000e+00
   1.7199066e-01   9.3154746e-01  -3.2037249e-01   2.0567581e+02
  -9.3911070e-01   5.6841109e-02  -3.3888078e-01  -1.0709915e+00
  -2.9747316e-01   3.5914961e-01   8.8460231e-01  -1.0651935e+03
   0.0000000e+00   0.0000000e+00   0.0000000e+00   1.0000000e+00
   2.3255186e-02   9.6988624e-01  -2.4244566e-01   4.9394760e+00
  -9.9610186e-01   1.8382503e-03  -8.8191472e-02   4.0591156e+01
  -8.5090026e-02   2.4355146e-01   9.6614820e-01  -1.3219568e+03
   0.0000000e+00   0.0000000e+00   0.0000000e+00   1.0000000e+00
   1.9113477e-02   9.5052552e-01  -3.1005803e-01   1.1174715e+02
  -8.6994386e-01  -1.3703555e-01  -4.7372881e-01   4.7808289e+01
  -4.9278027e-01   2.7878767e-01   8.2428455e-01  -9.6612671e+02
   0.0000000e+00   0.0000000e+00   0.0000000e+00   1.0000000e+00
  -4.1539432e-03   9.9980819e-01   1.9140283e-02   2.1549179e+01
  -9.9997550e-01  -4.2609819e-03   5.5549443e-03   2.5735073e+00
   5.6354362e-03  -1.9116739e-02   9.9980140e-01  -1.1329773e+03
   0.0000000e+00   0.0000000e+00   0.0000000e+00   1.0000000e+00
   6.6464748e-03   9.7845858e-01  -2.0633642e-01   1.6330612e+02
  -9.9953216e-01   3.4014371e-04  -3.0583786e-02   1.7741341e+01
  -2.9854784e-02   2.0644316e-01   9.7800303e-01  -1.1278097e+03
   0.0000000e+00   0.0000000e+00   0.0000000e+00   1.0000000e+00
   3.4451407e-01   9.3569452e-01   7.6065123e-02  -2.3978107e+01
  -7.2462857e-01   2.1353678e-01   6.5522176e-01   1.3598102e+02
   5.9684473e-01  -2.8085208e-01   7.5159734e-01  -1.2358322e+03
   0.0000000e+00   0.0000000e+00   0.0000000e+00   1.0000000e+00
   2.4084221e-01   9.6093160e-01  -1.3640258e-01   2.2919449e+01
  -8.9978671e-01   2.7374753e-01   3.3977383e-01   8.7545952e+01
   3.6383924e-01   4.0901348e-02   9.3056333e-01  -1.1789675e+03
   0.0000000e+00   0.0000000e+00   0.0000000e+00   1.0000000e+00
  -3.1318355e-01   9.4738269e-01  -6.6197604e-02   7.5071854e+01
  -9.4797754e-01  -3.1604484e-01  -3.8134750e-02  -7.8281631e+01
  -5.7049617e-02   5.0810665e-02   9.9707752e-01  -1.0850156e+03
   0.0000000e+00   0.0000000e+00   0.0000000e+00   1.0000000e+00
   6.6869026e-03   9.9747229e-01  -7.0741408e-02   1.4727316e+02
  -9.9732381e-01   1.5019415e-03  -7.3095262e-02   3.4526810e+01
  -7.2804250e-02   7.1040869e-02   9.9481291e-01  -1.1393146e+03
   0.0000000e+00   0.0000000e+00   0.0000000e+00   1.0000000e+00
   6.9788285e-02   9.9454021e-01  -7.7584267e-02  -5.6428970e+01
  -9.9132746e-01   7.7823557e-02   1.0589278e-01   7.0323021e+01
   1.1135251e-01   6.9521345e-02   9.9134624e-01  -1.3045195e+03
   0.0000000e+00   0.0000000e+00   0.0000000e+00   1.0000000e+00
  -4.5202140e-02   9.9261558e-01  -1.1256588e-01   6.1209450e+01
  -9.9869126e-01  -4.7600389e-02  -1.8708199e-02  -7.0073586e+01
  -2.3928227e-02   1.1157291e-01   9.9346811e-01  -1.0589785e+03
   0.0000000e+00   0.0000000e+00   0.0000000e+00   1.0000000e+00
  -5.3284287e-02   9.3808430e-01  -3.4228432e-01   1.8195572e+02
  -9.9731797e-01  -6.7216441e-02  -2.8962221e-02  -2.6961891e+01
  -5.0176125e-02   3.3982310e-01   9.3914998e-01  -1.0353457e+03
   0.0000000e+00   0.0000000e+00   0.0000000e+00   1.0000000e+00
   2.3604393e-01   9.7170568e-01   8.4488904e-03   1.3428735e+02
  -9.6169287e-01   2.3234680e-01   1.4547080e-01   5.2232220e+01
   1.3939172e-01  -4.2462740e-02   9.8932648e-01  -1.1771392e+03
   0.0000000e+00   0.0000000e+00   0.0000000e+00   1.0000000e+00
   2.0523408e-01   9.7374171e-01  -9.8519422e-02   1.0563174e+02
  -9.6984255e-01   2.1586290e-01   1.1317524e-01   3.2977585e+01
   1.3147014e-01   7.2320916e-02   9.8867857e-01  -1.2806160e+03
   0.0000000e+00   0.0000000e+00   0.0000000e+00   1.0000000e+00
   5.0197646e-02   9.9073505e-01  -1.2619090e-01  -6.7246758e+01
  -9.9554008e-01   3.9530892e-02  -8.5656971e-02   5.8310894e+01
  -7.9874925e-02   1.2992789e-01   9.8830092e-01  -1.3096184e+03
   0.0000000e+00   0.0000000e+00   0.0000000e+00   1.0000000e+00
   9.4590716e-02   9.9431539e-01   4.8882380e-02  -6.9617325e+01
  -9.9005270e-01   8.8820823e-02   1.0911667e-01   1.0818992e+02
   1.0415462e-01  -5.8717553e-02   9.9282628e-01  -1.3716426e+03
   0.0000000e+00   0.0000000e+00   0.0000000e+00   1.0000000e+00
  -3.3942889e-02   9.6152395e-01  -2.7261624e-01   1.2376385e+02
  -9.4145608e-01  -1.2230877e-01  -3.1416717e-01  -9.1208580e+01
  -3.3542264e-01   2.4599245e-01   9.0938407e-01  -1.0445409e+03
   0.0000000e+00   0.0000000e+00   0.0000000e+00   1.0000000e+00
   1.4811744e-01   9.6340346e-01  -2.2341666e-01   1.1805938e+02
  -9.7229630e-01   1.8316343e-01   1.4522746e-01  -6.4749918e+00
   1.8083440e-01   1.9571649e-01   9.6384335e-01  -1.0558551e+03
   0.0000000e+00   0.0000000e+00   0.0000000e+00   1.0000000e+00
   1.3277480e-01   9.9090433e-01  -2.1896824e-02   1.6767540e+01
  -9.7059476e-01   1.3446555e-01   1.9966179e-01  -2.2931063e+01
   2.0079009e-01  -5.2571073e-03   9.7962016e-01  -1.1299929e+03
   0.0000000e+00   0.0000000e+00   0.0000000e+00   1.0000000e+00
   1.6066229e-01   9.8700708e-01   2.1552816e-03   4.5930115e+01
  -9.5977038e-01   1.5571856e-01   2.3365054e-01  -2.0713884e+01
   2.3027912e-01  -3.9607398e-02   9.7231823e-01  -1.2359155e+03
   0.0000000e+00   0.0000000e+00   0.0000000e+00   1.0000000e+00
   2.8788143e-01   9.5762777e-01  -8.5609704e-03   1.4762376e+02
  -8.8106591e-01   2.6834753e-01   3.8950282e-01   5.2806183e+01
   3.7529603e-01  -1.0458786e-01   9.2098552e-01  -1.1549467e+03
   0.0000000e+00   0.0000000e+00   0.0000000e+00   1.0000000e+00
  -4.2237139e-01   8.9940888e-01  -1.1254372e-01   1.2829520e+02
  -7.3007256e-01  -2.6397619e-01   6.3032579e-01  -9.6549675e+01
   5.3721178e-01   3.4839666e-01   7.6812971e-01  -9.7529541e+02
   0.0000000e+00   0.0000000e+00   0.0000000e+00   1.0000000e+00
  -4.2237139e-01   8.9940888e-01  -1.1254372e-01   1.2829520e+02
  -7.3007256e-01  -2.6397619e-01   6.3032579e-01  -9.6549675e+01
   5.3721178e-01   3.4839666e-01   7.6812971e-01  -9.7529541e+02
   0.0000000e+00   0.0000000e+00   0.0000000e+00   1.0000000e+00
   8.3060080e-01   3.8400850e-01  -4.0328619e-01   6.3137154e+01
  -4.7661659e-01   8.6475801e-01  -1.5820950e-01   2.2290016e+02
   2.8799114e-01   3.2362181e-01   9.0129352e-01  -1.0112183e+03
   0.0000000e+00   0.0000000e+00   0.0000000e+00   1.0000000e+00
  -8.4486157e-01   3.9867976e-01   3.5673991e-01  -5.4282982e+01
  -2.4151610e-01  -8.7923676e-01   4.1062471e-01  -2.6179395e+02
   4.7736660e-01   2.6076260e-01   8.3912098e-01  -1.0055190e+03
   0.0000000e+00   0.0000000e+00   0.0000000e+00   1.0000000e+00
  -8.1813133e-01   5.5651754e-01  -1.4473864e-01   8.3886078e+01
  -5.2947170e-01  -6.3086540e-01   5.6715834e-01  -1.7866760e+02
   2.2432300e-01   5.4064500e-01   8.1079108e-01  -9.7529895e+02
   0.0000000e+00   0.0000000e+00   0.0000000e+00   1.0000000e+00
  -8.0724472e-01   5.3209990e-01  -2.5539303e-01   8.9089760e+01
  -5.6395203e-01  -5.6772608e-01   5.9970433e-01  -1.6886877e+02
   1.7410934e-01   6.2813759e-01   7.5837272e-01  -9.5168091e+02
   0.0000000e+00   0.0000000e+00   0.0000000e+00   1.0000000e+00
   8.4393866e-02   8.7305999e-01  -4.8025408e-01   1.9741550e+02
  -9.3322462e-01  -9.9673696e-02  -3.4519130e-01   2.0091248e-01
  -3.4924144e-01   4.7731695e-01   8.0634916e-01  -1.0019309e+03
   0.0000000e+00   0.0000000e+00   0.0000000e+00   1.0000000e+00
   4.0900216e-01   9.1253304e-01  -8.4486604e-04   2.7908787e+01
  -5.9875017e-01   2.6906148e-01   7.5438994e-01  -3.3446293e+01
   6.8863308e-01  -3.0804127e-01   6.5642601e-01  -1.2497255e+03
   0.0000000e+00   0.0000000e+00   0.0000000e+00   1.0000000e+00
   3.1436962e-01   9.4411975e-01  -9.9043593e-02  -9.0665497e+01
  -7.8550893e-01   3.1729442e-01   5.3131908e-01   5.9053730e+01
   5.3305477e-01  -8.9230925e-02   8.4136224e-01  -1.3772791e+03
   0.0000000e+00   0.0000000e+00   0.0000000e+00   1.0000000e+00
   1.6263729e-01   9.6604943e-01  -2.0074260e-01  -2.6960930e+01
  -9.3738675e-01   2.1478525e-01   2.7417764e-01  -3.1382467e+01
   3.0798569e-01   1.4358196e-01   9.4049406e-01  -1.3505283e+03
   0.0000000e+00   0.0000000e+00   0.0000000e+00   1.0000000e+00
   2.9449467e-02   9.6462041e-01  -2.6199266e-01  -6.1021759e+01
  -9.9840552e-01   4.1014735e-02   3.8784076e-02  -1.7973041e+02
   4.8157457e-02   2.6043275e-01   9.6429020e-01  -1.3171941e+03
   0.0000000e+00   0.0000000e+00   0.0000000e+00   1.0000000e+00
   1.2386114e-03   9.2142785e-01  -3.8854736e-01   6.7010429e+01
  -9.4825345e-01   1.2445083e-01   2.9210839e-01  -1.4205000e+02
   3.1751186e-01   3.6807957e-01   8.7390137e-01  -1.2660516e+03
   0.0000000e+00   0.0000000e+00   0.0000000e+00   1.0000000e+00
   5.6424901e-02   8.7007570e-01  -4.8967785e-01   1.6255489e+02
  -9.8117101e-01  -4.2416379e-02  -1.8842579e-01  -9.7054306e+01
  -1.8471505e-01   4.9108964e-01   8.5129976e-01  -1.0125189e+03
   0.0000000e+00   0.0000000e+00   0.0000000e+00   1.0000000e+00
  -1.6551532e-02   8.4979093e-01  -5.2685994e-01   2.1035699e+02
  -8.0985039e-01   2.9764292e-01   5.0552052e-01   6.0442169e+01
   5.8640289e-01   4.3504483e-01   6.8327713e-01  -9.9818579e+02
   0.0000000e+00   0.0000000e+00   0.0000000e+00   1.0000000e+00
  -3.1905324e-04   8.5385627e-01  -5.2050877e-01   2.1017325e+02
  -8.5469246e-01   2.6998129e-01   4.4340831e-01   6.0767513e+01
   5.1913458e-01   4.4501635e-01   7.2969836e-01  -9.9944391e+02
   0.0000000e+00   0.0000000e+00   0.0000000e+00   1.0000000e+00
  -4.6454210e-02   8.3912009e-01  -5.4195899e-01   1.8547952e+02
  -9.9150401e-01   2.7256330e-02   1.2718835e-01  -1.5635324e+01
   1.2149811e-01   5.4326290e-01   8.3072472e-01  -9.7998364e+02
   0.0000000e+00   0.0000000e+00   0.0000000e+00   1.0000000e+00
   9.5307551e-02   8.1828827e-01  -5.6685162e-01   2.0973947e+02
  -9.9416375e-01   4.9329855e-02  -9.5942706e-02   9.9445343e+01
  -5.0546076e-02   5.7268739e-01   8.1821406e-01  -9.8028131e+02
   0.0000000e+00   0.0000000e+00   0.0000000e+00   1.0000000e+00
  -3.0284615e-02   8.6656135e-01  -4.9815089e-01   1.7389359e+02
  -9.8809201e-01   4.9262613e-02   1.4576520e-01  -4.9580994e+00
   1.5085469e-01   4.9663332e-01   8.5475039e-01  -1.1078623e+03
   0.0000000e+00   0.0000000e+00   0.0000000e+00   1.0000000e+00
   3.5952526e-01   9.1223305e-01  -1.9639842e-01   8.0131271e+01
  -9.3277037e-01   3.4544873e-01  -1.0297820e-01   1.8821295e+02
  -2.6094534e-02   2.2021791e-01   9.7510159e-01  -1.3330818e+03
   0.0000000e+00   0.0000000e+00   0.0000000e+00   1.0000000e+00
   1.0009737e-01   9.9292737e-01   6.3841291e-02  -8.5006516e+01
  -9.8253685e-01   1.0875694e-01  -1.5097429e-01   3.2928398e+01
  -1.5684968e-01  -4.7614295e-02   9.8647404e-01  -1.3795310e+03
   0.0000000e+00   0.0000000e+00   0.0000000e+00   1.0000000e+00
   4.4519473e-03   8.9894879e-01  -4.3803102e-01   8.7625130e+01
  -9.8184085e-01  -7.9146519e-02  -1.7240736e-01  -1.7512469e+02
  -1.8965402e-01   4.3084431e-01   8.8227236e-01  -1.2105824e+03
   0.0000000e+00   0.0000000e+00   0.0000000e+00   1.0000000e+00
   1.9383503e-02   8.3564377e-01  -5.4892969e-01   1.5388794e+02
  -9.5709175e-01  -1.4326651e-01  -2.5189304e-01  -1.3376491e+02
  -2.8913608e-01   5.3025866e-01   7.9701072e-01  -1.0253040e+03
   0.0000000e+00   0.0000000e+00   0.0000000e+00   1.0000000e+00
   1.1556737e-02   7.8944051e-01  -6.1371839e-01   1.2398416e+02
  -9.9456626e-01  -5.4430235e-02  -8.8743269e-02  -8.0252068e+01
  -1.0346233e-01   6.1140919e-01   7.8452176e-01  -9.4878943e+02
   0.0000000e+00   0.0000000e+00   0.0000000e+00   1.0000000e+00
   1.1556737e-02   7.8944051e-01  -6.1371839e-01   1.2398416e+02
  -9.9456626e-01  -5.4430235e-02  -8.8743269e-02  -8.0252068e+01
  -1.0346233e-01   6.1140919e-01   7.8452176e-01  -9.4878943e+02
   0.0000000e+00   0.0000000e+00   0.0000000e+00   1.0000000e+00
   1.1556737e-02   7.8944051e-01  -6.1371839e-01   1.2398416e+02
  -9.9456626e-01  -5.4430235e-02  -8.8743269e-02  -8.0252068e+01
  -1.0346233e-01   6.1140919e-01   7.8452176e-01  -9.4878943e+02
   0.0000000e+00   0.0000000e+00   0.0000000e+00   1.0000000e+00
   9.6411863e-03   9.9810958e-01   6.0698066e-02   1.9654987e+02
  -9.9608684e-01   4.2532510e-03   8.8277079e-02  -1.0705879e+01
   8.7852038e-02  -6.1311647e-02   9.9424487e-01  -1.1305912e+03
   0.0000000e+00   0.0000000e+00   0.0000000e+00   1.0000000e+00
  -4.8317958e-02   9.7130710e-01  -2.3286885e-01   9.0527527e+01
  -9.9537754e-01  -6.6197172e-02  -6.9580689e-02  -5.5873024e+01
  -8.2999483e-02   2.2843042e-01   9.7001576e-01  -1.4063595e+03
   0.0000000e+00   0.0000000e+00   0.0000000e+00   1.0000000e+00
   8.0138154e-02   9.7592312e-01  -2.0285943e-01   8.2616531e+01
  -9.4718021e-01   1.3795720e-01   2.8951252e-01  -5.5457161e+01
