   2.2108288e-01   9.7396106e-01  -5.0221350e-02   1.3827124e+02
  -9.5633113e-01   2.2660053e-01   1.8461555e-01   1.1685493e+02
   1.9118854e-01   7.2129066e-03   9.8152685e-01  -1.1338794e+03
   0.0000000e+00   0.0000000e+00   0.0000000e+00   1.0000000e+00
   2.3513520e-01   9.7196126e-01   1.6642660e-03   8.4589325e+01
  -9.5229518e-01   2.3003423e-01   2.0054466e-01  -3.1315620e+01
   1.9453880e-01  -4.8739985e-02   9.7968316e-01  -1.2563512e+03
   0.0000000e+00   0.0000000e+00   0.0000000e+00   1.0000000e+00
   2.1003400e-01   9.6299386e-01  -1.6890374e-01   2.2599454e+02
  -9.5725316e-01   2.3769209e-01   1.6482945e-01   5.2860214e+01
   1.9887684e-01   1.2706386e-01   9.7175241e-01  -1.1611465e+03
   0.0000000e+00   0.0000000e+00   0.0000000e+00   1.0000000e+00
   2.7994415e-01   9.5042521e-01  -1.3536328e-01   4.5579224e+01
  -9.2670470e-01   3.0435157e-01   2.2042802e-01   8.9173767e+01
   2.5069839e-01   6.3734248e-02   9.6596491e-01  -1.2528727e+03
   0.0000000e+00   0.0000000e+00   0.0000000e+00   1.0000000e+00
   5.2363999e-02   9.7060168e-01  -2.3492654e-01   1.0271528e+02
  -9.4818890e-01   1.2214331e-01   2.9328972e-01  -1.7018124e+02
   3.1336218e-01   2.0739689e-01   9.2670959e-01  -1.1653373e+03
   0.0000000e+00   0.0000000e+00   0.0000000e+00   1.0000000e+00
   1.2851092e-01   9.1219330e-01  -3.8908654e-01   1.3961638e+02
  -9.5679492e-01   2.1723215e-01   1.9327089e-01  -1.8531666e+01
   2.6082250e-01   3.4743863e-01   9.0069860e-01  -1.0020041e+03
   0.0000000e+00   0.0000000e+00   0.0000000e+00   1.0000000e+00
   3.1081983e-01   9.4927096e-01   4.7704682e-02   1.2809848e+02
  -8.7105513e-01   2.6440713e-01   4.1394666e-01   4.2820251e+01
   3.8033408e-01  -1.7021623e-01   9.0905029e-01  -1.0732162e+03
   0.0000000e+00   0.0000000e+00   0.0000000e+00   1.0000000e+00
   1.9345619e-01   9.8057735e-01  -3.2293558e-02   1.4470474e+02
  -9.7185022e-01   1.8701538e-01  -1.4329156e-01   7.5372620e+01
  -1.3446906e-01   5.9105143e-02   9.8915350e-01  -1.0474552e+03
   0.0000000e+00   0.0000000e+00   0.0000000e+00   1.0000000e+00
   3.7786618e-01   9.2111415e-01  -9.3626224e-02   6.8603394e+01
  -7.8646106e-01   3.7269026e-01   4.9252513e-01  -2.0284767e+01
   4.8856544e-01  -1.1247521e-01   8.6524743e-01  -1.2261605e+03
   0.0000000e+00   0.0000000e+00   0.0000000e+00   1.0000000e+00
   2.4016251e-01   9.5069671e-01  -1.9620839e-01   2.5999249e+02
  -9.0288407e-01   2.9300454e-01   3.1456113e-01  -4.4178123e+00
   3.5654217e-01   1.0160764e-01   9.2873764e-01  -1.2509686e+03
   0.0000000e+00   0.0000000e+00   0.0000000e+00   1.0000000e+00
   2.4094583e-01   9.5098102e-01  -1.9385593e-01   2.5979987e+02
  -9.0374851e-01   2.9265943e-01   3.1239247e-01  -4.2668715e+00
   3.5381308e-01   9.9927351e-02   9.2996281e-01  -1.2512383e+03
   0.0000000e+00   0.0000000e+00   0.0000000e+00   1.0000000e+00
   2.4094583e-01   9.5098102e-01  -1.9385593e-01   2.5979987e+02
  -9.0374851e-01   2.9265943e-01   3.1239247e-01  -4.2668715e+00
   3.5381308e-01   9.9927351e-02   9.2996281e-01  -1.2512383e+03
   0.0000000e+00   0.0000000e+00   0.0000000e+00   1.0000000e+00
   2.4094583e-01   9.5098102e-01  -1.9385593e-01   2.5979987e+02
  -9.0374851e-01   2.9265943e-01   3.1239247e-01  -4.2668715e+00
   3.5381308e-01   9.9927351e-02   9.2996281e-01  -1.2512383e+03
   0.0000000e+00   0.0000000e+00   0.0000000e+00   1.0000000e+00
   2.7507505e-01   9.4021332e-01  -2.0083013e-01   2.0227878e+02
  -9.2358667e-01   3.1644452e-01   2.1645001e-01   5.7594593e+01
   2.6706076e-01   1.2594403e-01   9.5541441e-01  -1.1650730e+03
   0.0000000e+00   0.0000000e+00   0.0000000e+00   1.0000000e+00
   2.6540500e-01   9.5698422e-01  -1.1722336e-01   8.6563019e+01
  -9.5246947e-01   2.7910590e-01   1.2207277e-01   1.8445961e+01
   1.4953946e-01   7.9252936e-02   9.8557442e-01  -1.3120692e+03
   0.0000000e+00   0.0000000e+00   0.0000000e+00   1.0000000e+00
   3.4919599e-01   9.0539145e-01  -2.4151278e-01   1.1892540e+02
  -9.3687594e-01   3.3237240e-01  -1.0859127e-01   2.2241321e+02
  -1.8045438e-02   2.6418716e-01   9.6430260e-01  -1.1738207e+03
   0.0000000e+00   0.0000000e+00   0.0000000e+00   1.0000000e+00
   1.8622087e-01   8.8400954e-01  -4.2877614e-01   2.6060721e+02
  -9.4404900e-01   2.8189927e-01   1.7118494e-01   1.5117007e+02
   2.7220079e-01   3.7290746e-01   8.8704383e-01  -1.1407550e+03
   0.0000000e+00   0.0000000e+00   0.0000000e+00   1.0000000e+00
   3.2267618e-01   9.2423570e-01   2.0412832e-01   3.1296080e+01
  -9.3692601e-01   2.8128082e-01   2.0748676e-01   8.7077148e+01
   1.3434932e-01  -2.5820416e-01   9.5670313e-01  -1.2819053e+03
   0.0000000e+00   0.0000000e+00   0.0000000e+00   1.0000000e+00
   4.4236568e-01   8.9147794e-01   9.7875640e-02   7.4060837e+01
  -8.6601198e-01   3.9624518e-01   3.0498031e-01  -5.8391945e+01
   2.3310049e-01  -2.1967430e-01   9.4731587e-01  -1.4875592e+03
   0.0000000e+00   0.0000000e+00   0.0000000e+00   1.0000000e+00
   5.8286481e-02   9.9823862e-01   1.1059358e-02   1.1062038e+02
  -9.5533866e-01   5.8989640e-02  -2.8956559e-01   2.5744788e+02
  -2.8970796e-01   6.3123247e-03   9.5709425e-01  -1.2400472e+03
   0.0000000e+00   0.0000000e+00   0.0000000e+00   1.0000000e+00
   2.3370889e-01   9.7224373e-01  -1.1052871e-02   1.9557433e+02
  -9.7204590e-01   2.3336795e-01  -2.5807614e-02   3.0536807e+02
  -2.2511905e-02   1.6775368e-02   9.9960583e-01  -1.1941290e+03
   0.0000000e+00   0.0000000e+00   0.0000000e+00   1.0000000e+00
   2.1121672e-01   8.7672734e-01  -4.3213037e-01   8.9664040e+01
  -9.6638989e-01   2.5359967e-01   4.2163357e-02   1.3387297e+02
   1.4655389e-01   4.0870082e-01   9.0082496e-01  -1.0554038e+03
   0.0000000e+00   0.0000000e+00   0.0000000e+00   1.0000000e+00
   1.1064161e-01   9.7145408e-01  -2.0984580e-01   2.1436989e+02
  -9.1973221e-01   1.8009493e-01   3.4879568e-01  -8.5844177e+01
   3.7663120e-01   1.5441063e-01   9.1340369e-01  -1.2944318e+03
   0.0000000e+00   0.0000000e+00   0.0000000e+00   1.0000000e+00
   1.4935002e-01   9.5477551e-01  -2.5709575e-01   2.8280777e+02
  -9.5697922e-01   2.0499067e-01   2.0535234e-01  -2.5842630e+01
   2.4876761e-01   2.1536593e-01   9.4431573e-01  -1.1368311e+03
   0.0000000e+00   0.0000000e+00   0.0000000e+00   1.0000000e+00
   5.6060050e-02   9.7298378e-01  -2.2396396e-01   3.0167188e+02
  -9.4768947e-01   1.2245378e-01   2.9477075e-01  -1.7663547e+02
   3.1423238e-01   1.9572343e-01   9.2895120e-01  -1.0560540e+03
   0.0000000e+00   0.0000000e+00   0.0000000e+00   1.0000000e+00
   2.3640248e-01   9.5875686e-01  -1.5779443e-01   1.5487267e+02
  -9.2210352e-01   2.7256721e-01   2.7464917e-01  -1.7199667e+02
   3.0633140e-01   8.0575049e-02   9.4850868e-01  -1.0806273e+03
   0.0000000e+00   0.0000000e+00   0.0000000e+00   1.0000000e+00
   2.2065192e-01   9.3985736e-01  -2.6073131e-01   2.8503983e+02
  -8.6256427e-01   3.1282037e-01   3.9765090e-01  -3.5293060e+01
   4.5529720e-01   1.3715512e-01   8.7971187e-01  -1.0332578e+03
   0.0000000e+00   0.0000000e+00   0.0000000e+00   1.0000000e+00
   2.4316551e-01   9.3043250e-01  -2.7416423e-01   3.2541687e+02
  -8.9281160e-01   3.2517582e-01   3.1168601e-01  -5.1162567e+01
   3.7915438e-01   1.6898569e-01   9.0977240e-01  -1.0756674e+03
   0.0000000e+00   0.0000000e+00   0.0000000e+00   1.0000000e+00
   2.4430904e-01   9.5711809e-01  -1.5568553e-01   1.4672029e+02
  -9.4795126e-01   2.6954252e-01   1.6951449e-01  -2.3583536e+02
   2.0420925e-01   1.0616839e-01   9.7315305e-01  -1.3940050e+03
   0.0000000e+00   0.0000000e+00   0.0000000e+00   1.0000000e+00
   2.9826114e-01   9.3762517e-01  -1.7860383e-01   1.4925879e+02
  -9.2244828e-01   3.3123150e-01   1.9843087e-01  -5.7039116e+01
   2.4521297e-01   1.0556860e-01   9.6370423e-01  -1.3077014e+03
   0.0000000e+00   0.0000000e+00   0.0000000e+00   1.0000000e+00
   2.5516304e-01   9.6156603e-01  -1.0140337e-01   2.2669171e+02
  -9.6676421e-01   2.5546575e-01  -1.0209884e-02  -1.3337114e+02
   1.6087618e-02   1.0063833e-01   9.9479300e-01  -1.3088282e+03
   0.0000000e+00   0.0000000e+00   0.0000000e+00   1.0000000e+00
   3.3191568e-01   9.3148512e-01  -1.4888754e-01   2.4141957e+02
  -9.4313139e-01   3.2463041e-01  -7.1542025e-02   1.5312570e+02
  -1.8306913e-02   1.6416644e-01   9.8626274e-01  -1.2644799e+03
   0.0000000e+00   0.0000000e+00   0.0000000e+00   1.0000000e+00
   1.7323771e-01   9.8019904e-01   9.5908649e-02   3.0841312e+02
  -9.7714728e-01   1.8323961e-01  -1.0773313e-01   2.3295380e+02
  -1.2317418e-01  -7.5053431e-02   9.8954290e-01  -1.0966119e+03
   0.0000000e+00   0.0000000e+00   0.0000000e+00   1.0000000e+00
   1.7323771e-01   9.8019904e-01   9.5908649e-02   3.0841312e+02
  -9.7714728e-01   1.8323961e-01  -1.0773313e-01   2.3295380e+02
  -1.2317418e-01  -7.5053431e-02   9.8954290e-01  -1.0966119e+03
   0.0000000e+00   0.0000000e+00   0.0000000e+00   1.0000000e+00
   1.0954209e-01   9.5611751e-01  -2.7173501e-01   1.5245053e+02
  -9.9251252e-01   1.2007435e-01   2.2386892e-02  -7.2437683e+01
   5.4032903e-02   2.6724809e-01   9.6211171e-01  -1.0810221e+03
   0.0000000e+00   0.0000000e+00   0.0000000e+00   1.0000000e+00
   9.5396958e-02   9.0088797e-01  -4.2343870e-01   2.8409430e+02
  -9.9341363e-01   1.1328384e-01   1.7210066e-02  -4.7504101e+01
   6.3473120e-02   4.1900799e-01   9.0576130e-01  -1.1054236e+03
   0.0000000e+00   0.0000000e+00   0.0000000e+00   1.0000000e+00
  -4.3855152e-01   8.9762211e-01   4.4125184e-02   2.2811142e+02
  -8.3092254e-01  -4.2369181e-01   3.6062852e-01  -2.2963925e+02
   3.4240362e-01   1.2148958e-01   9.3166518e-01  -1.1776881e+03
   0.0000000e+00   0.0000000e+00   0.0000000e+00   1.0000000e+00
   7.5908738e-01   1.9148582e-01  -6.2218928e-01   1.3847627e+02
  -5.5305970e-01   6.9383639e-01  -4.6121141e-01   1.2838124e+02
   3.4338209e-01   6.9420761e-01   6.3258559e-01  -1.0082849e+03
   0.0000000e+00   0.0000000e+00   0.0000000e+00   1.0000000e+00
  -2.9965517e-01   9.2827535e-01   2.2025363e-01   2.9206674e+02
  -9.5390916e-01  -2.9545048e-01  -5.2595839e-02  -2.1841404e+01
   1.6250610e-02  -2.2586258e-01   9.7402364e-01  -1.1181204e+03
   0.0000000e+00   0.0000000e+00   0.0000000e+00   1.0000000e+00
  -1.6715889e-01   9.8298043e-01   7.6206200e-02   2.6460239e+02
  -9.6910518e-01  -1.7803319e-01   1.7070259e-01  -3.0453833e+02
   1.8136455e-01  -4.5317367e-02   9.8237121e-01  -1.2509108e+03
   0.0000000e+00   0.0000000e+00   0.0000000e+00   1.0000000e+00
  -1.3501617e-01   9.8913288e-01   5.8195129e-02   7.0323692e+01
  -9.5484030e-01  -1.4557418e-01   2.5901365e-01  -3.1922247e+02
   2.6467064e-01  -2.0596042e-02   9.6411890e-01  -1.2238014e+03
   0.0000000e+00   0.0000000e+00   0.0000000e+00   1.0000000e+00
   7.7253699e-02   9.6589088e-01   2.4715696e-01   7.0383705e+01
  -9.5195538e-01   1.4514039e-01  -2.6965743e-01  -1.7416415e+02
  -2.9633212e-01  -2.1445039e-01   9.3069774e-01  -1.4164984e+03
   0.0000000e+00   0.0000000e+00   0.0000000e+00   1.0000000e+00
  -1.9670439e-01   9.7816080e-01  -6.7147218e-02   8.3912033e+01
  -9.6590585e-01  -2.0508640e-01  -1.5800451e-01  -3.2013232e+02
  -1.6832480e-01   3.3777718e-02   9.8515266e-01  -1.4957253e+03
   0.0000000e+00   0.0000000e+00   0.0000000e+00   1.0000000e+00
   1.5689401e-02   8.9418030e-01   4.4743213e-01  -4.7269802e+01
  -9.9295455e-01   6.6498846e-02  -9.8077632e-02  -3.1416425e+02
  -1.1745281e-01  -4.4274098e-01   8.8892365e-01  -1.6602361e+03
   0.0000000e+00   0.0000000e+00   0.0000000e+00   1.0000000e+00
  -2.2006910e-03   9.5032138e-01   3.1126252e-01   7.4605797e+01
  -9.8206758e-01   5.6624494e-02  -1.7982471e-01  -1.0355643e+02
  -1.8851636e-01  -3.0607659e-01   9.3315524e-01  -1.5114370e+03
   0.0000000e+00   0.0000000e+00   0.0000000e+00   1.0000000e+00
   7.2286814e-02   9.9335510e-01   8.9555778e-02   4.7845257e+01
  -9.3910891e-01   3.7545826e-02   3.4156212e-01  -1.0135670e+02
   3.3593005e-01  -1.0879307e-01   9.3558276e-01  -1.2984600e+03
   0.0000000e+00   0.0000000e+00   0.0000000e+00   1.0000000e+00
  -2.4667823e-01   9.6907407e-01   6.7377691e-03  -4.9539680e+00
  -9.5319635e-01  -2.4137053e-01  -1.8209065e-01  -3.8155612e+02
  -1.7483303e-01  -5.1340219e-02   9.8325866e-01  -1.5029539e+03
   0.0000000e+00   0.0000000e+00   0.0000000e+00   1.0000000e+00
  -2.4709322e-01   9.6898872e-01   2.4046898e-03  -4.5540085e+00
  -9.5270848e-01  -2.4248719e-01  -1.8315716e-01  -3.8166592e+02
  -1.7689411e-01  -4.7547858e-02   9.8308069e-01  -1.5028240e+03
   0.0000000e+00   0.0000000e+00   0.0000000e+00   1.0000000e+00
  -2.4709322e-01   9.6898872e-01   2.4046898e-03  -4.5540085e+00
  -9.5270848e-01  -2.4248719e-01  -1.8315716e-01  -3.8166592e+02
  -1.7689411e-01  -4.7547858e-02   9.8308069e-01  -1.5028240e+03
   0.0000000e+00   0.0000000e+00   0.0000000e+00   1.0000000e+00
  -1.1104465e-01   9.9290401e-01  -4.2551674e-02   2.8755710e+02
  -9.6241224e-01  -9.6758895e-02   2.5377235e-01  -2.9658850e+02
   2.4785434e-01   6.9132298e-02   9.6632755e-01  -1.1866000e+03
   0.0000000e+00   0.0000000e+00   0.0000000e+00   1.0000000e+00
  -1.1095135e-01   9.9285799e-01  -4.3851174e-02   2.8765939e+02
  -9.6256918e-01  -9.6378222e-02   2.5332177e-01  -2.9668604e+02
   2.4728622e-01   7.0316173e-02   9.6638769e-01  -1.1866799e+03
   0.0000000e+00   0.0000000e+00   0.0000000e+00   1.0000000e+00
  -1.1095135e-01   9.9285799e-01  -4.3851174e-02   2.8765939e+02
  -9.6256918e-01  -9.6378222e-02   2.5332177e-01  -2.9668604e+02
   2.4728622e-01   7.0316173e-02   9.6638769e-01  -1.1866799e+03
   0.0000000e+00   0.0000000e+00   0.0000000e+00   1.0000000e+00
  -1.1095135e-01   9.9285799e-01  -4.3851174e-02   2.8765939e+02
  -9.6256918e-01  -9.6378222e-02   2.5332177e-01  -2.9668604e+02
   2.4728622e-01   7.0316173e-02   9.6638769e-01  -1.1866799e+03
   0.0000000e+00   0.0000000e+00   0.0000000e+00   1.0000000e+00
  -1.1095135e-01   9.9285799e-01  -4.3851174e-02   2.8765939e+02
  -9.6256918e-01  -9.6378222e-02   2.5332177e-01  -2.9668604e+02
   2.4728622e-01   7.0316173e-02   9.6638769e-01  -1.1866799e+03
   0.0000000e+00   0.0000000e+00   0.0000000e+00   1.0000000e+00
  -1.1095135e-01   9.9285799e-01  -4.3851174e-02   2.8765939e+02
  -9.6256918e-01  -9.6378222e-02   2.5332177e-01  -2.9668604e+02
   2.4728622e-01   7.0316173e-02   9.6638769e-01  -1.1866799e+03
   0.0000000e+00   0.0000000e+00   0.0000000e+00   1.0000000e+00
   2.0669094e-01   9.6664071e-01  -1.5127651e-01   1.3723441e+02
  -9.3319261e-01   2.4122740e-01   2.6638490e-01   2.3361644e+02
   2.9399052e-01   8.6110778e-02   9.5192146e-01  -1.1378698e+03
   0.0000000e+00   0.0000000e+00   0.0000000e+00   1.0000000e+00
   5.9331112e-02   9.9559128e-01  -7.2648279e-02   1.2306023e+02
  -9.9823767e-01   5.9258532e-02  -3.1559095e-03   3.3768303e+01
   1.1630319e-03   7.2707489e-02   9.9735260e-01  -1.2422396e+03
   0.0000000e+00   0.0000000e+00   0.0000000e+00   1.0000000e+00
  -4.9895626e-02   9.9737823e-01  -5.2413400e-02   1.6365565e+02
  -9.1935414e-01  -6.6371277e-02  -3.8779229e-01  -4.7324787e+01
  -3.9025432e-01   2.8837336e-02   9.2025536e-01  -1.3464583e+03
   0.0000000e+00   0.0000000e+00   0.0000000e+00   1.0000000e+00
   4.6299972e-02   9.6438974e-01  -2.6040086e-01   2.4969388e+02
  -9.9855244e-01   3.7539080e-02  -3.8520005e-02  -1.8704048e+01
  -2.7373089e-02   2.6180738e-01   9.6473187e-01  -1.1369575e+03
   0.0000000e+00   0.0000000e+00   0.0000000e+00   1.0000000e+00
   2.7532104e-01   9.6105230e-01  -2.4017362e-02   1.0058409e+02
  -9.4402313e-01   2.7499592e-01   1.8220191e-01  -1.2399304e+02
   1.8171023e-01  -2.7491068e-02   9.8296779e-01  -1.3659969e+03
   0.0000000e+00   0.0000000e+00   0.0000000e+00   1.0000000e+00
   3.1347761e-01   9.4954222e-01   1.0069355e-02   2.3644963e+02
  -9.2690569e-01   3.0366591e-01   2.2052847e-01  -1.2068461e+02
   2.0634337e-01  -7.8464076e-02   9.7532856e-01  -1.1763658e+03
   0.0000000e+00   0.0000000e+00   0.0000000e+00   1.0000000e+00
   2.8703779e-01   9.3729681e-01  -1.9769663e-01   2.2301694e+02
  -9.4704545e-01   3.0867833e-01   8.8445514e-02   2.1245461e+01
   1.4392436e-01   1.6184050e-01   9.7626507e-01  -1.0121395e+03
   0.0000000e+00   0.0000000e+00   0.0000000e+00   1.0000000e+00
   3.0043203e-01   9.4855344e-01  -9.9934518e-02   1.2912146e+02
  -9.4681555e-01   2.8393021e-01  -1.5140638e-01   5.8323380e+01
  -1.1524261e-01   1.4010689e-01   9.8340696e-01  -1.2666951e+03
   0.0000000e+00   0.0000000e+00   0.0000000e+00   1.0000000e+00
   2.1613698e-01   9.2737061e-01  -3.0539888e-01   2.4692712e+02
  -9.5002109e-01   2.7192011e-01   1.5336022e-01  -3.3848366e+01
   2.2526588e-01   2.5698858e-01   9.3979371e-01  -1.2559059e+03
   0.0000000e+00   0.0000000e+00   0.0000000e+00   1.0000000e+00
   1.9631490e-01   9.4215178e-01  -2.7168077e-01   1.6518608e+02
  -9.6442831e-01   2.3555198e-01   1.1997198e-01  -6.9811241e+01
   1.7702676e-01   2.3846434e-01   9.5488024e-01  -1.1201990e+03
   0.0000000e+00   0.0000000e+00   0.0000000e+00   1.0000000e+00
   3.7580794e-01   9.1912764e-01  -1.1820661e-01   1.1764246e+02
  -9.1338587e-01   3.8892657e-01   1.2025959e-01   5.2718063e+01
   1.5650760e-01   6.2773734e-02   9.8567986e-01  -1.1349629e+03
   0.0000000e+00   0.0000000e+00   0.0000000e+00   1.0000000e+00
   2.2800578e-01   8.8274235e-01  -4.1082752e-01   2.9435046e+02
  -8.6846769e-01   3.7514624e-01   3.2408202e-01  -1.6625589e+01
   4.4020131e-01   2.8289789e-01   8.5216874e-01  -1.1066893e+03
   0.0000000e+00   0.0000000e+00   0.0000000e+00   1.0000000e+00
   1.3190326e-01   9.2522073e-01  -3.5576412e-01   2.0696234e+02
  -9.8955762e-01   1.4394417e-01   7.4606687e-03  -2.1279121e+02
   5.8112934e-02   3.5106504e-01   9.3454599e-01  -1.2082738e+03
   0.0000000e+00   0.0000000e+00   0.0000000e+00   1.0000000e+00
   3.4821433e-01   9.3722266e-01  -1.8982604e-02   1.8414636e+02
  -9.2447394e-01   3.4669000e-01   1.5859960e-01  -1.6428532e+02
   1.5522422e-01  -3.7677728e-02   9.8716050e-01  -1.3378489e+03
   0.0000000e+00   0.0000000e+00   0.0000000e+00   1.0000000e+00
   3.1221247e-01   9.2752278e-01   2.0548707e-01   1.6008023e+02
  -9.4751006e-01   2.8832999e-01   1.3816847e-01  -1.5338104e+02
   6.8906300e-02  -2.3783900e-01   9.6885735e-01  -1.4544922e+03
   0.0000000e+00   0.0000000e+00   0.0000000e+00   1.0000000e+00
   3.9565128e-01   8.9662278e-01   1.9881557e-01   5.8801659e+01
  -8.7120509e-01   2.9791522e-01   3.9018995e-01  -2.9168839e+02
   2.9062301e-01  -3.2758826e-01   8.9901286e-01  -1.4607729e+03
   0.0000000e+00   0.0000000e+00   0.0000000e+00   1.0000000e+00
   3.3717695e-01   9.2558813e-01   1.7204142e-01   2.3552605e+02
  -8.8373715e-01   2.4818598e-01   3.9675221e-01  -1.7546048e+02
   3.2453090e-01  -2.8581509e-01   9.0165925e-01  -1.3253669e+03
   0.0000000e+00   0.0000000e+00   0.0000000e+00   1.0000000e+00
   4.1566607e-01   8.7797379e-01   2.3745263e-01   2.4734436e+01
  -8.4543967e-01   2.7672207e-01   4.5678949e-01  -2.2598337e+02
   3.3534080e-01  -3.9062378e-01   8.5729784e-01  -1.3511750e+03
   0.0000000e+00   0.0000000e+00   0.0000000e+00   1.0000000e+00
  -8.3235741e-02   9.5954424e-01   2.6897353e-01   1.4120068e+01
  -9.1009551e-01   3.6757469e-02  -4.1276515e-01  -2.2824231e+02
  -4.0595320e-01  -2.7914840e-01   8.7021732e-01  -1.3941891e+03
   0.0000000e+00   0.0000000e+00   0.0000000e+00   1.0000000e+00
   2.2338194e-01   9.4498354e-01   2.3896986e-01   7.3180496e+01
  -9.7203434e-01   1.9774142e-01   1.2667923e-01  -1.8671104e+02
   7.2455548e-02  -2.6058474e-01   9.6272832e-01  -1.4081866e+03
   0.0000000e+00   0.0000000e+00   0.0000000e+00   1.0000000e+00
   2.9206419e-01   9.3910426e-01   1.8105741e-01   1.7932922e+02
  -9.4113272e-01   2.4851561e-01   2.2914888e-01  -1.5782027e+02
   1.7019907e-01  -2.3732524e-01   9.5640421e-01  -1.4954755e+03
   0.0000000e+00   0.0000000e+00   0.0000000e+00   1.0000000e+00
   3.6878937e-01   9.1527426e-01   1.6207238e-01   1.4666821e+02
  -8.7895054e-01   2.8666243e-01   3.8114384e-01  -1.2888489e+02
   3.0239108e-01  -2.8301540e-01   9.1019881e-01  -1.3264578e+03
   0.0000000e+00   0.0000000e+00   0.0000000e+00   1.0000000e+00
   2.8883550e-01   9.5421267e-01  -7.7795744e-02   8.3160469e+01
  -9.3196517e-01   2.9883701e-01   2.0527387e-01  -8.7510460e+01
   2.1912317e-01   1.3212538e-02   9.7560775e-01  -1.1979070e+03
   0.0000000e+00   0.0000000e+00   0.0000000e+00   1.0000000e+00
   3.9976582e-01   9.1660553e-01   4.6486701e-03   1.6903210e+01
  -8.5778445e-01   3.7231448e-01   3.5438362e-01  -2.3224898e+02
   3.2309923e-01  -1.4565802e-01   9.3508857e-01  -1.4163259e+03
   0.0000000e+00   0.0000000e+00   0.0000000e+00   1.0000000e+00
   3.6934888e-01   9.2908710e-01   1.9458793e-02   5.6948921e+01
  -9.1773182e-01   3.6138237e-01   1.6483682e-01   8.9488457e+01
   1.4611571e-01  -7.8740254e-02   9.8612887e-01  -1.2253970e+03
   0.0000000e+00   0.0000000e+00   0.0000000e+00   1.0000000e+00
   3.2122517e-01   9.3527329e-01  -1.4858732e-01   2.2255341e+02
  -9.4003272e-01   3.3391303e-01   6.9573559e-02   1.2603941e+02
   1.1468553e-01   1.1732818e-01   9.8644882e-01  -1.0183348e+03
   0.0000000e+00   0.0000000e+00   0.0000000e+00   1.0000000e+00
   3.2861242e-01   9.4415337e-01   2.4256974e-02   1.2050490e+02
  -9.4192016e-01   3.2573479e-01   8.1751451e-02   8.7103020e+01
   6.9284558e-02  -4.9712677e-02   9.9635750e-01  -1.0614917e+03
   0.0000000e+00   0.0000000e+00   0.0000000e+00   1.0000000e+00
   3.3085799e-01   9.4358408e-01   1.3490795e-02   1.7371532e+02
  -9.3142486e-01   3.2423121e-01   1.6529326e-01   3.2298241e+00
   1.5159395e-01  -6.7254260e-02   9.8615217e-01  -1.3009412e+03
   0.0000000e+00   0.0000000e+00   0.0000000e+00   1.0000000e+00
   2.3414287e-01   9.7140217e-01  -3.9432734e-02   2.4102097e+02
  -9.0151995e-01   2.3212405e-01   3.6521259e-01  -1.2312906e+02
   3.6392155e-01  -4.9962532e-02   9.3008864e-01  -1.3049375e+03
   0.0000000e+00   0.0000000e+00   0.0000000e+00   1.0000000e+00
   2.8961810e-01   9.5486706e-01  -6.5956123e-02   1.5165945e+02
  -8.7816840e-01   2.9249942e-01   3.7850264e-01  -1.6083255e+02
   3.8071185e-01  -5.1700640e-02   9.2324728e-01  -1.0814656e+03
   0.0000000e+00   0.0000000e+00   0.0000000e+00   1.0000000e+00
   2.6659334e-01   9.5951277e-01  -9.0901785e-02   1.5905150e+02
  -8.8497072e-01   2.8105474e-01   3.7126133e-01  -1.0653858e+02
   3.8177839e-01  -1.8530397e-02   9.2406809e-01  -1.0238551e+03
   0.0000000e+00   0.0000000e+00   0.0000000e+00   1.0000000e+00
   2.6659334e-01   9.5951277e-01  -9.0901785e-02   1.5905150e+02
  -8.8497072e-01   2.8105474e-01   3.7126133e-01  -1.0653858e+02
   3.8177839e-01  -1.8530397e-02   9.2406809e-01  -1.0238551e+03
   0.0000000e+00   0.0000000e+00   0.0000000e+00   1.0000000e+00
   2.6659334e-01   9.5951277e-01  -9.0901785e-02   1.5905150e+02
  -8.8497072e-01   2.8105474e-01   3.7126133e-01  -1.0653858e+02
   3.8177839e-01  -1.8530397e-02   9.2406809e-01  -1.0238551e+03
   0.0000000e+00   0.0000000e+00   0.0000000e+00   1.0000000e+00
   2.6659334e-01   9.5951277e-01  -9.0901785e-02   1.5905150e+02
  -8.8497072e-01   2.8105474e-01   3.7126133e-01  -1.0653858e+02
   3.8177839e-01  -1.8530397e-02   9.2406809e-01  -1.0238551e+03
   0.0000000e+00   0.0000000e+00   0.0000000e+00   1.0000000e+00
   1.8805055e-01   9.8193300e-01  -2.1086315e-02   2.0448294e+02
  -9.7965324e-01   1.8906021e-01   6.7347996e-02   4.8236343e+01
   7.0117801e-02   7.9924501e-03   9.9750668e-01  -1.1202742e+03
   0.0000000e+00   0.0000000e+00   0.0000000e+00   1.0000000e+00
   2.4577717e-01   9.6901405e-01  -2.4602821e-02   2.0018732e+02
  -9.3936455e-01   2.4436526e-01   2.4058220e-01  -2.5813463e+01
   2.3913962e-01  -3.6018595e-02   9.7031689e-01  -1.3168262e+03
   0.0000000e+00   0.0000000e+00   0.0000000e+00   1.0000000e+00
   4.1371778e-01   9.1028547e-01   1.4764397e-02   1.0993568e+02
  -8.6338860e-01   3.8715607e-01   3.2352784e-01  -1.5587372e+02
   2.8878656e-01  -1.4659664e-01   9.4610345e-01  -1.4047057e+03
   0.0000000e+00   0.0000000e+00   0.0000000e+00   1.0000000e+00
   1.8525338e-01   9.7490168e-01  -1.2348261e-01   1.0299043e+02
  -9.6498770e-01   2.0421819e-01   1.6460152e-01  -1.1102481e+02
   1.8568769e-01   8.8666216e-02   9.7860020e-01  -1.2131355e+03
   0.0000000e+00   0.0000000e+00   0.0000000e+00   1.0000000e+00
   2.4873088e-01   9.6229231e-01   1.1012026e-01   1.2175879e+02
  -9.6826011e-01   2.4415046e-01   5.3505875e-02  -1.8818195e+01
   2.4602382e-02  -1.1993362e-01   9.9247700e-01  -1.1437966e+03
   0.0000000e+00   0.0000000e+00   0.0000000e+00   1.0000000e+00
   3.6744893e-01   9.2673767e-01   7.8348838e-02   8.3211746e+01
  -9.1484565e-01   3.4499243e-01   2.0985124e-01  -6.7352921e+01
   1.6744728e-01  -1.4878671e-01   9.7458911e-01  -1.3463799e+03
   0.0000000e+00   0.0000000e+00   0.0000000e+00   1.0000000e+00
   3.7731612e-01   9.2608380e-01   1.1713654e-03   7.2381485e+01
  -8.7881202e-01   3.5765657e-01   3.1586581e-01  -1.7539044e+02
   2.9209924e-01  -1.2021068e-01   9.4880313e-01  -1.4514315e+03
   0.0000000e+00   0.0000000e+00   0.0000000e+00   1.0000000e+00
   3.1812271e-01   9.4707477e-01   4.2980898e-02   5.5197735e+01
  -9.2451715e-01   2.9986891e-01   2.3525886e-01  -1.8914368e+02
   2.0991911e-01  -1.1457776e-01   9.7098196e-01  -1.2887467e+03
   0.0000000e+00   0.0000000e+00   0.0000000e+00   1.0000000e+00
   1.5967661e-01   9.8055309e-01  -1.1410054e-01   2.0736215e+02
  -9.7201866e-01   1.7634463e-01   1.5518457e-01  -1.5454459e+02
   1.7228775e-01   8.6128503e-02   9.8127407e-01  -1.2347224e+03
   0.0000000e+00   0.0000000e+00   0.0000000e+00   1.0000000e+00
   3.9895502e-01   9.0420634e-01   1.5246557e-01   1.2446317e+02
  -8.8664687e-01   3.3798644e-01   3.1563023e-01  -4.5211693e+01
   2.3386358e-01  -2.6110539e-01   9.3655312e-01  -1.2095750e+03
   0.0000000e+00   0.0000000e+00   0.0000000e+00   1.0000000e+00
   2.7916837e-01   9.5988923e-01  -2.6032023e-02   2.3487791e+02
  -9.3057090e-01   2.7712983e-01   2.3924211e-01  -1.0311127e+00
   2.3686016e-01  -4.2564191e-02   9.7061092e-01  -1.0944509e+03
   0.0000000e+00   0.0000000e+00   0.0000000e+00   1.0000000e+00
   2.9877758e-01   9.4806683e-01   1.0909324e-01   1.7079156e+02
  -9.4931251e-01   2.8356209e-01   1.3564058e-01   9.3450729e+01
   9.7661614e-02  -1.4408994e-01   9.8473364e-01  -1.2055317e+03
   0.0000000e+00   0.0000000e+00   0.0000000e+00   1.0000000e+00
   2.4110037e-01   9.4473207e-01   2.2215302e-01   2.1807654e+02
  -9.6509308e-01   2.5752079e-01  -4.7732212e-02   2.3613163e+01
  -1.0230317e-01  -2.0289010e-01   9.7384274e-01  -1.3330784e+03
   0.0000000e+00   0.0000000e+00   0.0000000e+00   1.0000000e+00
   3.5474396e-01   9.2164332e-01   1.5725917e-01   8.9538971e+01
  -9.3209803e-01   3.3545974e-01   1.3660192e-01  -1.2672047e+02
   7.3144116e-02  -1.9503964e-01   9.7806412e-01  -1.3868479e+03
   0.0000000e+00   0.0000000e+00   0.0000000e+00   1.0000000e+00
   3.1517732e-01   9.4385612e-01   9.8989613e-02   6.1056633e+01
  -9.2055494e-01   2.7869183e-01   2.7369598e-01  -1.1056516e+02
   2.3074202e-01  -1.7738813e-01   9.5670873e-01  -1.2538629e+03
   0.0000000e+00   0.0000000e+00   0.0000000e+00   1.0000000e+00
   2.0648871e-01   9.7056061e-01  -1.2399384e-01   2.5821143e+02
  -9.6711022e-01   2.2168700e-01   1.2471047e-01  -7.2404488e+01
   1.4852691e-01   9.4164401e-02   9.8441499e-01  -1.1979054e+03
   0.0000000e+00   0.0000000e+00   0.0000000e+00   1.0000000e+00
   2.7040252e-01   9.1380793e-01  -3.0304727e-01   2.7733078e+02
  -9.5307851e-01   2.9857871e-01   4.9922116e-02   1.0666579e+02
   1.3610269e-01   2.7532876e-01   9.5166701e-01  -1.0023002e+03
   0.0000000e+00   0.0000000e+00   0.0000000e+00   1.0000000e+00
   2.8431186e-01   9.4230878e-01  -1.7669429e-01   1.3553897e+02
  -9.5718539e-01   2.8945461e-01   3.4887642e-03   6.8752121e+01
   5.4432455e-02   1.6813730e-01   9.8425961e-01  -1.0171238e+03
   0.0000000e+00   0.0000000e+00   0.0000000e+00   1.0000000e+00
   7.8084923e-02   9.9188453e-01   1.0033885e-01   6.8106003e+01
  -8.2817847e-01   8.5073998e-03   5.6039995e-01  -1.2189230e+02
   5.5499840e-01  -1.2685728e-01   8.2212168e-01  -1.2267523e+03
   0.0000000e+00   0.0000000e+00   0.0000000e+00   1.0000000e+00
   8.6433463e-02   9.9499744e-01   5.0091933e-02   1.3825223e+02
  -8.7757760e-01   5.2240606e-02   4.7657987e-01  -8.4905632e+01
   4.7157896e-01  -8.5152008e-02   8.7770295e-01  -1.0264789e+03
   0.0000000e+00   0.0000000e+00   0.0000000e+00   1.0000000e+00
   1.1519342e-01   9.8823345e-01  -1.0062350e-01   7.7553864e+01
  -9.8305953e-01   1.2795264e-01   1.3123266e-01  -2.7530605e+01
   1.4256355e-01   8.3801761e-02   9.8623168e-01  -1.1890857e+03
   0.0000000e+00   0.0000000e+00   0.0000000e+00   1.0000000e+00
   8.4241815e-02   9.9222988e-01  -9.1559835e-02   1.7162964e+02
  -9.4832313e-01   1.0804439e-01   2.9834476e-01  -1.6591560e+02
   3.0591911e-01   6.1695218e-02   9.5005643e-01  -1.3534750e+03
   0.0000000e+00   0.0000000e+00   0.0000000e+00   1.0000000e+00
   2.7226141e-01   9.6208018e-01  -1.6594931e-02   1.5184280e+02
  -9.1678619e-01   2.6460350e-01   2.9914555e-01  -1.2800780e+02
   2.9219308e-01  -6.6231802e-02   9.5406318e-01  -1.0794719e+03
   0.0000000e+00   0.0000000e+00   0.0000000e+00   1.0000000e+00
   1.6856076e-01   9.3656445e-01  -3.0730167e-01   1.3996156e+02
  -9.7271752e-01   2.0846759e-01   1.0179358e-01  -5.8648109e+01
   1.5939869e-01   2.8175932e-01   9.4615209e-01  -1.0062070e+03
   0.0000000e+00   0.0000000e+00   0.0000000e+00   1.0000000e+00
   3.0555388e-01   9.3616784e-01  -1.7385799e-01   1.7537201e+02
  -9.4285625e-01   3.2295978e-01   8.1970163e-02   3.9946434e+01
   1.3288696e-01   1.3887680e-01   9.8135328e-01  -1.0336150e+03
   0.0000000e+00   0.0000000e+00   0.0000000e+00   1.0000000e+00
   2.7934805e-01   9.1025102e-01  -3.0562669e-01   1.3230099e+02
  -9.0387702e-01   3.5669011e-01   2.3617463e-01  -1.8937286e+01
   3.2399222e-01   2.1027404e-01   9.2239571e-01  -1.0232139e+03
   0.0000000e+00   0.0000000e+00   0.0000000e+00   1.0000000e+00
   2.2035052e-01   9.7536546e-01   1.0383570e-02   1.5222662e+02
  -9.7471994e-01   2.2058319e-01  -3.5552822e-02   6.5131729e+01
  -3.6967434e-02  -2.2869911e-03   9.9931383e-01  -1.0463422e+03
   0.0000000e+00   0.0000000e+00   0.0000000e+00   1.0000000e+00
   2.2032782e-01   9.7537899e-01   9.5681325e-03   1.5227524e+02
  -9.7473198e-01   2.2053042e-01  -3.5551965e-02   6.4980049e+01
  -3.6786705e-02  -1.4932770e-03   9.9932200e-01  -1.0462959e+03
   0.0000000e+00   0.0000000e+00   0.0000000e+00   1.0000000e+00
   2.2032782e-01   9.7537899e-01   9.5681325e-03   1.5227524e+02
  -9.7473198e-01   2.2053042e-01  -3.5551965e-02   6.4980049e+01
  -3.6786705e-02  -1.4932770e-03   9.9932200e-01  -1.0462959e+03
   0.0000000e+00   0.0000000e+00   0.0000000e+00   1.0000000e+00
   2.9112914e-01   9.5518607e-01  -5.3510424e-02   9.9334854e+01
  -9.4645029e-01   2.9572329e-01   1.2953585e-01   6.3533474e+01
   1.3955513e-01   1.2933299e-02   9.9012983e-01  -1.1609897e+03
   0.0000000e+00   0.0000000e+00   0.0000000e+00   1.0000000e+00
   1.9090593e-01   9.6105671e-01  -1.9981222e-01   8.0840363e+01
  -9.6153843e-01   2.2403905e-01   1.5890342e-01  -1.1592210e+02
   1.9748095e-01   1.6179152e-01   9.6686339e-01  -1.2646663e+03
   0.0000000e+00   0.0000000e+00   0.0000000e+00   1.0000000e+00
   6.9517180e-02   9.5706666e-01  -2.8140867e-01   2.0759628e+02
  -9.8669589e-01   1.0752422e-01   1.2194196e-01  -1.5614401e+02
   1.4696483e-01   2.6918769e-01   9.5180845e-01  -1.2448499e+03
   0.0000000e+00   0.0000000e+00   0.0000000e+00   1.0000000e+00
   1.9049545e-01   9.5226437e-01  -2.3854566e-01   2.3160933e+02
  -9.8035842e-01   1.9717826e-01   4.2424048e-03  -1.6806479e+01
   5.1075909e-02   2.3305210e-01   9.7112203e-01  -1.0030719e+03
   0.0000000e+00   0.0000000e+00   0.0000000e+00   1.0000000e+00
   2.9874516e-01   9.5432740e-01   3.2546632e-03   9.3103577e+01
  -9.5024729e-01   2.9714921e-01   9.3447782e-02   4.3527775e+00
   8.8212661e-02  -3.1009808e-02   9.9561888e-01  -1.1869781e+03
   0.0000000e+00   0.0000000e+00   0.0000000e+00   1.0000000e+00
   2.7855080e-01   9.3770027e-01  -2.0767210e-01   2.2376648e+02
  -8.8366967e-01   3.3492854e-01   3.2703334e-01  -2.4500751e+01
   3.7621456e-01   9.2418127e-02   9.2191190e-01  -1.2086050e+03
   0.0000000e+00   0.0000000e+00   0.0000000e+00   1.0000000e+00
  -7.0624702e-02   9.8913085e-01  -1.2896642e-01   2.2837134e+02
  -8.0876505e-01   1.8896690e-02   5.8782816e-01  -2.2218304e+02
   5.8387607e-01   1.4581870e-01   7.9863989e-01  -1.0271801e+03
   0.0000000e+00   0.0000000e+00   0.0000000e+00   1.0000000e+00
   2.3990221e-01   9.4989049e-01   2.0038694e-01   2.0924954e+02
  -9.5784795e-01   2.6520625e-01  -1.1042159e-01  -1.0084025e+02
  -1.5803228e-01  -1.6544984e-01   9.7347426e-01  -1.1464760e+03
   0.0000000e+00   0.0000000e+00   0.0000000e+00   1.0000000e+00
   2.6506808e-01   9.5764112e-01  -1.1252747e-01   2.5469498e+02
  -8.9911753e-01   2.8763732e-01   3.2992792e-01  -4.7521797e+01
   3.4831962e-01   1.3722048e-02   9.3727535e-01  -1.0240576e+03
   0.0000000e+00   0.0000000e+00   0.0000000e+00   1.0000000e+00
   2.7248248e-01   8.6326909e-01  -4.2487627e-01   1.4803555e+02
  -8.9343798e-01   3.9090735e-01   2.2126918e-01  -8.8665833e+01
   3.5710210e-01   3.1930861e-01   8.7779278e-01  -1.0089957e+03
   0.0000000e+00   0.0000000e+00   0.0000000e+00   1.0000000e+00
   2.3736820e-01   9.2474169e-01  -2.9750490e-01   1.8974112e+02
  -7.7288276e-01   3.6530957e-01   5.1884592e-01  -2.4861244e+02
   5.8847982e-01   1.0677889e-01   8.0142981e-01  -1.1857723e+03
   0.0000000e+00   0.0000000e+00   0.0000000e+00   1.0000000e+00
   3.8084927e-01   9.0711433e-01  -1.7915748e-01   1.9460080e+02
  -7.6256335e-01   4.1772044e-01   4.9397042e-01  -1.2553870e+02
   5.2292538e-01  -5.1509351e-02   8.5082066e-01  -1.2462811e+03
   0.0000000e+00   0.0000000e+00   0.0000000e+00   1.0000000e+00
   3.3533588e-01   9.0904039e-01  -2.4737693e-01   3.0576947e+02
  -6.8035072e-01   4.1530272e-01   6.0385972e-01  -8.5866707e+01
   6.5166920e-01  -3.4192745e-02   7.5773221e-01  -1.0878562e+03
   0.0000000e+00   0.0000000e+00   0.0000000e+00   1.0000000e+00
   3.9117876e-01   8.8152725e-01  -2.6436493e-01   1.8471756e+02
  -8.9710426e-01   4.2934862e-01   1.0422859e-01  -4.1133171e+01
   2.0538506e-01   1.9639093e-01   9.5877397e-01  -1.0191771e+03
   0.0000000e+00   0.0000000e+00   0.0000000e+00   1.0000000e+00
   3.0128422e-01   9.1453278e-01  -2.6992148e-01   2.2443230e+02
  -9.4073302e-01   3.3131063e-01   7.2489284e-02  -4.0451775e+01
   1.5572169e-01   2.3208417e-01   9.6014982e-01  -1.1464081e+03
   0.0000000e+00   0.0000000e+00   0.0000000e+00   1.0000000e+00
   5.4702765e-01   8.3006388e-01  -1.0841899e-01   2.1152400e+02
  -7.4657571e-01   5.4233962e-01   3.8534716e-01  -1.1812362e+02
   3.7866268e-01  -1.2985258e-01   9.1638035e-01  -1.3764354e+03
   0.0000000e+00   0.0000000e+00   0.0000000e+00   1.0000000e+00
   3.4408784e-01   9.3820119e-01  -3.7174731e-02   8.3563599e+01
  -8.5413438e-01   3.2920799e-01   4.0258721e-01  -2.9414502e+02
   3.8994604e-01  -1.0677317e-01   9.1462648e-01  -1.4442112e+03
   0.0000000e+00   0.0000000e+00   0.0000000e+00   1.0000000e+00
   6.6043741e-01   4.1560319e-01  -6.2537700e-01   1.2472651e+02
  -5.1825064e-01   8.5497385e-01   2.0879805e-02   4.8423820e+01
   5.4335868e-01   3.1031224e-01   7.8004336e-01  -1.2121318e+03
   0.0000000e+00   0.0000000e+00   0.0000000e+00   1.0000000e+00
  -2.9627311e-01   9.2178380e-01   2.5007379e-01   7.2656265e+01
  -9.4176573e-01  -3.2554817e-01   8.4235728e-02  -1.5465450e+02
   1.5905820e-01  -2.1055415e-01   9.6455556e-01  -1.2069495e+03
   0.0000000e+00   0.0000000e+00   0.0000000e+00   1.0000000e+00
  -1.6000548e-01   9.4345534e-01   2.9032791e-01   1.2761465e+02
  -9.4626594e-01  -2.3033489e-01   2.2699489e-01  -1.6429298e+02
   2.8103220e-01  -2.3840697e-01   9.2961442e-01  -1.3668098e+03
   0.0000000e+00   0.0000000e+00   0.0000000e+00   1.0000000e+00
  -1.5520497e-01   9.8596221e-01  -6.1561130e-02   2.1510524e+02
  -9.6855563e-01  -1.6413896e-01  -1.8697123e-01  -1.0175501e+02
  -1.9445117e-01   3.0606523e-02   9.8043460e-01  -1.3641426e+03
   0.0000000e+00   0.0000000e+00   0.0000000e+00   1.0000000e+00
  -8.3973944e-02   9.9177939e-01  -9.6550927e-02   2.4903998e+02
  -9.8851252e-01  -9.5130697e-02  -1.1744448e-01  -3.6940361e+01
  -1.2566397e-01   8.5579522e-02   9.8837477e-01  -1.2566132e+03
   0.0000000e+00   0.0000000e+00   0.0000000e+00   1.0000000e+00
   1.9704051e-02   9.9931496e-01  -3.1327289e-02   2.2930289e+02
  -9.8175007e-01   2.5266645e-02   1.8849009e-01  -1.0658429e+02
   1.8915249e-01   2.7041543e-02   9.8157531e-01  -1.1029827e+03
   0.0000000e+00   0.0000000e+00   0.0000000e+00   1.0000000e+00
   5.1657695e-01   8.1376439e-01  -2.6633778e-01   2.1009958e+02
  -8.5541356e-01   4.7680655e-01  -2.0229483e-01   7.6354172e+01
  -3.7628707e-02   3.3232981e-01   9.4241232e-01  -1.0084608e+03
   0.0000000e+00   0.0000000e+00   0.0000000e+00   1.0000000e+00
   3.2168588e-01   9.1055602e-01  -2.5962660e-01   1.2913364e+02
  -8.2592833e-01   4.0392923e-01   3.9329833e-01  -4.7808731e+01
   4.6299094e-01   8.7914422e-02   8.8199234e-01  -1.0561199e+03
   0.0000000e+00   0.0000000e+00   0.0000000e+00   1.0000000e+00
   4.7508219e-01   8.6391288e-01  -1.6718659e-01   8.2505829e+01
  -7.5307608e-01   4.9746022e-01   4.3059224e-01  -1.0485864e+02
   4.5516288e-01  -7.8662492e-02   8.8692671e-01  -1.2853226e+03
   0.0000000e+00   0.0000000e+00   0.0000000e+00   1.0000000e+00
   4.1654158e-01   8.8499337e-01  -2.0803796e-01   2.1479591e+02
  -7.4069619e-01   4.6305287e-01   4.8677632e-01  -1.3724231e+02
   5.2712643e-01  -4.8669647e-02   8.4839201e-01  -1.3488312e+03
   0.0000000e+00   0.0000000e+00   0.0000000e+00   1.0000000e+00
   4.5836791e-01   8.6005783e-01  -2.2405227e-01   9.8592590e+01
  -7.3258495e-01   5.0835192e-01   4.5265621e-01  -1.2008142e+02
   5.0320792e-01  -4.3345779e-02   8.6307758e-01  -1.2357551e+03
   0.0000000e+00   0.0000000e+00   0.0000000e+00   1.0000000e+00
  -5.2612305e-02   9.5239848e-01   3.0028173e-01   9.0397255e+01
  -9.2416728e-01  -1.6036279e-01   3.4669673e-01  -1.6104440e+02
   3.7834746e-01  -2.5927004e-01   8.8861251e-01  -1.1284283e+03
   0.0000000e+00   0.0000000e+00   0.0000000e+00   1.0000000e+00
   2.1963504e-01   9.5916033e-01   1.7824708e-01   1.0937784e+02
  -9.7087085e-01   1.9696073e-01   1.3644175e-01  -4.8920483e+01
   9.5761843e-02  -2.0302227e-01   9.7448021e-01  -1.1570232e+03
   0.0000000e+00   0.0000000e+00   0.0000000e+00   1.0000000e+00
   1.8812537e-01   9.6075749e-01  -2.0384781e-01   2.5551825e+02
  -9.6846217e-01   2.1598946e-01   1.2421613e-01  -4.2291401e+01
   1.6337055e-01   1.7405067e-01   9.7109032e-01  -1.1074236e+03
   0.0000000e+00   0.0000000e+00   0.0000000e+00   1.0000000e+00
   4.6782488e-01   8.0015206e-01  -3.7536192e-01   1.4155508e+02
  -7.9738337e-01   5.6529742e-01   2.1123114e-01   7.0605728e+01
   3.8120815e-01   2.0048818e-01   9.0248811e-01  -1.0989902e+03
   0.0000000e+00   0.0000000e+00   0.0000000e+00   1.0000000e+00
   4.0128464e-01   9.1070938e-01  -9.7872347e-02   1.5731937e+02
  -7.2198021e-01   3.8024849e-01   5.7806194e-01  -1.7642145e+02
   5.6366223e-01  -1.6130549e-01   8.1010211e-01  -1.3018391e+03
   0.0000000e+00   0.0000000e+00   0.0000000e+00   1.0000000e+00
   1.3737200e-01   9.7660547e-01  -1.6544105e-01   2.4179282e+02
  -9.3285644e-01   1.8371379e-01   3.0988407e-01  -2.1135095e+02
