   4.5646834e-01   8.8721091e-01   6.7033373e-02   6.7920418e+01
  -8.3761865e-01   4.0309951e-01   3.6865410e-01  -1.5129326e+02
   3.0005279e-01  -2.2442733e-01   9.2714655e-01  -1.2282771e+03
   0.0000000e+00   0.0000000e+00   0.0000000e+00   1.0000000e+00
   1.2855402e-01   9.0065461e-01  -4.1508445e-01   9.8190094e+01
  -7.9248315e-01   3.4492603e-01   5.0298762e-01  -2.0448793e+02
   5.9619153e-01   2.6428637e-01   7.5809520e-01  -1.1759171e+03
   0.0000000e+00   0.0000000e+00   0.0000000e+00   1.0000000e+00
   4.7958270e-01   7.4417078e-01  -4.6498418e-01   1.9224588e+02
  -6.0940665e-01   6.6372371e-01   4.3369848e-01  -2.8979959e+02
   6.3136673e-01   7.5370148e-02   7.7181304e-01  -1.3357853e+03
   0.0000000e+00   0.0000000e+00   0.0000000e+00   1.0000000e+00
   2.0478220e-01   7.5739008e-01  -6.2001979e-01   1.2422583e+02
  -7.3159695e-01   5.3925502e-01   4.1709703e-01  -1.5227808e+02
   6.5025395e-01   3.6819053e-01   6.6453409e-01  -1.1779387e+03
   0.0000000e+00   0.0000000e+00   0.0000000e+00   1.0000000e+00
  -4.8996726e-01   8.2506806e-01   2.8141582e-01   9.5656967e+01
  -4.1212714e-01  -5.0370270e-01   7.5923306e-01  -3.9324402e+02
   7.6816881e-01   2.5602025e-01   5.8683074e-01  -1.1673029e+03
   0.0000000e+00   0.0000000e+00   0.0000000e+00   1.0000000e+00
   2.5824770e-01   7.9874706e-01  -5.4342538e-01   2.2939253e+02
  -8.2885158e-01   4.7216213e-01   3.0011317e-01  -1.2128639e+01
   4.9629939e-01   3.7291551e-01   7.8397763e-01  -1.1724736e+03
   0.0000000e+00   0.0000000e+00   0.0000000e+00   1.0000000e+00
   2.3942286e-01   9.0235490e-01  -3.5837466e-01   2.8944897e+02
  -7.1871090e-01   4.1288373e-01   5.5944765e-01  -1.0278214e+02
   6.5278739e-01   1.2362323e-01   7.4738610e-01  -1.2090007e+03
   0.0000000e+00   0.0000000e+00   0.0000000e+00   1.0000000e+00
   2.8330964e-01   8.5843480e-01  -4.2758074e-01   1.5515968e+02
  -8.4921163e-01   4.3172005e-01   3.0406815e-01  -3.5363235e+01
   4.4561785e-01   2.7696115e-01   8.5130328e-01  -1.0817871e+03
   0.0000000e+00   0.0000000e+00   0.0000000e+00   1.0000000e+00
   2.9051721e-01   8.2295847e-01  -4.8819989e-01   2.5161888e+02
  -7.3125029e-01   5.2001107e-01   4.4143128e-01  -6.3053463e+01
   6.1714894e-01   2.2875291e-01   7.5286078e-01  -1.2059882e+03
   0.0000000e+00   0.0000000e+00   0.0000000e+00   1.0000000e+00
   4.3583405e-01   8.8781947e-01  -1.4773361e-01   1.2547897e+02
  -6.6280645e-01   4.2765313e-01   6.1465466e-01  -1.8024382e+02
   6.0888118e-01  -1.6996866e-01   7.7483833e-01  -1.3061112e+03
   0.0000000e+00   0.0000000e+00   0.0000000e+00   1.0000000e+00
   3.7179887e-01   9.1361731e-01  -1.6452663e-01   1.7906529e+02
  -7.3589665e-01   3.9810514e-01   5.4769373e-01  -2.1532684e+02
   5.6588137e-01  -8.2557313e-02   8.2034296e-01  -1.3202314e+03
   0.0000000e+00   0.0000000e+00   0.0000000e+00   1.0000000e+00
   3.7065664e-01   9.2139673e-01  -1.1679783e-01   2.0060123e+02
  -8.2080460e-01   3.8381633e-01   4.2304233e-01  -1.3271838e+02
   4.3461874e-01  -6.0935244e-02   8.9855075e-01  -1.2962706e+03
   0.0000000e+00   0.0000000e+00   0.0000000e+00   1.0000000e+00
   9.0850800e-01  -1.8821537e-01  -3.7307936e-01  -3.5353458e+01
   1.8169802e-01   9.8192984e-01  -5.2911494e-02   9.4337929e+01
   3.7629649e-01  -1.9717265e-02   9.2628944e-01  -1.2852634e+03
   0.0000000e+00   0.0000000e+00   0.0000000e+00   1.0000000e+00
   9.2395985e-01  -1.0680931e-01  -3.6727363e-01  -7.5006828e+00
   2.4015689e-02   9.7452462e-01  -2.2299114e-01   1.3488274e+01
   3.8173473e-01   1.9721454e-01   9.0298671e-01  -1.2271274e+03
   0.0000000e+00   0.0000000e+00   0.0000000e+00   1.0000000e+00
   4.8923141e-01   5.8080482e-01  -6.5062916e-01   2.1268723e+02
  -6.2296993e-01   7.5480616e-01   2.0536833e-01  -1.3968318e+02
   6.1037785e-01   3.0484980e-01   7.3109883e-01  -1.2118347e+03
   0.0000000e+00   0.0000000e+00   0.0000000e+00   1.0000000e+00
   3.0787978e-01   7.4236423e-01  -5.9506756e-01   2.0655609e+02
  -7.1306354e-01   5.9411508e-01   3.7224677e-01  -2.8018719e+02
   6.2988132e-01   3.0971366e-01   7.1226889e-01  -1.1998314e+03
   0.0000000e+00   0.0000000e+00   0.0000000e+00   1.0000000e+00
   4.1262397e-01   8.2056415e-01  -3.9549461e-01   8.3258842e+01
  -5.3393573e-01   5.6964737e-01   6.2483156e-01  -2.8788266e+02
   7.3800689e-01  -4.6651784e-02   6.7317867e-01  -1.2065236e+03
   0.0000000e+00   0.0000000e+00   0.0000000e+00   1.0000000e+00
   2.9893410e-01   8.5405535e-01  -4.2570853e-01   1.3130382e+02
  -7.7148044e-01   4.7885650e-01   4.1894427e-01  -2.9347900e+02
   5.6165487e-01   2.0318912e-01   8.0203360e-01  -1.1704493e+03
   0.0000000e+00   0.0000000e+00   0.0000000e+00   1.0000000e+00
   3.2593501e-01   7.6370412e-01  -5.5724543e-01   1.8687021e+02
  -7.6432496e-01   5.5976814e-01   3.2010484e-01  -6.2861092e+01
   5.5639362e-01   3.2158318e-01   7.6616609e-01  -1.0257428e+03
   0.0000000e+00   0.0000000e+00   0.0000000e+00   1.0000000e+00
   3.2348844e-01   9.3556488e-01  -1.4168143e-01   2.7230511e+02
  -8.6473453e-01   3.5308594e-01   3.5716179e-01  -7.9537430e+01
   3.8417372e-01   6.9791074e-03   9.2323446e-01  -1.0365237e+03
   0.0000000e+00   0.0000000e+00   0.0000000e+00   1.0000000e+00
   2.7090156e-01   6.7928910e-01  -6.8204004e-01   2.6506845e+02
  -7.0094037e-01   6.2483108e-01   3.4390220e-01  -2.8141821e+02
   6.5976882e-01   3.8490576e-01   6.4540887e-01  -1.1065492e+03
   0.0000000e+00   0.0000000e+00   0.0000000e+00   1.0000000e+00
   4.0025759e-01   8.3070040e-01  -3.8695052e-01   2.6558231e+02
  -7.3493433e-01   5.4321027e-01   4.0594846e-01  -3.0022479e+02
   5.4741704e-01   1.2189929e-01   8.2793427e-01  -1.0957606e+03
   0.0000000e+00   0.0000000e+00   0.0000000e+00   1.0000000e+00
   4.4053248e-01   7.8597343e-01  -4.3379357e-01   2.1987587e+02
  -6.4147484e-01   6.1363894e-01   4.6038815e-01  -2.3807680e+02
   6.2804550e-01   7.5451702e-02   7.7451009e-01  -1.0584414e+03
   0.0000000e+00   0.0000000e+00   0.0000000e+00   1.0000000e+00
   3.9059645e-01   8.0726218e-01  -4.4245017e-01   2.8415067e+02
  -7.6203179e-01   5.5318928e-01   3.3658457e-01  -2.8575763e+02
   5.1647067e-01   2.0569237e-01   8.3123326e-01  -1.0992896e+03
   0.0000000e+00   0.0000000e+00   0.0000000e+00   1.0000000e+00
   4.8883367e-01   8.4714091e-01  -2.0831202e-01   3.0089960e+02
  -7.4992478e-01   5.3006059e-01   3.9578864e-01  -2.5451239e+02
   4.4570675e-01  -3.7256449e-02   8.9440340e-01  -1.1517899e+03
   0.0000000e+00   0.0000000e+00   0.0000000e+00   1.0000000e+00
  -4.1368079e-01   8.7609351e-01  -2.4764559e-01   3.0078824e+02
  -7.7355361e-01  -1.9479859e-01   6.0304922e-01  -2.3219928e+02
   4.8008648e-01   4.4103703e-01   7.5828969e-01  -9.7991669e+02
   0.0000000e+00   0.0000000e+00   0.0000000e+00   1.0000000e+00
   2.1027412e-01   9.6629691e-01  -1.4850947e-01   2.8347180e+02
  -4.6741864e-01   2.3278597e-01   8.5283673e-01  -3.0739111e+02
   8.5866439e-01  -1.0991341e-01   5.0061405e-01  -1.1406866e+03
   0.0000000e+00   0.0000000e+00   0.0000000e+00   1.0000000e+00
   1.7746344e-01   9.7940093e-01  -9.6335948e-02   2.9871948e+02
  -7.4806231e-01   1.9785318e-01   6.3344848e-01  -3.8395969e+02
   6.3946038e-01  -4.0348649e-02   7.6776457e-01  -1.2418378e+03
   0.0000000e+00   0.0000000e+00   0.0000000e+00   1.0000000e+00
   3.0191150e-01   7.7024704e-01  -5.6175518e-01   1.1335246e+02
  -6.7911905e-01   5.8731067e-01   4.4029927e-01  -3.4783005e+02
   6.6906404e-01   2.4856727e-01   7.0040530e-01  -1.1714725e+03
   0.0000000e+00   0.0000000e+00   0.0000000e+00   1.0000000e+00
   2.9441443e-01   6.9769597e-01  -6.5310061e-01   2.0969479e+02
  -6.2401968e-01   6.5794033e-01   4.2156133e-01  -1.9345575e+02
   7.2382289e-01   2.8343391e-01   6.2908316e-01  -1.0585586e+03
   0.0000000e+00   0.0000000e+00   0.0000000e+00   1.0000000e+00
   2.5411662e-01   7.3462081e-01  -6.2909222e-01   2.7195874e+02
  -6.9442242e-01   5.9132612e-01   4.1001329e-01  -1.0873245e+02
   6.7320293e-01   3.3266455e-01   6.6040295e-01  -1.0919194e+03
   0.0000000e+00   0.0000000e+00   0.0000000e+00   1.0000000e+00
   5.4324704e-01   8.3275604e-01  -1.0677098e-01   9.9794815e+01
  -7.4421757e-01   5.3650242e-01   3.9787599e-01  -1.4890947e+02
   3.8861653e-01  -1.3668410e-01   9.1120505e-01  -1.1695748e+03
   0.0000000e+00   0.0000000e+00   0.0000000e+00   1.0000000e+00
   1.5013903e-01   6.9931543e-01  -6.9886780e-01   2.4711546e+02
  -8.8000387e-01   4.1670737e-01   2.2792143e-01  -1.2111131e+02
   4.5061237e-01   5.8078647e-01   6.7796433e-01  -1.0904150e+03
   0.0000000e+00   0.0000000e+00   0.0000000e+00   1.0000000e+00
  -6.2109679e-01   7.7571839e-01  -1.1180253e-01   1.9522826e+02
  -6.5384543e-01  -4.3420976e-01   6.1963552e-01  -3.2192932e+02
   4.3211687e-01   4.5795521e-01   7.7688617e-01  -1.0801356e+03
   0.0000000e+00   0.0000000e+00   0.0000000e+00   1.0000000e+00
   1.3541487e-01   9.2189139e-01  -3.6301368e-01   3.0562961e+02
  -6.9565046e-01   3.4935665e-01   6.2771040e-01  -2.2096855e+02
   7.0550209e-01   1.6752936e-01   6.8862230e-01  -1.1413740e+03
   0.0000000e+00   0.0000000e+00   0.0000000e+00   1.0000000e+00
   1.4860840e-01   9.0902078e-01  -3.8935423e-01   2.0641849e+02
  -8.2173502e-01   3.3255491e-01   4.6277288e-01  -1.8458859e+02
   5.5015182e-01   2.5117406e-01   7.9639471e-01  -1.0379857e+03
   0.0000000e+00   0.0000000e+00   0.0000000e+00   1.0000000e+00
   1.1761682e-01   8.8677686e-01  -4.4698226e-01   3.1077527e+02
  -7.7546650e-01   3.6318490e-01   5.1647699e-01  -1.4901593e+02
   6.2033701e-01   2.8587341e-01   7.3038232e-01  -1.0916149e+03
   0.0000000e+00   0.0000000e+00   0.0000000e+00   1.0000000e+00
   2.0075366e-01   9.7771895e-01  -6.1347645e-02   2.1911002e+02
  -9.2565173e-01   2.0981963e-01   3.1487226e-01  -1.3354541e+02
   3.2072851e-01  -6.4252014e-03   9.4714940e-01  -1.1497549e+03
   0.0000000e+00   0.0000000e+00   0.0000000e+00   1.0000000e+00
   1.1550462e-01   7.8757560e-01  -6.0529602e-01   2.9003873e+02
  -8.7495863e-01   3.6914042e-01   3.1334126e-01  -8.0147385e+01
   4.7021917e-01   4.9341661e-01   7.3173350e-01  -1.0313403e+03
   0.0000000e+00   0.0000000e+00   0.0000000e+00   1.0000000e+00
   1.5180492e-01   7.5836891e-01  -6.3390207e-01   2.5830029e+02
  -6.7566127e-01   5.4771215e-01   4.9345031e-01  -1.7518327e+02
   7.2141325e-01   3.5339487e-01   5.9554595e-01  -1.1046417e+03
   0.0000000e+00   0.0000000e+00   0.0000000e+00   1.0000000e+00
   2.6258305e-01   7.2496688e-01  -6.3676769e-01   3.0283798e+02
  -7.5990307e-01   5.6206012e-01   3.2655132e-01  -8.6104065e+01
   5.9464061e-01   3.9813489e-01   6.9849205e-01  -9.9274408e+02
   0.0000000e+00   0.0000000e+00   0.0000000e+00   1.0000000e+00
   4.4619921e-01   8.6172712e-01  -2.4152164e-01   1.4582764e+02
  -5.6357741e-01   4.8020554e-01   6.7214817e-01  -1.6684157e+02
   6.9518834e-01  -1.6379584e-01   6.9991726e-01  -1.1035254e+03
   0.0000000e+00   0.0000000e+00   0.0000000e+00   1.0000000e+00
   4.4646066e-01   8.6172503e-01  -2.4104536e-01   1.4578285e+02
  -5.6359327e-01   4.8004314e-01   6.7225087e-01  -1.6682698e+02
   6.9500750e-01  -1.6428199e-01   6.9998282e-01  -1.1035596e+03
   0.0000000e+00   0.0000000e+00   0.0000000e+00   1.0000000e+00
   2.4964026e-01   8.3248359e-01  -4.9462184e-01   3.1810709e+02
  -6.6790426e-01   5.1787317e-01   5.3451967e-01  -8.5987984e+01
   7.0113027e-01   1.9692245e-01   6.8530136e-01  -1.0698146e+03
   0.0000000e+00   0.0000000e+00   0.0000000e+00   1.0000000e+00
   2.5805497e-01   8.9047039e-01  -3.7479338e-01   9.0163994e+01
  -9.2719775e-01   3.3727735e-01   1.6293648e-01  -1.4434787e+02
   2.7149943e-01   3.0546102e-01   9.1267830e-01  -1.1258043e+03
   0.0000000e+00   0.0000000e+00   0.0000000e+00   1.0000000e+00
  -5.5341625e-01   7.7303380e-01   3.1007940e-01   1.2046353e+02
  -5.0892544e-01  -6.0855037e-01   6.0881960e-01  -3.7516373e+02
   6.5933710e-01   1.7912337e-01   7.3019820e-01  -1.0750200e+03
   0.0000000e+00   0.0000000e+00   0.0000000e+00   1.0000000e+00
   5.8918971e-01   6.3590449e-01  -4.9847856e-01   2.7924915e+02
  -7.0409751e-01   7.0671177e-01   6.9319278e-02   6.7689934e+00
   3.9636111e-01   3.1013533e-01   8.6412615e-01  -1.0817368e+03
   0.0000000e+00   0.0000000e+00   0.0000000e+00   1.0000000e+00
   5.2984911e-01   7.5276345e-01  -3.9064959e-01   1.4948871e+02
  -5.3674966e-01   6.5427589e-01   5.3275025e-01  -5.0956532e+01
   6.5662754e-01  -7.2596163e-02   7.5071305e-01  -1.0468147e+03
   0.0000000e+00   0.0000000e+00   0.0000000e+00   1.0000000e+00
   9.8304647e-01   4.7518477e-02  -1.7709206e-01   1.3359439e+02
  -4.4566762e-02   9.9879378e-01   2.0610545e-02  -6.8455887e+00
   1.7785782e-01  -1.2368704e-02   9.8397845e-01  -1.1418651e+03
   0.0000000e+00   0.0000000e+00   0.0000000e+00   1.0000000e+00
   9.7845131e-01  -1.3954033e-01   1.5218909e-01  -1.6765262e+02
   1.5976809e-01   9.7856462e-01  -1.2994406e-01   9.4007835e+00
  -1.3079441e-01   1.5145890e-01   9.7977191e-01  -1.1663138e+03
   0.0000000e+00   0.0000000e+00   0.0000000e+00   1.0000000e+00
   2.1097437e-01   7.7128339e-01  -6.0050958e-01   3.0642108e+02
  -9.0223128e-01   3.9003822e-01   1.8398096e-01  -9.1602379e+01
   3.7612313e-01   5.0298327e-01   7.7816403e-01  -1.0261771e+03
   0.0000000e+00   0.0000000e+00   0.0000000e+00   1.0000000e+00
   2.4125925e-01   9.5940036e-01  -1.4609915e-01   2.7480554e+02
  -9.3737948e-01   2.6935133e-01   2.2083844e-01  -1.1885001e+02
   2.5122449e-01   8.3671018e-02   9.6430564e-01  -1.1095632e+03
   0.0000000e+00   0.0000000e+00   0.0000000e+00   1.0000000e+00
   3.9623830e-01   9.0788037e-01   1.3692486e-01   1.3917691e+02
  -7.9863918e-01   2.6723623e-01   5.3922194e-01  -6.8067200e+01
   4.5295772e-01  -3.2301393e-01   8.3095807e-01  -1.0394849e+03
   0.0000000e+00   0.0000000e+00   0.0000000e+00   1.0000000e+00
   2.3462428e-01   8.8173145e-01  -4.0926892e-01   3.1266415e+02
  -8.4670514e-01   3.9219344e-01   3.5954776e-01  -1.0702228e+02
   4.7753718e-01   2.6217145e-01   8.3858472e-01  -1.0502034e+03
   0.0000000e+00   0.0000000e+00   0.0000000e+00   1.0000000e+00
   3.7549901e-01   7.0736986e-01  -5.9885585e-01   2.5437617e+02
  -7.1863049e-01   6.3025320e-01   2.9385552e-01  -5.6745430e+01
   5.8529538e-01   3.2001364e-01   7.4499702e-01  -1.1964626e+03
   0.0000000e+00   0.0000000e+00   0.0000000e+00   1.0000000e+00
   4.8131680e-01   7.6814157e-01  -4.2224714e-01   3.1851178e+02
  -4.6003100e-01   6.3140815e-01   6.2425572e-01  -3.0931113e+02
   7.4612707e-01  -1.0621798e-01   6.5727627e-01  -1.1517750e+03
   0.0000000e+00   0.0000000e+00   0.0000000e+00   1.0000000e+00
   3.4755546e-01   6.8705386e-01  -6.3809258e-01   2.6187042e+02
  -6.5191138e-01   6.6618788e-01   3.6222270e-01  -1.5718147e+02
   6.7395604e-01   2.9008737e-01   6.7943549e-01  -1.1176123e+03
   0.0000000e+00   0.0000000e+00   0.0000000e+00   1.0000000e+00
   2.0485468e-01   8.0464333e-01  -5.5730027e-01   2.6245093e+02
  -6.5248185e-01   5.3667450e-01   5.3502136e-01  -3.6945908e+02
   7.2959024e-01   2.5402671e-01   6.3495547e-01  -1.2496731e+03
   0.0000000e+00   0.0000000e+00   0.0000000e+00   1.0000000e+00
   3.4810102e-01   7.9960549e-01  -4.8934314e-01   1.0118407e+02
  -6.6869998e-01   5.7762659e-01   4.6817505e-01  -3.3892593e+02
   6.5701294e-01   1.6425151e-01   7.3576856e-01  -1.1685237e+03
   0.0000000e+00   0.0000000e+00   0.0000000e+00   1.0000000e+00
   2.6559871e-01   7.9687428e-01  -5.4263127e-01   2.0927782e+02
  -8.3382821e-01   4.7239828e-01   2.8560522e-01  -3.0048260e+02
   4.8392954e-01   3.7660486e-01   7.8992468e-01  -1.1414236e+03
   0.0000000e+00   0.0000000e+00   0.0000000e+00   1.0000000e+00
   2.3981757e-01   7.0782751e-01  -6.6443038e-01   2.4196544e+02
  -7.2283918e-01   5.8706039e-01   3.6450461e-01  -1.6076993e+02
   6.4806718e-01   3.9286169e-01   6.5243286e-01  -1.0492740e+03
   0.0000000e+00   0.0000000e+00   0.0000000e+00   1.0000000e+00
   3.6361724e-01   8.2023096e-01  -4.4159210e-01   1.2841917e+02
  -7.9620183e-01   5.1972747e-01   3.0975154e-01  -1.5141986e+02
   4.8357534e-01   2.3896544e-01   8.4205127e-01  -1.0371487e+03
   0.0000000e+00   0.0000000e+00   0.0000000e+00   1.0000000e+00
   3.5127619e-01   8.5137016e-01  -3.8958156e-01   1.0870618e+02
  -7.9244661e-01   4.9195647e-01   3.6056492e-01  -2.0877112e+02
   4.9863142e-01   1.8206474e-01   8.4747809e-01  -1.1262544e+03
   0.0000000e+00   0.0000000e+00   0.0000000e+00   1.0000000e+00
   3.2000518e-01   7.9848081e-01  -5.0992650e-01   2.1899886e+02
  -7.9674751e-01   5.1803583e-01   3.1117886e-01  -6.0077271e+01
   5.1263052e-01   3.0670381e-01   8.0196178e-01  -1.0578333e+03
   0.0000000e+00   0.0000000e+00   0.0000000e+00   1.0000000e+00
   1.9820459e-01   8.7561995e-01  -4.4045952e-01   3.1092120e+02
  -9.3558902e-01   3.0298379e-01   1.8131204e-01  -1.8538979e+02
   2.9221252e-01   3.7615225e-01   8.7927318e-01  -1.0906591e+03
   0.0000000e+00   0.0000000e+00   0.0000000e+00   1.0000000e+00
   2.5996265e-01   9.2197526e-01  -2.8702116e-01   2.4754448e+02
  -9.4460976e-01   3.0447888e-01   1.2249535e-01  -7.1806847e+01
   2.0032957e-01   2.3927875e-01   9.5005989e-01  -1.0465428e+03
   0.0000000e+00   0.0000000e+00   0.0000000e+00   1.0000000e+00
  -6.0594171e-01   7.9086852e-01   8.5799962e-02   1.4534274e+02
  -5.2564585e-01  -4.7900581e-01   7.0302904e-01  -4.2388324e+02
   5.9710228e-01   3.8089418e-01   7.0596635e-01  -1.1444409e+03
   0.0000000e+00   0.0000000e+00   0.0000000e+00   1.0000000e+00
  -5.9255385e-01   7.7493399e-01  -2.1990292e-01   2.3510687e+02
  -7.2385353e-01  -3.9246869e-01   5.6745440e-01  -3.0707083e+02
   3.5343465e-01   4.9542478e-01   7.9349750e-01  -1.0563889e+03
   0.0000000e+00   0.0000000e+00   0.0000000e+00   1.0000000e+00
  -6.8938810e-01   7.2351092e-01   3.5721079e-02   3.6724525e+01
  -5.8561504e-01  -5.8566391e-01   5.6040418e-01  -3.4141690e+02
   4.2637908e-01   3.6541718e-01   8.2744861e-01  -1.0053134e+03
   0.0000000e+00   0.0000000e+00   0.0000000e+00   1.0000000e+00
   7.2384369e-01   6.7489290e-01  -1.4342199e-01   1.1946381e+02
  -5.7848859e-01   7.0692736e-01   4.0694559e-01  -1.7529724e+02
   3.7603360e-01  -2.1159703e-01   9.0212274e-01  -1.0598143e+03
   0.0000000e+00   0.0000000e+00   0.0000000e+00   1.0000000e+00
   5.5932605e-01   5.5584139e-01  -6.1497539e-01   2.7807987e+01
  -4.2841333e-01   8.2894802e-01   3.5959309e-01  -3.0111169e+02
   7.0965940e-01   6.2333882e-02   7.0178205e-01  -1.2427908e+03
   0.0000000e+00   0.0000000e+00   0.0000000e+00   1.0000000e+00
   3.8310957e-01   8.7126839e-01  -3.0678734e-01   1.6055405e+02
  -4.2985409e-01   4.6213681e-01   7.7566421e-01  -4.2033685e+02
   8.1758946e-01  -1.6529059e-01   5.5156732e-01  -1.2943318e+03
   0.0000000e+00   0.0000000e+00   0.0000000e+00   1.0000000e+00
   3.3516067e-01   6.8971133e-01  -6.4184546e-01   2.2589645e+02
  -5.4315341e-01   6.9809383e-01   4.6652904e-01  -5.1688492e+01
   7.6983875e-01   1.9225839e-01   6.0859269e-01  -1.0941093e+03
   0.0000000e+00   0.0000000e+00   0.0000000e+00   1.0000000e+00
   3.5390419e-01   8.7542635e-01  -3.2921198e-01   2.6839731e+02
  -7.5428206e-01   4.7527090e-01   4.5296374e-01  -1.3324878e+02
   5.5300128e-01   8.8012926e-02   8.2851875e-01  -1.2385172e+03
   0.0000000e+00   0.0000000e+00   0.0000000e+00   1.0000000e+00
   3.0131170e-01   8.0507642e-01  -5.1094341e-01   3.1066266e+02
  -7.5061184e-01   5.3072226e-01   3.9359325e-01  -3.6397621e+01
   5.8804172e-01   2.6492590e-01   7.6421279e-01  -1.0163406e+03
   0.0000000e+00   0.0000000e+00   0.0000000e+00   1.0000000e+00
   3.1164140e-01   8.0479318e-01  -5.0516087e-01   1.5651759e+02
  -8.5703075e-01   4.6765512e-01   2.1632595e-01  -8.3406982e+01
   4.1033873e-01   3.6552230e-01   8.3547324e-01  -1.0302856e+03
   0.0000000e+00   0.0000000e+00   0.0000000e+00   1.0000000e+00
   2.5574008e-01   8.1613320e-01  -5.1819259e-01   2.3431085e+02
  -8.7730712e-01   4.2109638e-01   2.3023899e-01  -7.1979004e+01
   4.0611470e-01   3.9573276e-01   8.2369071e-01  -1.0546521e+03
   0.0000000e+00   0.0000000e+00   0.0000000e+00   1.0000000e+00
   2.9483640e-01   9.4080567e-01  -1.6720097e-01   1.2084185e+02
  -9.1622937e-01   3.2802048e-01   2.3005702e-01  -8.5452362e+01
   2.7128428e-01   8.5365258e-02   9.5870620e-01  -1.1383405e+03
   0.0000000e+00   0.0000000e+00   0.0000000e+00   1.0000000e+00
   2.7866268e-01   9.3800813e-01  -2.0612611e-01   1.8640605e+02
  -8.7007320e-01   3.3743963e-01   3.5931492e-01  -1.1686571e+02
   4.0659541e-01   7.9217143e-02   9.1016746e-01  -1.1512723e+03
   0.0000000e+00   0.0000000e+00   0.0000000e+00   1.0000000e+00
   3.5381350e-01   9.1418064e-01  -1.9771129e-01   2.8976309e+02
  -8.1729633e-01   4.0496868e-01   4.0991113e-01  -1.5060416e+02
   4.5479968e-01   1.6556635e-02   8.9043987e-01  -1.2186367e+03
   0.0000000e+00   0.0000000e+00   0.0000000e+00   1.0000000e+00
   1.8347825e-01   6.3472503e-01  -7.5063968e-01   2.8474823e+02
  -8.3648288e-01   5.0191551e-01   2.1994829e-01  -4.5366936e+01
   5.1636440e-01   5.8754146e-01   6.2302715e-01  -9.5235150e+02
   0.0000000e+00   0.0000000e+00   0.0000000e+00   1.0000000e+00
   2.0624746e-01   7.8564847e-01  -5.8328253e-01   3.0456732e+02
  -8.3674967e-01   4.5062962e-01   3.1109962e-01  -8.3930054e+01
   5.0725931e-01   4.2389792e-01   7.5033230e-01  -1.0217275e+03
   0.0000000e+00   0.0000000e+00   0.0000000e+00   1.0000000e+00
   2.4413314e-01   9.4700217e-01   2.0877230e-01   1.1416736e+02
  -7.9957426e-01   7.4757993e-02   5.9589612e-01  -2.5769516e+02
   5.4870754e-01  -3.1240696e-01   7.7544951e-01  -1.1109471e+03
   0.0000000e+00   0.0000000e+00   0.0000000e+00   1.0000000e+00
   8.0073875e-01   5.1937455e-01   2.9844189e-01   1.1263601e+01
  -5.7298797e-01   8.0937731e-01   1.2881471e-01   1.2538921e+01
  -1.7464902e-01  -2.7415052e-01   9.4569510e-01  -1.1300850e+03
   0.0000000e+00   0.0000000e+00   0.0000000e+00   1.0000000e+00
   1.7277305e-01   6.2214231e-01  -7.6360220e-01   2.3539209e+02
  -9.1065007e-01   3.9631134e-01   1.1684918e-01  -6.3219711e+01
   3.7532100e-01   6.7518604e-01   6.3502592e-01  -1.0327437e+03
   0.0000000e+00   0.0000000e+00   0.0000000e+00   1.0000000e+00
   4.8669025e-01   7.1330959e-01  -5.0430346e-01   3.1197989e+02
  -3.6107996e-01   6.8992621e-01   6.2739384e-01  -1.9715732e+02
   7.9545826e-01  -1.2325260e-01   5.9334219e-01  -1.1392681e+03
   0.0000000e+00   0.0000000e+00   0.0000000e+00   1.0000000e+00
   9.4988579e-01  -1.6889271e-01  -2.6304415e-01   3.1508007e+01
   7.5708270e-02   9.4072318e-01  -3.3061782e-01  -7.6848686e+01
   3.0329067e-01   2.9413456e-01   9.0636617e-01  -1.0417072e+03
   0.0000000e+00   0.0000000e+00   0.0000000e+00   1.0000000e+00
  -8.6917835e-01   4.9159449e-01   5.3515080e-02   5.2013840e+01
  -4.0187237e-01  -7.6528120e-01   5.0283521e-01  -3.3683789e+02
   2.8814510e-01   4.1554725e-01   8.6272413e-01  -1.0845039e+03
   0.0000000e+00   0.0000000e+00   0.0000000e+00   1.0000000e+00
  -8.6934370e-01   4.9131733e-01   5.3374484e-02   1.0549938e+02
  -4.0153909e-01  -7.6516300e-01   5.0328118e-01  -3.4413208e+02
   2.8811094e-01   4.1609237e-01   8.6247271e-01  -1.1292559e+03
   0.0000000e+00   0.0000000e+00   0.0000000e+00   1.0000000e+00
  -4.7444037e-01   8.7853676e-01  -5.5492681e-02   2.2493111e+02
  -7.8796810e-01  -3.9573529e-01   4.7169885e-01  -2.5228419e+02
   3.9244440e-01   2.6751944e-01   8.8001180e-01  -1.1697579e+03
   0.0000000e+00   0.0000000e+00   0.0000000e+00   1.0000000e+00
   7.9951093e-02   6.1642373e-01  -7.8334510e-01   2.5109724e+02
  -9.5105255e-01   2.8251186e-01   1.2524408e-01   1.4915862e+02
   2.9850769e-01   7.3498899e-01   6.0883856e-01  -9.6425439e+02
   0.0000000e+00   0.0000000e+00   0.0000000e+00   1.0000000e+00
   1.1509070e-01   8.3680058e-01  -5.3527457e-01   3.0463818e+02
  -8.6740273e-01   3.4727174e-01   3.5639128e-01  -6.3941010e+01
   4.8411414e-01   4.2328137e-01   7.6581091e-01  -1.0648447e+03
   0.0000000e+00   0.0000000e+00   0.0000000e+00   1.0000000e+00
   5.0321198e-01   8.6189562e-01   6.2559724e-02   2.8878442e+02
  -5.0739264e-01   2.3608430e-01   8.2874417e-01  -2.7826910e+02
   6.9952154e-01  -4.4877630e-01   5.5611992e-01  -1.2346162e+03
   0.0000000e+00   0.0000000e+00   0.0000000e+00   1.0000000e+00
   4.4589886e-01   8.8129675e-01   1.5649381e-01   2.6360208e+02
  -7.3806602e-01   2.6310134e-01   6.2131810e-01  -3.7250211e+02
   5.0639194e-01  -3.9254779e-01   7.6777178e-01  -1.3175485e+03
   0.0000000e+00   0.0000000e+00   0.0000000e+00   1.0000000e+00
  -2.8766444e-02   9.9296880e-01  -1.1482774e-01   1.9752365e+02
  -6.9154423e-01   6.3177101e-02   7.1956599e-01  -2.8708871e+02
   7.2176105e-01   1.0010781e-01   6.8486452e-01  -1.0714402e+03
   0.0000000e+00   0.0000000e+00   0.0000000e+00   1.0000000e+00
   9.3809754e-02   8.9519072e-01  -4.3569851e-01   3.0267560e+02
  -8.4031647e-01   3.0588675e-01   4.4755057e-01  -1.1454840e+02
   5.3391755e-01   3.2414004e-01   7.8093874e-01  -1.0335940e+03
   0.0000000e+00   0.0000000e+00   0.0000000e+00   1.0000000e+00
   1.7781477e-01   5.5661941e-01  -8.1151515e-01   2.6659943e+02
  -8.9775991e-01   4.2947578e-01   9.7865820e-02  -2.3596554e+01
   4.0300012e-01   7.1114373e-01   5.7607770e-01  -9.3340625e+02
   0.0000000e+00   0.0000000e+00   0.0000000e+00   1.0000000e+00
   3.4592611e-01   8.2391989e-01  -4.4887757e-01   2.9026437e+02
  -8.8209754e-01   4.4862381e-01   1.4366834e-01   7.2900581e+01
   3.1974837e-01   3.4625521e-01   8.8196844e-01  -1.0997821e+03
   0.0000000e+00   0.0000000e+00   0.0000000e+00   1.0000000e+00
  -3.1351399e-01   9.4277585e-01  -1.1350159e-01   2.7984998e+02
  -8.0693460e-01  -2.0149903e-01   5.5520684e-01  -2.1869872e+02
   5.0056517e-01   2.6565349e-01   8.2393128e-01  -1.1078859e+03
   0.0000000e+00   0.0000000e+00   0.0000000e+00   1.0000000e+00
   5.5930346e-02   8.1830722e-01  -5.7205337e-01   2.9595547e+02
  -8.4483689e-01   3.4412846e-01   4.0966600e-01  -5.0851463e+01
   5.3209251e-01   4.6037903e-01   7.1058339e-01  -1.0428577e+03
   0.0000000e+00   0.0000000e+00   0.0000000e+00   1.0000000e+00
   1.4659545e-01   4.9982244e-01  -8.5363179e-01   2.1120001e+02
  -9.1047382e-01   4.0553787e-01   8.1095427e-02  -4.3378891e+01
   3.8671336e-01   7.6532120e-01   5.1452529e-01  -1.0328625e+03
   0.0000000e+00   0.0000000e+00   0.0000000e+00   1.0000000e+00
   2.9636756e-01   7.8798169e-01  -5.3967690e-01   2.5918109e+02
  -9.1941738e-01   3.8834631e-01   6.2119167e-02   9.2141037e+01
   2.5853032e-01   4.7777820e-01   8.3957732e-01  -1.1224496e+03
   0.0000000e+00   0.0000000e+00   0.0000000e+00   1.0000000e+00
  -2.7067912e-01   9.6019661e-01  -6.8958826e-02   2.6360406e+02
  -8.3823580e-01  -1.9986099e-01   5.0736207e-01  -1.3861581e+02
   4.7338516e-01   1.9513607e-01   8.5896939e-01  -1.1954246e+03
   0.0000000e+00   0.0000000e+00   0.0000000e+00   1.0000000e+00
  -3.4729477e-02   9.5178747e-01  -3.0478606e-01   2.3779681e+02
  -7.1511513e-01   1.8937463e-01   6.7286521e-01   3.8670200e+01
   6.9814342e-01   2.4132538e-01   6.7406070e-01  -1.0296045e+03
   0.0000000e+00   0.0000000e+00   0.0000000e+00   1.0000000e+00
  -4.0743881e-01   9.0799367e-01   9.7678661e-02   2.5061255e+02
  -4.9045622e-01  -3.0778700e-01   8.1530356e-01  -1.2627812e+02
   7.7035469e-01   2.8427923e-01   5.7073551e-01  -1.0225144e+03
   0.0000000e+00   0.0000000e+00   0.0000000e+00   1.0000000e+00
  -3.2877114e-01   9.4096082e-01  -8.0636859e-02   1.1328367e+02
  -7.5192535e-01  -2.0914553e-01   6.2519312e-01  -1.7856050e+02
   5.7141739e-01   2.6617834e-01   7.7629328e-01  -1.0807545e+03
   0.0000000e+00   0.0000000e+00   0.0000000e+00   1.0000000e+00
   3.4517664e-01   9.1846389e-01  -1.9307283e-01   1.0203758e+02
  -6.5535802e-01   3.8313118e-01   6.5093493e-01  -2.1263658e+02
   6.7183244e-01  -9.8155670e-02   7.3417068e-01  -1.2349906e+03
   0.0000000e+00   0.0000000e+00   0.0000000e+00   1.0000000e+00
   4.1768003e-01   7.1091777e-01  -5.6580859e-01   3.6137405e+01
  -3.8637036e-01   7.0259255e-01   5.9756309e-01  -4.2216766e+02
   8.2235110e-01  -3.0978501e-02   5.6813645e-01  -1.3683574e+03
   0.0000000e+00   0.0000000e+00   0.0000000e+00   1.0000000e+00
   3.5687083e-01   9.0852326e-01  -2.1732172e-01   2.3639696e+02
  -6.0771328e-01   4.0247411e-01   6.8461609e-01  -4.6159555e+02
   7.0945597e-01  -1.1225021e-01   6.9575292e-01  -1.4390922e+03
   0.0000000e+00   0.0000000e+00   0.0000000e+00   1.0000000e+00
   3.9443859e-01   4.9795046e-01  -7.7231050e-01   2.1488959e+02
  -5.6251419e-01   7.9542392e-01   2.2556265e-01  -2.6953925e+02
   7.2663331e-01   3.4546500e-01   5.9385014e-01  -1.2092456e+03
   0.0000000e+00   0.0000000e+00   0.0000000e+00   1.0000000e+00
   9.7682726e-01  -8.1319451e-02  -1.9797893e-01   3.3330284e+01
   6.7595661e-02   9.9488020e-01  -7.5128339e-02   8.0225258e+00
   2.0307471e-01   6.0004890e-02   9.7732294e-01  -1.2498700e+03
   0.0000000e+00   0.0000000e+00   0.0000000e+00   1.0000000e+00
   5.1142985e-01   5.1468533e-01  -6.8814141e-01   1.9479874e+02
  -5.5642426e-01   8.0859160e-01   1.9123721e-01  -6.5831779e+01
   6.5485233e-01   2.8509414e-01   6.9992125e-01  -1.2051349e+03
   0.0000000e+00   0.0000000e+00   0.0000000e+00   1.0000000e+00
   5.9364039e-01   7.0319176e-01  -3.9129588e-01   8.8496971e+01
  -5.7786590e-01   7.1090150e-01   4.0086168e-01  -9.5224312e+01
   5.6005549e-01  -1.1851132e-02   8.2837033e-01  -1.2261646e+03
   0.0000000e+00   0.0000000e+00   0.0000000e+00   1.0000000e+00
   3.3316961e-01   5.0217265e-01  -7.9801041e-01   2.2704843e+02
  -6.6245311e-01   7.2693902e-01   1.8087441e-01   4.1219845e+00
   6.7093503e-01   4.6838263e-01   5.7485980e-01  -1.0592686e+03
   0.0000000e+00   0.0000000e+00   0.0000000e+00   1.0000000e+00
   4.4163933e-01   7.4555403e-01  -4.9910310e-01   2.7438727e+02
  -6.3101828e-01   6.5356928e-01   4.1792715e-01  -7.0372543e+01
   6.3778573e-01   1.3037011e-01   7.5910014e-01  -1.1588718e+03
   0.0000000e+00   0.0000000e+00   0.0000000e+00   1.0000000e+00
   8.8180117e-02   9.2708510e-01  -3.6433163e-01   1.2159476e+02
  -7.6806533e-01   2.9617777e-01   5.6776267e-01  -1.8175230e+02
   6.3427120e-01   2.2976510e-01   7.3817885e-01  -1.1022845e+03
   0.0000000e+00   0.0000000e+00   0.0000000e+00   1.0000000e+00
   1.4094919e-01   8.0593055e-01  -5.7498634e-01   2.3127963e+02
  -8.0866671e-01   4.2877197e-01   4.0275654e-01  -5.4126534e+01
   5.7113183e-01   4.0820408e-01   7.1216422e-01  -1.0446296e+03
   0.0000000e+00   0.0000000e+00   0.0000000e+00   1.0000000e+00
  -1.1541766e-01   9.5345390e-01  -2.7857575e-01   1.0346220e+02
  -6.6261011e-01   1.3503265e-01   7.3669130e-01  -2.5157697e+02
   7.4001801e-01   2.6961425e-01   6.1618304e-01  -1.0716884e+03
   0.0000000e+00   0.0000000e+00   0.0000000e+00   1.0000000e+00
   4.2499959e-01   8.8176686e-01  -2.0460358e-01   9.1754646e+01
  -4.2434511e-01   3.9373615e-01   8.1541586e-01  -2.9601804e+02
   7.9956651e-01  -2.5972891e-01   5.4151118e-01  -1.2538958e+03
   0.0000000e+00   0.0000000e+00   0.0000000e+00   1.0000000e+00
   2.6482105e-01   9.0668958e-01  -3.2830441e-01   2.6019659e+02
  -6.7498243e-01   4.1743937e-01   6.0839379e-01  -3.5688257e+02
   6.8867153e-01   6.0484227e-02   7.2254628e-01  -1.3113798e+03
   0.0000000e+00   0.0000000e+00   0.0000000e+00   1.0000000e+00
   3.5619742e-01   8.7477028e-01  -3.2848176e-01   2.1302844e+02
  -4.3194935e-01   4.6587300e-01   7.7225780e-01  -4.4959128e+02
   8.2857895e-01  -1.3318872e-01   5.4379928e-01  -1.4587411e+03
   0.0000000e+00   0.0000000e+00   0.0000000e+00   1.0000000e+00
   2.3720241e-01   4.2396355e-01  -8.7406516e-01   1.6124399e+02
  -5.1974535e-01   8.1552649e-01   2.5452176e-01  -2.8312527e+02
   8.2073122e-01   3.9391813e-01   4.1379791e-01  -1.2638313e+03
   0.0000000e+00   0.0000000e+00   0.0000000e+00   1.0000000e+00
   4.4686753e-01   7.1427250e-01  -5.3863180e-01   6.7211182e+01
  -4.2033705e-01   6.9913328e-01   5.7838523e-01  -3.2343060e+02
   7.8970003e-01  -3.2054663e-02   6.1265516e-01  -1.2434987e+03
   0.0000000e+00   0.0000000e+00   0.0000000e+00   1.0000000e+00
   3.1542063e-01   9.4895184e-01   4.5377013e-04   9.5274658e+01
  -5.5299050e-01   1.8341902e-01   8.1274778e-01  -3.8844580e+02
   7.7117532e-01  -2.5660837e-01   5.8261549e-01  -1.2230093e+03
   0.0000000e+00   0.0000000e+00   0.0000000e+00   1.0000000e+00
   3.6979562e-01   7.2007191e-01  -5.8715206e-01   2.1150195e+02
  -6.8825251e-01   6.3682133e-01   3.4751540e-01  -1.9703540e+02
   6.2414712e-01   2.7559921e-01   7.3108512e-01  -1.2690333e+03
   0.0000000e+00   0.0000000e+00   0.0000000e+00   1.0000000e+00
   4.9130958e-01   8.0007219e-01   3.4423745e-01   1.2483401e+02
  -5.3426504e-01  -3.5304748e-02   8.4457946e-01  -4.4342285e+02
   6.8787777e-01  -5.9886396e-01   4.1010502e-01  -1.4186381e+03
   0.0000000e+00   0.0000000e+00   0.0000000e+00   1.0000000e+00
   3.9641753e-01   8.8406122e-01  -2.4756598e-01   1.5418201e+02
  -4.5428336e-01   4.2322233e-01   7.8390658e-01  -3.6360938e+02
   7.9779685e-01  -1.9828922e-01   5.6938702e-01  -1.3699425e+03
   0.0000000e+00   0.0000000e+00   0.0000000e+00   1.0000000e+00
   3.4009790e-01   8.9952749e-01  -2.7419651e-01   1.5480304e+02
  -6.6792530e-01   4.3631455e-01   6.0291409e-01  -2.8876495e+02
   6.6197377e-01  -2.1907002e-02   7.4920678e-01  -1.4231798e+03
   0.0000000e+00   0.0000000e+00   0.0000000e+00   1.0000000e+00
   3.4927359e-01   9.1422772e-01  -2.0541564e-01   9.6744476e+01
  -7.1167457e-01   4.0142673e-01   5.7652044e-01  -3.4591049e+02
   6.0953033e-01  -5.5174295e-02   7.9084039e-01  -1.4254615e+03
   0.0000000e+00   0.0000000e+00   0.0000000e+00   1.0000000e+00
   3.1139120e-01   6.3112420e-01  -7.1043491e-01   2.1067696e+02
  -5.2818537e-01   7.3643404e-01   4.2271155e-01  -1.0916696e+02
   7.8997195e-01   2.4361272e-01   5.6266969e-01  -1.2339034e+03
   0.0000000e+00   0.0000000e+00   0.0000000e+00   1.0000000e+00
   2.4348544e-01   9.0378857e-01  -3.5196733e-01   2.3320142e+02
  -7.9105973e-01   3.9502114e-01   4.6710041e-01  -3.1271539e+02
   5.6119454e-01   1.6469504e-01   8.1113267e-01  -1.3378734e+03
   0.0000000e+00   0.0000000e+00   0.0000000e+00   1.0000000e+00
   3.8722712e-01   8.8203901e-01  -2.6844430e-01  -4.8935699e-01
  -7.1461278e-01   4.7110146e-01   5.1709962e-01  -4.5163724e+02
   5.8256650e-01  -8.4012449e-03   8.1273961e-01  -1.4644851e+03
   0.0000000e+00   0.0000000e+00   0.0000000e+00   1.0000000e+00
   2.7717751e-01   8.4831429e-01  -4.5114902e-01   1.4882239e+02
  -7.1476912e-01   4.9583781e-01   4.9320376e-01  -4.6741833e+02
   6.4208853e-01   1.8576242e-01   7.4378401e-01  -1.5350776e+03
   0.0000000e+00   0.0000000e+00   0.0000000e+00   1.0000000e+00
   4.7606343e-01   8.6599493e-01  -1.5302424e-01   2.0659486e+02
  -5.2555901e-01   4.1968253e-01   7.4003673e-01  -4.0110587e+02
   7.0508963e-01  -2.7188116e-01   6.5492690e-01  -1.3995671e+03
   0.0000000e+00   0.0000000e+00   0.0000000e+00   1.0000000e+00
  -1.8376999e-01   9.0107894e-01  -3.9279169e-01   2.2694937e+02
  -6.4044851e-01   1.9337903e-01   7.4325657e-01  -3.9609790e+02
   7.4569046e-01   3.8815114e-01   5.4155743e-01  -1.2389219e+03
   0.0000000e+00   0.0000000e+00   0.0000000e+00   1.0000000e+00
   3.9373434e-01   5.5189395e-01  -7.3510975e-01   2.6831616e+02
  -2.4263993e-01   8.3374268e-01   4.9598289e-01  -3.4256235e+02
   8.8662231e-01  -1.6918510e-02   4.6218464e-01  -1.1826625e+03
   0.0000000e+00   0.0000000e+00   0.0000000e+00   1.0000000e+00
   5.2700633e-01   5.7005769e-01  -6.3031626e-01   3.1650369e+02
  -1.2492463e-01   7.8557509e-01   6.0602444e-01   8.2702957e+01
   8.4062964e-01  -2.4063672e-01   4.8521727e-01  -1.0248484e+03
   0.0000000e+00   0.0000000e+00   0.0000000e+00   1.0000000e+00
   3.3058885e-01   8.6891222e-01  -3.6837828e-01   2.2333574e+02
  -3.9212364e-01   4.8149827e-01   7.8383571e-01   4.4480267e+01
   8.5845798e-01  -1.1467753e-01   4.9989900e-01  -9.9384326e+02
   0.0000000e+00   0.0000000e+00   0.0000000e+00   1.0000000e+00
   6.7849869e-01   5.9452546e-01  -4.3148461e-01   3.0605182e+02
  -2.8216869e-01   7.5323641e-01   5.9415126e-01  -1.5324197e+02
   6.7824799e-01  -2.8137943e-01   6.7882639e-01  -1.1061323e+03
   0.0000000e+00   0.0000000e+00   0.0000000e+00   1.0000000e+00
   1.5735951e-01   8.2235610e-01  -5.4677999e-01   3.0945389e+02
  -7.2070515e-01   4.7416076e-01   5.0572294e-01  -7.5237564e+01
   6.7514598e-01   3.1448686e-01   6.6728997e-01  -1.0616765e+03
   0.0000000e+00   0.0000000e+00   0.0000000e+00   1.0000000e+00
   4.7684464e-01   4.8396507e-01  -7.3375541e-01   1.8127328e+02
  -5.0431007e-01   8.3434486e-01   2.2257583e-01  -2.2852821e+00
   7.1992397e-01   2.6390615e-01   6.4192134e-01  -1.2112192e+03
   0.0000000e+00   0.0000000e+00   0.0000000e+00   1.0000000e+00
   3.5093734e-01   7.0271122e-01  -6.1890221e-01   2.4804756e+02
  -6.2838310e-01   6.6674936e-01   4.0072435e-01  -1.7306168e+02
   6.9424611e-01   2.4827853e-01   6.7555910e-01  -1.1745393e+03
   0.0000000e+00   0.0000000e+00   0.0000000e+00   1.0000000e+00
   2.4363081e-01   7.2199416e-01  -6.4758652e-01   2.6781674e+02
  -6.5296042e-01   6.1581701e-01   4.4092178e-01  -8.5091187e+01
   7.1713775e-01   3.1542632e-01   6.2146568e-01  -1.0310425e+03
   0.0000000e+00   0.0000000e+00   0.0000000e+00   1.0000000e+00
   6.4669096e-01   6.4302200e-01  -4.1026026e-01   2.5409009e+02
  -3.7817073e-01   7.3740393e-01   5.5966264e-01  -1.9747218e+02
   6.6240293e-01  -2.0678036e-01   7.2004461e-01  -1.2695591e+03
   0.0000000e+00   0.0000000e+00   0.0000000e+00   1.0000000e+00
  -4.8096111e-01   8.7674159e-01   8.0600381e-04   2.5076819e+02
  -5.7769841e-01  -3.1760386e-01   7.5192577e-01  -3.1336310e+02
   6.5950054e-01   3.6118144e-01   6.5924728e-01  -1.0405833e+03
   0.0000000e+00   0.0000000e+00   0.0000000e+00   1.0000000e+00
   2.3883566e-01   8.7343061e-01  -4.2435417e-01   2.5977609e+02
  -8.9800739e-01   3.6495245e-01   2.4574856e-01  -8.0895149e+01
   3.6951342e-01   3.2237968e-01   8.7151086e-01  -1.0524766e+03
   0.0000000e+00   0.0000000e+00   0.0000000e+00   1.0000000e+00
   2.5396430e-01   8.7373501e-01  -4.1483650e-01   2.9812439e+02
  -8.6333120e-01   3.9815071e-01   3.1005692e-01  -2.4805511e+01
   4.3607503e-01   2.7939788e-01   8.5543871e-01  -1.1072073e+03
   0.0000000e+00   0.0000000e+00   0.0000000e+00   1.0000000e+00
   7.3770076e-01   5.2983636e-01  -4.1841495e-01   2.6441187e+02
  -3.0674726e-01   8.1513757e-01   4.9138257e-01  -1.6500508e+02
   6.0141808e-01  -2.3414563e-01   7.6385343e-01  -1.1964368e+03
   0.0000000e+00   0.0000000e+00   0.0000000e+00   1.0000000e+00
   2.6046944e-01   6.6791558e-01  -6.9716883e-01   2.6328860e+02
  -6.3230288e-01   6.6370112e-01   3.9961728e-01  -2.1290804e+02
   7.2962230e-01   3.3673379e-01   5.9519881e-01  -9.8147644e+02
   0.0000000e+00   0.0000000e+00   0.0000000e+00   1.0000000e+00
   4.8778367e-01   6.0517377e-01  -6.2915158e-01   2.6172644e+02
  -3.4361923e-01   7.9562980e-01   4.9889788e-01  -2.6580481e+02
   8.0249166e-01  -2.7165636e-02   5.9604454e-01  -1.1870249e+03
   0.0000000e+00   0.0000000e+00   0.0000000e+00   1.0000000e+00
   5.9616160e-01   5.7305855e-01  -5.6231236e-01   2.6937357e+02
  -4.1643476e-01   8.1951427e-01   3.9367300e-01  -1.3930083e+02
   6.8642074e-01  -5.2632391e-04   7.2720444e-01  -1.1303250e+03
   0.0000000e+00   0.0000000e+00   0.0000000e+00   1.0000000e+00
   5.6893134e-01   6.2745380e-01  -5.3161913e-01   2.7693805e+02
  -5.6581599e-01   7.6776677e-01   3.0064338e-01  -2.1686438e+02
