DataSet_1
0.4564683437347412 0.8872109055519104 0.06703337281942368 67.92041778564453 
-0.8376186490058899 0.40309950709342957 0.3686541020870209 -151.2932586669922 
0.30005279183387756 -0.22442732751369476 0.9271465539932251 -1228.277099609375 
0.0 0.0 0.0 1.0

DataSet_2
0.12855401635169983 0.9006546139717102 -0.41508445143699646 98.19009399414062 
-0.7924831509590149 0.34492602944374084 0.5029876232147217 -204.48793029785156 
0.5961915254592896 0.2642863690853119 0.7580952048301697 -1175.9171142578125 
0.0 0.0 0.0 1.0

DataSet_3
0.47958269715309143 0.7441707849502563 -0.4649841785430908 192.24588012695312 
-0.6094066500663757 0.6637237071990967 0.43369847536087036 -289.7995910644531 
0.6313667297363281 0.07537014782428741 0.7718130350112915 -1335.7852783203125 
0.0 0.0 0.0 1.0

DataSet_4
0.20478220283985138 0.7573900818824768 -0.620019793510437 124.225830078125 
-0.7315969467163086 0.5392550230026245 0.4170970320701599 -152.278076171875 
0.65025395154953 0.3681905269622803 0.6645340919494629 -1177.938720703125 
0.0 0.0 0.0 1.0

DataSet_5
-0.4899672567844391 0.8250680565834045 0.28141582012176514 95.65696716308594 
-0.41212713718414307 -0.503702700138092 0.7592330574989319 -393.2440185546875 
0.7681688070297241 0.2560202479362488 0.586830735206604 -1167.3028564453125 
0.0 0.0 0.0 1.0

DataSet_6
0.2582477033138275 0.7987470626831055 -0.5434253811836243 229.3925323486328 
-0.828851580619812 0.472162127494812 0.30011317133903503 -12.128639221191406 
0.4962993860244751 0.37291550636291504 0.7839776277542114 -1172.4736328125 
0.0 0.0 0.0 1.0

DataSet_7
0.23942285776138306 0.902354896068573 -0.3583746552467346 289.448974609375 
-0.7187108993530273 0.4128837287425995 0.5594476461410522 -102.78213500976562 
0.6527873873710632 0.12362322956323624 0.74738609790802 -1209.000732421875 
0.0 0.0 0.0 1.0

DataSet_8
0.2833096385002136 0.858434796333313 -0.42758074402809143 155.15968322753906 
-0.8492116332054138 0.4317200481891632 0.3040681481361389 -35.36323547363281 
0.4456178545951843 0.27696114778518677 0.8513032793998718 -1081.787109375 
0.0 0.0 0.0 1.0

DataSet_9
0.2905172109603882 0.8229584693908691 -0.4881998896598816 251.61888122558594 
-0.7312502861022949 0.5200110673904419 0.44143128395080566 -63.053462982177734 
0.6171489357948303 0.22875291109085083 0.7528607845306396 -1205.9881591796875 
0.0 0.0 0.0 1.0

DataSet_10
0.43583405017852783 0.8878194689750671 -0.14773361384868622 125.47897338867188 
-0.6628064513206482 0.42765313386917114 0.6146546602249146 -180.2438201904297 
0.6088811755180359 -0.16996866464614868 0.7748383283615112 -1306.1112060546875 
0.0 0.0 0.0 1.0

DataSet_11
0.37179887294769287 0.9136173129081726 -0.16452662646770477 179.06529235839844 
-0.735896646976471 0.3981051445007324 0.5476937294006348 -215.32684326171875 
0.5658813714981079 -0.082557313144207 0.8203429579734802 -1320.2314453125 
0.0 0.0 0.0 1.0

DataSet_12
0.3706566393375397 0.9213967323303223 -0.11679783463478088 200.60122680664062 
-0.8208045959472656 0.38381633162498474 0.42304232716560364 -132.7183837890625 
0.43461874127388 -0.06093524396419525 0.8985507488250732 -1296.2706298828125 
0.0 0.0 0.0 1.0

DataSet_13
0.9085080027580261 -0.18821537494659424 -0.3730793595314026 -35.353458404541016 
0.1816980242729187 0.9819298386573792 -0.05291149392724037 94.33792877197266 
0.3762964904308319 -0.0197172649204731 0.926289439201355 -1285.263427734375 
0.0 0.0 0.0 1.0

DataSet_14
0.9239598512649536 -0.10680931061506271 -0.36727362871170044 -7.500682830810547 
0.02401568926870823 0.9745246171951294 -0.22299113869667053 13.488273620605469 
0.3817347288131714 0.1972145438194275 0.9029867053031921 -1227.12744140625 
0.0 0.0 0.0 1.0

DataSet_15
0.4892314076423645 0.5808048248291016 -0.6506291627883911 212.68722534179688 
-0.622969925403595 0.7548061609268188 0.20536832511425018 -139.6831817626953 
0.610377848148346 0.3048498034477234 0.7310988306999207 -1211.834716796875 
0.0 0.0 0.0 1.0

DataSet_16
0.307879775762558 0.742364227771759 -0.59506756067276 206.55609130859375 
-0.7130635380744934 0.5941150784492493 0.37224677205085754 -280.18719482421875 
0.6298813223838806 0.3097136616706848 0.7122688889503479 -1199.8314208984375 
0.0 0.0 0.0 1.0

DataSet_17
0.41262397170066833 0.8205641508102417 -0.39549461007118225 83.25884246826172 
-0.5339357256889343 0.5696473717689514 0.6248315572738647 -287.8826599121094 
0.7380068898200989 -0.04665178433060646 0.6731786727905273 -1206.5235595703125 
0.0 0.0 0.0 1.0

DataSet_18
0.29893410205841064 0.8540553450584412 -0.425708532333374 131.30381774902344 
-0.7714804410934448 0.47885650396347046 0.41894426941871643 -293.47900390625 
0.5616548657417297 0.20318911969661713 0.8020336031913757 -1170.4493408203125 
0.0 0.0 0.0 1.0

DataSet_19
0.3259350061416626 0.7637041211128235 -0.5572454333305359 186.87020874023438 
-0.764324963092804 0.5597681403160095 0.32010483741760254 -62.86109161376953 
0.5563936233520508 0.32158318161964417 0.766166090965271 -1025.7427978515625 
0.0 0.0 0.0 1.0

DataSet_20
0.3234884440898895 0.9355648756027222 -0.14168143272399902 272.30511474609375 
-0.8647345304489136 0.3530859351158142 0.3571617901325226 -79.53742980957031 
0.384173721075058 0.006979107391089201 0.9232344627380371 -1036.523681640625 
0.0 0.0 0.0 1.0

DataSet_21
0.27090156078338623 0.6792891025543213 -0.6820400357246399 265.0684509277344 
-0.7009403705596924 0.6248310804367065 0.34390220046043396 -281.418212890625 
0.65976881980896 0.38490575551986694 0.6454088687896729 -1106.5491943359375 
0.0 0.0 0.0 1.0

DataSet_22
0.40025758743286133 0.8307003974914551 -0.3869505226612091 265.5823059082031 
-0.7349343299865723 0.5432102680206299 0.4059484601020813 -300.22479248046875 
0.5474170446395874 0.12189929187297821 0.8279342651367188 -1095.7606201171875 
0.0 0.0 0.0 1.0

DataSet_23
0.44053247570991516 0.7859734296798706 -0.4337935745716095 219.87586975097656 
-0.6414748430252075 0.6136389374732971 0.4603881537914276 -238.07679748535156 
0.6280454993247986 0.07545170187950134 0.7745100855827332 -1058.44140625 
0.0 0.0 0.0 1.0

DataSet_24
0.3905964493751526 0.8072621822357178 -0.4424501657485962 284.1506652832031 
-0.7620317935943604 0.5531892776489258 0.33658456802368164 -285.75762939453125 
0.5164706707000732 0.2056923657655716 0.8312332630157471 -1099.28955078125 
0.0 0.0 0.0 1.0

DataSet_25
0.4888336658477783 0.847140908241272 -0.2083120197057724 300.89959716796875 
-0.7499247789382935 0.5300605893135071 0.39578863978385925 -254.51239013671875 
0.4457067549228668 -0.037256449460983276 0.8944033980369568 -1151.7899169921875 
0.0 0.0 0.0 1.0

DataSet_26
-0.4136807918548584 0.8760935068130493 -0.24764558672904968 300.7882385253906 
-0.7735536098480225 -0.19479858875274658 0.6030492186546326 -232.19927978515625 
0.48008647561073303 0.44103702902793884 0.7582896947860718 -979.9166870117188 
0.0 0.0 0.0 1.0

DataSet_27
0.2102741152048111 0.966296911239624 -0.14850947260856628 283.4718017578125 
-0.4674186408519745 0.23278596997261047 0.8528367280960083 -307.39111328125 
0.8586643934249878 -0.1099134087562561 0.5006140470504761 -1140.6866455078125 
0.0 0.0 0.0 1.0

DataSet_28
0.17746344208717346 0.9794009327888489 -0.09633594751358032 298.719482421875 
-0.7480623126029968 0.1978531777858734 0.6334484815597534 -383.9596862792969 
0.6394603848457336 -0.04034864902496338 0.7677645683288574 -1241.8377685546875 
0.0 0.0 0.0 1.0

DataSet_29
0.30191150307655334 0.7702470421791077 -0.5617551803588867 113.35245513916016 
-0.6791190505027771 0.5873106718063354 0.44029927253723145 -347.8300476074219 
0.6690640449523926 0.24856726825237274 0.7004052996635437 -1171.4725341796875 
0.0 0.0 0.0 1.0

DataSet_30
0.2944144308567047 0.6976959705352783 -0.6531006097793579 209.69479370117188 
-0.6240196824073792 0.6579403281211853 0.4215613305568695 -193.45574951171875 
0.7238228917121887 0.2834339141845703 0.6290831565856934 -1058.55859375 
0.0 0.0 0.0 1.0

DataSet_31
0.25411662459373474 0.7346208095550537 -0.6290922164916992 271.958740234375 
-0.6944224238395691 0.591326117515564 0.4100132882595062 -108.73245239257812 
0.6732029318809509 0.3326645493507385 0.6604029536247253 -1091.91943359375 
0.0 0.0 0.0 1.0

DataSet_32
0.5432470440864563 0.8327560424804688 -0.10677097737789154 99.79481506347656 
-0.744217574596405 0.5365024209022522 0.39787599444389343 -148.9094696044922 
0.38861653208732605 -0.1366841048002243 0.9112050533294678 -1169.5748291015625 
0.0 0.0 0.0 1.0

DataSet_33
0.15013903379440308 0.6993154287338257 -0.6988677978515625 247.11546325683594 
-0.8800038695335388 0.4167073667049408 0.22792142629623413 -121.11131286621094 
0.4506123661994934 0.5807864665985107 0.6779643297195435 -1090.4150390625 
0.0 0.0 0.0 1.0

DataSet_34
-0.6210967898368835 0.7757183909416199 -0.11180253326892853 195.22825622558594 
-0.6538454294204712 -0.43420976400375366 0.6196355223655701 -321.9293212890625 
0.43211686611175537 0.4579552114009857 0.7768861651420593 -1080.1356201171875 
0.0 0.0 0.0 1.0

DataSet_35
0.13541486859321594 0.9218913912773132 -0.36301368474960327 305.6296081542969 
-0.6956504583358765 0.34935665130615234 0.6277104020118713 -220.9685516357422 
0.7055020928382874 0.16752935945987701 0.6886222958564758 -1141.3740234375 
0.0 0.0 0.0 1.0

DataSet_36
0.14860840141773224 0.9090207815170288 -0.38935422897338867 206.41848754882812 
-0.8217350244522095 0.3325549066066742 0.4627728760242462 -184.58859252929688 
0.5501518249511719 0.25117406249046326 0.7963947057723999 -1037.9857177734375 
0.0 0.0 0.0 1.0

DataSet_37
0.11761681735515594 0.886776864528656 -0.4469822645187378 310.7752685546875 
-0.7754665017127991 0.3631848990917206 0.5164769887924194 -149.01593017578125 
0.6203370094299316 0.2858734130859375 0.7303823232650757 -1091.6148681640625 
0.0 0.0 0.0 1.0

DataSet_38
0.20075365900993347 0.9777189493179321 -0.06134764477610588 219.11001586914062 
-0.9256517291069031 0.20981962978839874 0.31487226486206055 -133.54541015625 
0.32072851061820984 -0.006425201427191496 0.947149395942688 -1149.7548828125 
0.0 0.0 0.0 1.0

DataSet_39
0.11550461500883102 0.7875756025314331 -0.6052960157394409 290.0387268066406 
-0.8749586343765259 0.3691404163837433 0.31334125995635986 -80.14738464355469 
0.4702191650867462 0.49341660737991333 0.731733500957489 -1031.34033203125 
0.0 0.0 0.0 1.0

DataSet_40
0.15180492401123047 0.7583689093589783 -0.6339020729064941 258.30029296875 
-0.6756612658500671 0.5477121472358704 0.4934503138065338 -175.1832733154297 
0.721413254737854 0.35339486598968506 0.5955459475517273 -1104.6417236328125 
0.0 0.0 0.0 1.0

DataSet_41
0.26258304715156555 0.7249668836593628 -0.6367676854133606 302.8379821777344 
-0.759903073310852 0.5620601177215576 0.32655131816864014 -86.10406494140625 
0.5946406126022339 0.39813488721847534 0.6984920501708984 -992.7440795898438 
0.0 0.0 0.0 1.0

DataSet_42
0.4461992084980011 0.8617271184921265 -0.24152164161205292 145.82763671875 
-0.56357741355896 0.4802055358886719 0.6721481680870056 -166.84156799316406 
0.6951883435249329 -0.1637958437204361 0.6999172568321228 -1103.525390625 
0.0 0.0 0.0 1.0

DataSet_43
0.44646066427230835 0.8617250323295593 -0.24104535579681396 145.78285217285156 
-0.5635932683944702 0.4800431430339813 0.6722508668899536 -166.8269805908203 
0.6950075030326843 -0.16428199410438538 0.6999828219413757 -1103.5595703125 
0.0 0.0 0.0 1.0

DataSet_44
0.24964025616645813 0.8324835896492004 -0.4946218430995941 318.1070861816406 
-0.667904257774353 0.5178731679916382 0.5345196723937988 -85.98798370361328 
0.7011302709579468 0.1969224512577057 0.6853013634681702 -1069.8145751953125 
0.0 0.0 0.0 1.0

DataSet_45
0.2580549716949463 0.8904703855514526 -0.3747933804988861 90.16399383544922 
-0.9271977543830872 0.337277352809906 0.1629364788532257 -144.34786987304688 
0.2714994251728058 0.30546101927757263 0.9126783013343811 -1125.8043212890625 
0.0 0.0 0.0 1.0

DataSet_46
-0.5534162521362305 0.7730337977409363 0.3100793957710266 120.46353149414062 
-0.5089254379272461 -0.6085503697395325 0.6088196039199829 -375.1637268066406 
0.6593371033668518 0.17912337183952332 0.7301982045173645 -1075.02001953125 
0.0 0.0 0.0 1.0

DataSet_47
0.5891897082328796 0.6359044909477234 -0.49847856163978577 279.2491455078125 
-0.7040975093841553 0.7067117691040039 0.06931927800178528 6.768993377685547 
0.3963611125946045 0.3101353347301483 0.8641261458396912 -1081.73681640625 
0.0 0.0 0.0 1.0

DataSet_48
0.529849112033844 0.7527634501457214 -0.39064958691596985 149.48870849609375 
-0.5367496609687805 0.6542758941650391 0.5327502489089966 -50.9565315246582 
0.6566275358200073 -0.07259616255760193 0.750713050365448 -1046.814697265625 
0.0 0.0 0.0 1.0

DataSet_49
0.9830464720726013 0.04751847684383392 -0.1770920604467392 133.59439086914062 
-0.04456676170229912 0.9987937808036804 0.020610544830560684 -6.845588684082031 
0.17785781621932983 -0.012368704192340374 0.9839784502983093 -1141.8651123046875 
0.0 0.0 0.0 1.0

DataSet_50
0.9784513115882874 -0.13954032957553864 0.15218909084796906 -167.65261840820312 
0.15976808965206146 0.9785646200180054 -0.1299440562725067 9.40078353881836 
-0.13079440593719482 0.15145890414714813 0.9797719120979309 -1166.3138427734375 
0.0 0.0 0.0 1.0

DataSet_51
0.21097436547279358 0.7712833881378174 -0.6005095839500427 306.42108154296875 
-0.9022312760353088 0.39003822207450867 0.18398095667362213 -91.60237884521484 
0.3761231303215027 0.5029832720756531 0.7781640291213989 -1026.1771240234375 
0.0 0.0 0.0 1.0

DataSet_52
0.24125924706459045 0.9594003558158875 -0.14609915018081665 274.8055419921875 
-0.9373794794082642 0.2693513333797455 0.22083844244480133 -118.85001373291016 
0.25122448801994324 0.08367101848125458 0.9643056392669678 -1109.563232421875 
0.0 0.0 0.0 1.0

DataSet_53
0.3962382972240448 0.9078803658485413 0.1369248628616333 139.17691040039062 
-0.798639178276062 0.26723623275756836 0.5392219424247742 -68.06719970703125 
0.45295771956443787 -0.32301393151283264 0.8309580683708191 -1039.48486328125 
0.0 0.0 0.0 1.0

DataSet_54
0.23462428152561188 0.8817314505577087 -0.40926891565322876 312.6641540527344 
-0.8467051386833191 0.39219343662261963 0.35954776406288147 -107.02227783203125 
0.4775371849536896 0.2621714472770691 0.8385847210884094 -1050.203369140625 
0.0 0.0 0.0 1.0

DataSet_55
0.37549901008605957 0.707369863986969 -0.5988558530807495 254.3761749267578 
-0.7186304926872253 0.6302531957626343 0.2938555181026459 -56.74542999267578 
0.5852953791618347 0.3200136423110962 0.7449970245361328 -1196.462646484375 
0.0 0.0 0.0 1.0

DataSet_56
0.48131680488586426 0.7681415677070618 -0.42224714159965515 318.51177978515625 
-0.46003100275993347 0.631408154964447 0.6242557168006897 -309.3111267089844 
0.7461270689964294 -0.10621798038482666 0.6572762727737427 -1151.7750244140625 
0.0 0.0 0.0 1.0

DataSet_57
0.3475554585456848 0.6870538592338562 -0.638092577457428 261.87042236328125 
-0.6519113779067993 0.6661878824234009 0.36222270131111145 -157.1814727783203 
0.673956036567688 0.29008737206459045 0.6794354915618896 -1117.6123046875 
0.0 0.0 0.0 1.0

DataSet_58
0.20485468208789825 0.8046433329582214 -0.5573002696037292 262.450927734375 
-0.6524818539619446 0.5366744995117188 0.5350213646888733 -369.4590759277344 
0.7295902371406555 0.25402671098709106 0.6349554657936096 -1249.673095703125 
0.0 0.0 0.0 1.0

DataSet_59
0.34810101985931396 0.7996054887771606 -0.48934313654899597 101.18406677246094 
-0.6686999797821045 0.5776265859603882 0.4681750535964966 -338.9259338378906 
0.657012939453125 0.16425150632858276 0.7357685565948486 -1168.523681640625 
0.0 0.0 0.0 1.0

DataSet_60
0.26559871435165405 0.7968742847442627 -0.5426312685012817 209.27781677246094 
-0.8338282108306885 0.4723982810974121 0.28560522198677063 -300.48260498046875 
0.4839295446872711 0.3766048550605774 0.789924681186676 -1141.423583984375 
0.0 0.0 0.0 1.0

DataSet_61
0.2398175746202469 0.7078275084495544 -0.6644303798675537 241.96543884277344 
-0.7228391766548157 0.5870603919029236 0.3645046055316925 -160.76992797851562 
0.6480671763420105 0.3928616940975189 0.6524328589439392 -1049.2740478515625 
0.0 0.0 0.0 1.0

DataSet_62
0.3636172413825989 0.8202309608459473 -0.44159209728240967 128.41917419433594 
-0.7962018251419067 0.5197274684906006 0.3097515404224396 -151.41986083984375 
0.48357534408569336 0.23896543681621552 0.8420512676239014 -1037.148681640625 
0.0 0.0 0.0 1.0

DataSet_63
0.3512761890888214 0.8513701558113098 -0.389581561088562 108.7061767578125 
-0.7924466133117676 0.4919564723968506 0.3605649173259735 -208.7711181640625 
0.49863141775131226 0.1820647418498993 0.8474780917167664 -1126.25439453125 
0.0 0.0 0.0 1.0

DataSet_64
0.3200051784515381 0.7984808087348938 -0.5099264979362488 218.9988555908203 
-0.7967475056648254 0.5180358290672302 0.31117886304855347 -60.0772705078125 
0.5126305222511292 0.3067038059234619 0.8019617795944214 -1057.833251953125 
0.0 0.0 0.0 1.0

DataSet_65
0.19820459187030792 0.8756199479103088 -0.4404595196247101 310.92120361328125 
-0.9355890154838562 0.3029837906360626 0.18131203949451447 -185.38978576660156 
0.29221251606941223 0.37615224719047546 0.8792731761932373 -1090.6590576171875 
0.0 0.0 0.0 1.0

DataSet_66
0.25996264815330505 0.9219752550125122 -0.2870211601257324 247.5444793701172 
-0.9446097612380981 0.30447888374328613 0.12249534577131271 -71.80684661865234 
0.20032957196235657 0.23927874863147736 0.9500598907470703 -1046.5428466796875 
0.0 0.0 0.0 1.0

DataSet_67
-0.6059417128562927 0.7908685207366943 0.08579996228218079 145.34274291992188 
-0.5256458520889282 -0.4790058135986328 0.7030290365219116 -423.88323974609375 
0.5971022844314575 0.38089418411254883 0.7059663534164429 -1144.44091796875 
0.0 0.0 0.0 1.0

DataSet_68
-0.5925538539886475 0.7749339938163757 -0.2199029177427292 235.10687255859375 
-0.7238535284996033 -0.3924686908721924 0.5674543976783752 -307.0708312988281 
0.35343465209007263 0.4954247772693634 0.7934975028038025 -1056.388916015625 
0.0 0.0 0.0 1.0

DataSet_69
-0.68938809633255 0.7235109210014343 0.035721078515052795 36.724525451660156 
-0.5856150388717651 -0.585663914680481 0.5604041814804077 -341.4169006347656 
0.42637908458709717 0.3654171824455261 0.8274486064910889 -1005.3133544921875 
0.0 0.0 0.0 1.0

DataSet_70
0.7238436937332153 0.6748929023742676 -0.1434219926595688 119.46380615234375 
-0.5784885883331299 0.7069273591041565 0.4069455862045288 -175.2972412109375 
0.37603360414505005 -0.2115970253944397 0.9021227359771729 -1059.8143310546875 
0.0 0.0 0.0 1.0

DataSet_71
0.5593260526657104 0.5558413863182068 -0.6149753928184509 27.807987213134766 
-0.4284133315086365 0.8289480209350586 0.35959309339523315 -301.1116943359375 
0.7096593976020813 0.062333881855010986 0.7017820477485657 -1242.790771484375 
0.0 0.0 0.0 1.0

DataSet_72
0.38310956954956055 0.8712683916091919 -0.3067873418331146 160.55404663085938 
-0.4298540949821472 0.46213680505752563 0.775664210319519 -420.33685302734375 
0.8175894618034363 -0.16529059410095215 0.5515673160552979 -1294.331787109375 
0.0 0.0 0.0 1.0

DataSet_73
0.33516067266464233 0.689711332321167 -0.6418454647064209 225.89645385742188 
-0.5431534051895142 0.698093831539154 0.4665290415287018 -51.68849182128906 
0.7698387503623962 0.19225838780403137 0.608592689037323 -1094.1092529296875 
0.0 0.0 0.0 1.0

DataSet_74
0.35390418767929077 0.8754263520240784 -0.3292119801044464 268.3973083496094 
-0.7542820572853088 0.4752708971500397 0.4529637396335602 -133.248779296875 
0.5530012845993042 0.0880129262804985 0.8285187482833862 -1238.5172119140625 
0.0 0.0 0.0 1.0

DataSet_75
0.3013117015361786 0.8050764203071594 -0.5109434127807617 310.66265869140625 
-0.7506118416786194 0.5307222604751587 0.3935932517051697 -36.397621154785156 
0.5880417227745056 0.26492589712142944 0.7642127871513367 -1016.3406372070312 
0.0 0.0 0.0 1.0

DataSet_76
0.3116413950920105 0.8047931790351868 -0.5051608681678772 156.51759338378906 
-0.8570307493209839 0.46765512228012085 0.21632595360279083 -83.406982421875 
0.41033872961997986 0.3655222952365875 0.8354732394218445 -1030.28564453125 
0.0 0.0 0.0 1.0

DataSet_77
0.25574007630348206 0.8161332011222839 -0.5181925892829895 234.31085205078125 
-0.877307116985321 0.4210963845252991 0.23023898899555206 -71.97900390625 
0.40611469745635986 0.3957327604293823 0.8236907124519348 -1054.652099609375 
0.0 0.0 0.0 1.0

DataSet_78
0.2948364019393921 0.9408056735992432 -0.167200967669487 120.84185028076172 
-0.9162293672561646 0.32802048325538635 0.2300570160150528 -85.45236206054688 
0.271284282207489 0.08536525815725327 0.9587062001228333 -1138.3404541015625 
0.0 0.0 0.0 1.0

DataSet_79
0.27866268157958984 0.9380081295967102 -0.2061261087656021 186.4060516357422 
-0.8700731992721558 0.337439626455307 0.3593149185180664 -116.86570739746094 
0.4065954089164734 0.07921714335680008 0.9101674556732178 -1151.2723388671875 
0.0 0.0 0.0 1.0

DataSet_80
0.353813499212265 0.9141806364059448 -0.1977112889289856 289.7630920410156 
-0.8172963261604309 0.4049686789512634 0.4099111258983612 -150.60415649414062 
0.45479968190193176 0.01655663549900055 0.8904398679733276 -1218.63671875 
0.0 0.0 0.0 1.0

DataSet_81
0.1834782510995865 0.634725034236908 -0.7506396770477295 284.74822998046875 
-0.8364828824996948 0.5019155144691467 0.21994829177856445 -45.36693572998047 
0.5163643956184387 0.5875414609909058 0.6230271458625793 -952.3515014648438 
0.0 0.0 0.0 1.0

DataSet_82
0.2062474638223648 0.7856484651565552 -0.5832825303077698 304.56732177734375 
-0.8367496728897095 0.4506296217441559 0.3110996186733246 -83.9300537109375 
0.5072593092918396 0.423897922039032 0.7503322958946228 -1021.7274780273438 
0.0 0.0 0.0 1.0

DataSet_83
0.2441331446170807 0.9470021724700928 0.20877230167388916 114.1673583984375 
-0.7995742559432983 0.07475799322128296 0.5958961248397827 -257.6951599121094 
0.5487075448036194 -0.3124069571495056 0.7754495143890381 -1110.9471435546875 
0.0 0.0 0.0 1.0

DataSet_84
0.8007387518882751 0.5193745493888855 0.29844188690185547 11.263601303100586 
-0.572987973690033 0.8093773126602173 0.1288147121667862 12.538921356201172 
-0.17464901506900787 -0.2741505205631256 0.9456951022148132 -1130.0849609375 
0.0 0.0 0.0 1.0

DataSet_85
0.17277304828166962 0.6221423149108887 -0.7636021971702576 235.39208984375 
-0.9106500744819641 0.39631134271621704 0.11684917658567429 -63.21971130371094 
0.37532100081443787 0.675186038017273 0.6350259184837341 -1032.74365234375 
0.0 0.0 0.0 1.0

DataSet_86
0.4866902530193329 0.7133095860481262 -0.5043034553527832 311.9798889160156 
-0.36107996106147766 0.6899262070655823 0.6273938417434692 -197.15731811523438 
0.7954582571983337 -0.12325260043144226 0.5933421850204468 -1139.26806640625 
0.0 0.0 0.0 1.0

DataSet_87
0.9498857855796814 -0.16889271140098572 -0.263044148683548 31.508007049560547 
0.07570827007293701 0.940723180770874 -0.3306178152561188 -76.84868621826172 
0.3032906651496887 0.29413455724716187 0.9063661694526672 -1041.7071533203125 
0.0 0.0 0.0 1.0

DataSet_88
-0.8691783547401428 0.49159449338912964 0.053515080362558365 52.01383972167969 
-0.4018723666667938 -0.7652812004089355 0.502835214138031 -336.837890625 
0.2881450951099396 0.415547251701355 0.8627241253852844 -1084.50390625 
0.0 0.0 0.0 1.0

DataSet_89
-0.8693436980247498 0.4913173317909241 0.053374484181404114 105.49938201904297 
-0.4015390872955322 -0.765163004398346 0.5032811760902405 -344.132080078125 
0.2881109416484833 0.4160923659801483 0.8624727129936218 -1129.255859375 
0.0 0.0 0.0 1.0

DataSet_90
-0.4744403660297394 0.8785367608070374 -0.05549268051981926 224.9311065673828 
-0.787968099117279 -0.3957352936267853 0.4716988503932953 -252.28419494628906 
0.3924444019794464 0.26751944422721863 0.880011796951294 -1169.7579345703125 
0.0 0.0 0.0 1.0

DataSet_91
0.07995109260082245 0.6164237260818481 -0.783345103263855 251.0972442626953 
-0.9510525465011597 0.2825118601322174 0.12524408102035522 149.1586151123047 
0.2985076904296875 0.7349889874458313 0.6088385581970215 -964.25439453125 
0.0 0.0 0.0 1.0

DataSet_92
0.11509069800376892 0.8368005752563477 -0.5352745652198792 304.63818359375 
-0.8674027323722839 0.34727174043655396 0.3563912808895111 -63.941009521484375 
0.4841141402721405 0.42328137159347534 0.7658109068870544 -1064.8447265625 
0.0 0.0 0.0 1.0

DataSet_93
0.5032119750976562 0.8618956208229065 0.06255972385406494 288.784423828125 
-0.5073926448822021 0.23608429729938507 0.8287441730499268 -278.26910400390625 
0.699521541595459 -0.4487763047218323 0.5561199188232422 -1234.6162109375 
0.0 0.0 0.0 1.0

DataSet_94
0.4458988606929779 0.8812967538833618 0.15649381279945374 263.6020812988281 
-0.7380660176277161 0.26310133934020996 0.6213181018829346 -372.5021057128906 
0.5063919425010681 -0.3925477862358093 0.7677717804908752 -1317.5484619140625 
0.0 0.0 0.0 1.0

DataSet_95
-0.028766443952918053 0.9929687976837158 -0.11482774466276169 197.52365112304688 
-0.691544234752655 0.06317710131406784 0.7195659875869751 -287.0887145996094 
0.7217610478401184 0.10010781139135361 0.6848645210266113 -1071.440185546875 
0.0 0.0 0.0 1.0

DataSet_96
0.09380975365638733 0.8951907157897949 -0.4356985092163086 302.67559814453125 
-0.8403164744377136 0.30588674545288086 0.44755056500434875 -114.54840087890625 
0.5339175462722778 0.3241400420665741 0.7809387445449829 -1033.593994140625 
0.0 0.0 0.0 1.0

DataSet_97
0.1778147667646408 0.55661940574646 -0.8115151524543762 266.59942626953125 
-0.8977599143981934 0.4294757843017578 0.09786581993103027 -23.596553802490234 
0.4030001163482666 0.7111437320709229 0.5760776996612549 -933.40625 
0.0 0.0 0.0 1.0

DataSet_98
0.34592610597610474 0.8239198923110962 -0.44887757301330566 290.2643737792969 
-0.8820975422859192 0.44862380623817444 0.14366833865642548 72.90058135986328 
0.3197483718395233 0.34625521302223206 0.8819684386253357 -1099.7821044921875 
0.0 0.0 0.0 1.0

DataSet_99
-0.31351399421691895 0.9427758455276489 -0.11350158601999283 279.8499755859375 
-0.8069345951080322 -0.20149902999401093 0.555206835269928 -218.69871520996094 
0.5005651712417603 0.26565349102020264 0.8239312767982483 -1107.8858642578125 
0.0 0.0 0.0 1.0

DataSet_100
0.05593034625053406 0.8183072209358215 -0.5720533728599548 295.9554748535156 
-0.8448368906974792 0.34412845969200134 0.4096660017967224 -50.851463317871094 
0.5320925116539001 0.460379034280777 0.7105833888053894 -1042.857666015625 
0.0 0.0 0.0 1.0

DataSet_101
0.14659544825553894 0.4998224377632141 -0.8536317944526672 211.20001220703125 
-0.9104738235473633 0.405537873506546 0.08109542727470398 -43.37889099121094 
0.3867133557796478 0.7653211951255798 0.514525294303894 -1032.862548828125 
0.0 0.0 0.0 1.0

DataSet_102
0.2963675558567047 0.7879816889762878 -0.5396769046783447 259.18109130859375 
-0.9194173812866211 0.3883463144302368 0.06211916729807854 92.14103698730469 
0.25853031873703003 0.47777819633483887 0.839577317237854 -1122.4495849609375 
0.0 0.0 0.0 1.0

DataSet_103
-0.2706791162490845 0.9601966142654419 -0.0689588263630867 263.60406494140625 
-0.8382357954978943 -0.19986099004745483 0.5073620676994324 -138.61581420898438 
0.47338515520095825 0.19513607025146484 0.8589693903923035 -1195.424560546875 
0.0 0.0 0.0 1.0

DataSet_104
-0.034729477018117905 0.9517874717712402 -0.3047860562801361 237.79681396484375 
-0.7151151299476624 0.1893746256828308 0.6728652119636536 38.67020034790039 
0.6981434226036072 0.24132537841796875 0.6740607023239136 -1029.6044921875 
0.0 0.0 0.0 1.0

DataSet_105
-0.40743881464004517 0.9079936742782593 0.09767866134643555 250.612548828125 
-0.490456223487854 -0.3077870011329651 0.8153035640716553 -126.27812194824219 
0.770354688167572 0.2842792272567749 0.570735514163971 -1022.514404296875 
0.0 0.0 0.0 1.0

DataSet_106
-0.3287711441516876 0.9409608244895935 -0.08063685894012451 113.2836685180664 
-0.7519253492355347 -0.20914553105831146 0.6251931190490723 -178.5605010986328 
0.5714173913002014 0.26617833971977234 0.7762932777404785 -1080.7545166015625 
0.0 0.0 0.0 1.0

DataSet_107
0.345176637172699 0.9184638857841492 -0.1930728256702423 102.03758239746094 
-0.6553580164909363 0.3831311762332916 0.6509349346160889 -212.63658142089844 
0.6718324422836304 -0.0981556698679924 0.73417067527771 -1234.9906005859375 
0.0 0.0 0.0 1.0

DataSet_108
0.417680025100708 0.7109177708625793 -0.5658085942268372 36.13740539550781 
-0.38637036085128784 0.7025925517082214 0.5975630879402161 -422.16766357421875 
0.8223510980606079 -0.030978500843048096 0.56813645362854 -1368.357421875 
0.0 0.0 0.0 1.0

DataSet_109
0.3568708300590515 0.9085232615470886 -0.2173217236995697 236.39695739746094 
-0.6077132821083069 0.4024741053581238 0.6846160888671875 -461.5955505371094 
0.7094559669494629 -0.11225020885467529 0.6957529187202454 -1439.0921630859375 
0.0 0.0 0.0 1.0

DataSet_110
0.39443859457969666 0.4979504644870758 -0.7723104953765869 214.88958740234375 
-0.5625141859054565 0.7954239249229431 0.22556264698505402 -269.53924560546875 
0.7266333103179932 0.3454650044441223 0.5938501358032227 -1209.24560546875 
0.0 0.0 0.0 1.0

DataSet_111
0.9768272638320923 -0.08131945133209229 -0.1979789286851883 33.330284118652344 
0.06759566068649292 0.994880199432373 -0.07512833923101425 8.022525787353516 
0.20307470858097076 0.06000488996505737 0.9773229360580444 -1249.8699951171875 
0.0 0.0 0.0 1.0

DataSet_112
0.5114298462867737 0.514685332775116 -0.688141405582428 194.79873657226562 
-0.5564242601394653 0.8085916042327881 0.191237211227417 -65.83177947998047 
0.6548523306846619 0.28509414196014404 0.6999212503433228 -1205.1348876953125 
0.0 0.0 0.0 1.0

DataSet_113
0.5936403870582581 0.7031917572021484 -0.3912958800792694 88.4969711303711 
-0.5778658986091614 0.7109014987945557 0.4008616805076599 -95.22431182861328 
0.5600554943084717 -0.011851131916046143 0.8283703327178955 -1226.16455078125 
0.0 0.0 0.0 1.0

DataSet_114
0.3331696093082428 0.5021726489067078 -0.7980104088783264 227.04843139648438 
-0.6624531149864197 0.7269390225410461 0.18087440729141235 4.121984481811523 
0.6709350347518921 0.4683826267719269 0.5748597979545593 -1059.2685546875 
0.0 0.0 0.0 1.0

DataSet_115
0.44163933396339417 0.7455540299415588 -0.4991030991077423 274.38726806640625 
-0.6310182809829712 0.6535692811012268 0.4179271459579468 -70.37254333496094 
0.6377857327461243 0.1303701102733612 0.7591001391410828 -1158.871826171875 
0.0 0.0 0.0 1.0

DataSet_116
0.08818011730909348 0.9270851016044617 -0.3643316328525543 121.59475708007812 
-0.768065333366394 0.29617777466773987 0.5677626729011536 -181.75230407714844 
0.6342712044715881 0.22976510226726532 0.7381788492202759 -1102.2845458984375 
0.0 0.0 0.0 1.0

DataSet_117
0.14094918966293335 0.8059305548667908 -0.5749863386154175 231.27963256835938 
-0.8086667060852051 0.42877197265625 0.40275654196739197 -54.12653350830078 
0.5711318254470825 0.4082040786743164 0.7121642231941223 -1044.629638671875 
0.0 0.0 0.0 1.0

DataSet_118
-0.11541765928268433 0.9534538984298706 -0.27857574820518494 103.46219635009766 
-0.6626101136207581 0.13503265380859375 0.7366912961006165 -251.57696533203125 
0.7400180101394653 0.26961424946784973 0.6161830425262451 -1071.6883544921875 
0.0 0.0 0.0 1.0

DataSet_119
0.4249995946884155 0.8817668557167053 -0.20460358262062073 91.75464630126953 
-0.42434510588645935 0.3937361538410187 0.8154158592224121 -296.0180358886719 
0.7995665073394775 -0.25972890853881836 0.5415111780166626 -1253.895751953125 
0.0 0.0 0.0 1.0

DataSet_120
0.26482105255126953 0.9066895842552185 -0.3283044099807739 260.19659423828125 
-0.6749824285507202 0.41743937134742737 0.6083937883377075 -356.882568359375 
0.6886715292930603 0.060484226793050766 0.7225462794303894 -1311.3797607421875 
0.0 0.0 0.0 1.0

DataSet_121
0.35619741678237915 0.8747702836990356 -0.3284817636013031 213.0284423828125 
-0.43194934725761414 0.46587300300598145 0.7722578048706055 -449.5912780761719 
0.8285789489746094 -0.13318872451782227 0.5437992811203003 -1458.7410888671875 
0.0 0.0 0.0 1.0

DataSet_122
0.23720240592956543 0.4239635467529297 -0.8740651607513428 161.24398803710938 
-0.5197453498840332 0.8155264854431152 0.25452175736427307 -283.1252746582031 
0.8207312226295471 0.39391812682151794 0.41379791498184204 -1263.831298828125 
0.0 0.0 0.0 1.0

DataSet_123
0.44686752557754517 0.7142724990844727 -0.538631796836853 67.211181640625 
-0.420337051153183 0.6991332769393921 0.5783852338790894 -323.43060302734375 
0.7897000312805176 -0.03205466270446777 0.6126551628112793 -1243.4986572265625 
0.0 0.0 0.0 1.0

DataSet_124
0.31542062759399414 0.9489518404006958 0.00045377013157121837 95.274658203125 
-0.5529904961585999 0.18341901898384094 0.8127477765083313 -388.44580078125 
0.7711753249168396 -0.25660836696624756 0.5826154947280884 -1223.00927734375 
0.0 0.0 0.0 1.0

DataSet_125
0.36979562044143677 0.7200719118118286 -0.5871520638465881 211.501953125 
-0.6882525086402893 0.6368213295936584 0.34751540422439575 -197.035400390625 
0.6241471171379089 0.2755992114543915 0.7310851216316223 -1269.0333251953125 
0.0 0.0 0.0 1.0

DataSet_126
0.49130958318710327 0.800072193145752 0.34423744678497314 124.83401489257812 
-0.5342650413513184 -0.03530474752187729 0.8445794582366943 -443.4228515625 
0.6878777742385864 -0.598863959312439 0.41010501980781555 -1418.6380615234375 
0.0 0.0 0.0 1.0

DataSet_127
0.3964175283908844 0.8840612173080444 -0.24756598472595215 154.1820068359375 
-0.45428335666656494 0.4232223331928253 0.7839065790176392 -363.609375 
0.7977968454360962 -0.19828921556472778 0.5693870186805725 -1369.9425048828125 
0.0 0.0 0.0 1.0

DataSet_128
0.34009790420532227 0.8995274901390076 -0.2741965055465698 154.80303955078125 
-0.6679252982139587 0.43631455302238464 0.6029140949249268 -288.76495361328125 
0.661973774433136 -0.021907001733779907 0.7492067813873291 -1423.1798095703125 
0.0 0.0 0.0 1.0

DataSet_129
0.34927359223365784 0.9142277240753174 -0.20541563630104065 96.74447631835938 
-0.7116745710372925 0.4014267325401306 0.5765204429626465 -345.9104919433594 
0.6095303297042847 -0.055174294859170914 0.7908403873443604 -1425.4615478515625 
0.0 0.0 0.0 1.0

DataSet_130
0.3113912045955658 0.6311241984367371 -0.7104349136352539 210.6769561767578 
-0.5281853675842285 0.7364340424537659 0.4227115511894226 -109.16696166992188 
0.7899719476699829 0.24361272156238556 0.5626696944236755 -1233.9034423828125 
0.0 0.0 0.0 1.0

DataSet_131
0.2434854358434677 0.9037885665893555 -0.35196733474731445 233.201416015625 
-0.7910597324371338 0.39502114057540894 0.4671004116535187 -312.71539306640625 
0.5611945390701294 0.16469503939151764 0.8111326694488525 -1337.8734130859375 
0.0 0.0 0.0 1.0

DataSet_132
0.3872271180152893 0.8820390105247498 -0.268444299697876 -0.48935699462890625 
-0.7146127820014954 0.47110146284103394 0.5170996189117432 -451.6372375488281 
0.582566499710083 -0.008401244878768921 0.8127396106719971 -1464.485107421875 
0.0 0.0 0.0 1.0

DataSet_133
0.27717751264572144 0.8483142852783203 -0.45114901661872864 148.8223876953125 
-0.7147691249847412 0.4958378076553345 0.4932037591934204 -467.4183349609375 
0.6420885324478149 0.185762420296669 0.7437840104103088 -1535.07763671875 
0.0 0.0 0.0 1.0

DataSet_134
0.47606343030929565 0.865994930267334 -0.15302424132823944 206.59486389160156 
-0.5255590081214905 0.4196825325489044 0.7400367259979248 -401.1058654785156 
0.7050896286964417 -0.2718811631202698 0.6549268960952759 -1399.567138671875 
0.0 0.0 0.0 1.0

DataSet_135
-0.18376998603343964 0.9010789394378662 -0.3927916884422302 226.94937133789062 
-0.6404485106468201 0.19337902963161469 0.7432565689086914 -396.097900390625 
0.7456904649734497 0.3881511390209198 0.5415574312210083 -1238.921875 
0.0 0.0 0.0 1.0

DataSet_136
0.393734335899353 0.551893949508667 -0.7351097464561462 268.316162109375 
-0.2426399290561676 0.8337426781654358 0.4959828853607178 -342.5623474121094 
0.8866223096847534 -0.01691851019859314 0.4621846377849579 -1182.6624755859375 
0.0 0.0 0.0 1.0

DataSet_137
0.5270063281059265 0.5700576901435852 -0.6303162574768066 316.5036926269531 
-0.12492462992668152 0.7855750918388367 0.606024444103241 82.70295715332031 
0.8406296372413635 -0.24063672125339508 0.48521727323532104 -1024.848388671875 
0.0 0.0 0.0 1.0

DataSet_138
0.33058884739875793 0.8689122200012207 -0.36837828159332275 223.3357391357422 
-0.39212363958358765 0.48149827122688293 0.7838357090950012 44.48026657104492 
0.8584579825401306 -0.11467752605676651 0.4998989999294281 -993.84326171875 
0.0 0.0 0.0 1.0

DataSet_139
0.6784986853599548 0.5945254564285278 -0.4314846098423004 306.05181884765625 
-0.2821686863899231 0.7532364130020142 0.5941512584686279 -153.24197387695312 
0.6782479882240295 -0.28137943148612976 0.6788263916969299 -1106.13232421875 
0.0 0.0 0.0 1.0

DataSet_140
0.1573595106601715 0.822356104850769 -0.546779990196228 309.4538879394531 
-0.7207051515579224 0.474160760641098 0.5057229399681091 -75.23756408691406 
0.6751459836959839 0.31448686122894287 0.6672899723052979 -1061.676513671875 
0.0 0.0 0.0 1.0

DataSet_141
0.4768446385860443 0.48396506905555725 -0.7337554097175598 181.27328491210938 
-0.5043100714683533 0.8343448638916016 0.2225758284330368 -2.2852821350097656 
0.7199239730834961 0.2639061510562897 0.64192134141922 -1211.21923828125 
0.0 0.0 0.0 1.0

DataSet_142
0.3509373366832733 0.7027112245559692 -0.6189022064208984 248.0475616455078 
-0.6283831000328064 0.6667493581771851 0.4007243514060974 -173.06167602539062 
0.6942461133003235 0.24827852845191956 0.6755591034889221 -1174.539306640625 
0.0 0.0 0.0 1.0

DataSet_143
0.2436308115720749 0.721994161605835 -0.6475865244865417 267.8167419433594 
-0.6529604196548462 0.6158170104026794 0.4409217834472656 -85.0911865234375 
0.7171377539634705 0.3154263198375702 0.6214656829833984 -1031.04248046875 
0.0 0.0 0.0 1.0

DataSet_144
0.6466909646987915 0.6430220007896423 -0.41026026010513306 254.090087890625 
-0.3781707286834717 0.737403929233551 0.5596626400947571 -197.47218322753906 
0.6624029278755188 -0.2067803591489792 0.7200446128845215 -1269.55908203125 
0.0 0.0 0.0 1.0

DataSet_145
-0.4809611141681671 0.8767415881156921 0.0008060038089752197 250.7681884765625 
-0.5776984095573425 -0.31760385632514954 0.7519257664680481 -313.36309814453125 
0.6595005393028259 0.36118143796920776 0.6592472791671753 -1040.583251953125 
0.0 0.0 0.0 1.0

DataSet_146
0.2388356626033783 0.873430609703064 -0.4243541657924652 259.7760925292969 
-0.8980073928833008 0.3649524450302124 0.24574856460094452 -80.89514923095703 
0.3695134222507477 0.3223796784877777 0.8715108633041382 -1052.4765625 
0.0 0.0 0.0 1.0

DataSet_147
0.25396430492401123 0.8737350106239319 -0.41483649611473083 298.1243896484375 
-0.8633311986923218 0.3981507122516632 0.3100569248199463 -24.805511474609375 
0.43607503175735474 0.2793978750705719 0.8554387092590332 -1107.207275390625 
0.0 0.0 0.0 1.0

DataSet_148
0.7377007603645325 0.5298363566398621 -0.4184149503707886 264.411865234375 
-0.3067472577095032 0.8151375651359558 0.49138256907463074 -165.0050811767578 
0.6014180779457092 -0.2341456264257431 0.7638534307479858 -1196.436767578125 
0.0 0.0 0.0 1.0

DataSet_149
0.2604694366455078 0.6679155826568604 -0.6971688270568848 263.2886047363281 
-0.6323028802871704 0.6637011170387268 0.3996172845363617 -212.9080352783203 
