DataSet: 1
88.154296875 -119.4140625 -21.26953125 8.349609375 15.732421875 -95.009765625
283.636 184.971 8.480 338.726
-0.9810051 -0.1728798 -0.08798573 283.6356 -0.177345 0.9830874 0.04569371 184.9712 0.07859814 0.0604296 -0.9950731 8.479821 0 0 0 1
DataSet: 2
124.8046875 -139.892578125 -14.23828125 4.06494140625 -14.765625 -122.16796875
356.286 190.864 -23.587 404.876
-0.919468 0.3775442 0.1097219 356.2856 0.3894311 0.9129215 0.1221384 190.8636 -0.05405483 0.1550315 -0.9864296 -23.58746 0 0 0 1
DataSet: 3
120.234375 -107.4609375 23.5546875 24.93896484375 10.37109375 -158.291015625
278.131 329.422 -151.086 456.840
-0.9626667 0.07388162 0.2604119 278.131 0.1724851 0.9088565 0.3797747 329.422 -0.2086186 0.4105136 -0.8876693 -151.0864 0 0 0 1
DataSet: 4
136.58203125 -145.078125 0 23.236083984375 -17.578125 -138.515625
346.324 219.191 27.399 410.774
-0.8826646 0.4008027 0.24548 346.3235 0.4645934 0.8230599 0.3266885 219.1909 -0.07110709 0.4024047 -0.9126961 27.3991 0 0 0 1
DataSet: 5
115.400390625 -138.75 10.283203125 -57.952880859375 -8.0859375 -108.28125
423.565 174.830 -199.897 499.932
-0.8074723 0.5787076 -0.1143942 423.5652 0.4635576 0.502549 -0.7297663 174.83 -0.3648326 -0.6422943 -0.6740587 -199.8973 0 0 0 1
DataSet: 6
91.93359375 -139.27734375 26.3671875 -1.153564453125 -22.236328125 -82.705078125
342.666 323.030 166.692 499.554
-0.9251907 0.3754999 0.05497201 342.6659 0.3685319 0.8543932 0.3663282 323.0298 0.09058847 0.3591824 -0.9288604 166.692 0 0 0 1
DataSet: 7
79.8046875 -121.171875 37.96875 -1.42822265625 -8.876953125 -100.546875
361.850 387.006 75.207 535.131
-0.9467521 0.2517957 0.2006473 361.8502 0.2797172 0.9518672 0.1253279 387.0056 -0.1594326 0.174779 -0.9716139 75.20729 0 0 0 1
DataSet: 8
72.685546875 -120.732421875 -6.15234375 -1.263427734375 -15.64453125 -79.62890625
402.918 220.341 172.823 490.674
-0.9531549 0.3021766 -0.01360007 402.9185 0.2839665 0.9093934 0.303919 220.3408 0.104205 0.2858199 -0.9526008 172.8229 0 0 0 1
DataSet: 9
95.009765625 -133.30078125 31.376953125 6.097412109375 -15.8203125 -103.18359375
338.331 352.852 109.090 500.872
-0.9408611 0.2794949 0.1914756 338.3309 0.3253356 0.9030602 0.2804266 352.8519 -0.09453622 0.3261363 -0.9405839 109.0896 0 0 0 1
DataSet: 10
129.90234375 -143.671875 -0.439453125 4.669189453125 9.404296875 -131.30859375
243.811 263.882 -41.351 361.646
-0.972155 -0.02210261 0.233294 243.8115 -0.004448235 0.9971032 0.07593081 263.8824 -0.2342965 0.07277878 -0.9694372 -41.35084 0 0 0 1
DataSet: 11
129.90234375 -138.3984375 13.798828125 4.669189453125 5.80078125 -131.30859375
262.490 316.733 -75.456 418.228
-0.9886199 0.04628966 0.143136 262.49 0.05748023 0.995521 0.0750599 316.733 -0.1390204 0.0824332 -0.9868526 -75.4565 0 0 0 1
DataSet: 12
113.818359375 -140.244140625 18.544921875 4.72412109375 5.625 -104.501953125
264.003 333.546 11.055 425.527
-0.9996991 0.02129214 -0.01217967 264.0031 0.020038 0.9952587 0.09517671 333.5464 0.01414844 0.09490402 -0.9953859 11.05534 0 0 0 1
DataSet: 13
109.248046875 -139.1015625 20.21484375 79.1015625 14.501953125 -123.310546875
113.906 123.979 212.313 270.966
-0.8334921 -0.5524726 -0.008058305 113.9063 -0.1377196 0.1936035 0.9713656 123.9786 -0.5350928 0.8107353 -0.2374532 212.3134 0 0 0 1
DataSet: 14
109.248046875 -125.7421875 20.21484375 79.046630859375 14.58984375 -123.310546875
201.414 124.879 157.630 284.622
-0.9338105 -0.3519551 -0.06423101 201.4137 -0.1399795 0.1942037 0.9709226 124.8794 -0.3292473 0.9156487 -0.230616 157.63 0 0 0 1
DataSet: 15
106.435546875 -116.25 31.81640625 38.726806640625 -7.294921875 -137.98828125
343.954 314.448 33.144 467.205
-0.9516016 0.1860742 0.2446035 343.9536 0.2980615 0.7527893 0.5869136 314.4484 -0.07492541 0.6314148 -0.771817 33.1444 0 0 0 1
DataSet: 16
107.138671875 -105 18.544921875 28.564453125 -7.294921875 -148.18359375
398.221 295.846 -94.762 505.059
-0.9220693 0.3029942 0.2407963 398.2208 0.3763902 0.8468833 0.3756582 295.8461 -0.09010417 0.4370162 -0.8949291 -94.76245 0 0 0 1
DataSet: 17
102.041015625 -105.52734375 -20.91796875 14.7216796875 4.130859375 -152.314453125
351.798 182.387 -112.453 411.913
-0.9103418 0.07099079 0.4077231 351.7976 0.1653594 0.9655139 0.2010947 182.3868 -0.3793865 0.2504857 -0.8906867 -112.4534 0 0 0 1
DataSet: 18
104.677734375 -108.076171875 -9.404296875 16.259765625 -6.328125 -135.52734375
401.983 214.111 -102.939 466.937
-0.960262 0.2505191 0.123033 401.9828 0.2743217 0.9283922 0.2506702 214.1107 -0.05142522 0.2744597 -0.9602225 -102.9385 0 0 0 1
DataSet: 19
66.181640625 -104.736328125 -0.3515625 10.43701171875 -21.26953125 -100.986328125
471.015 227.663 169.001 549.770
-0.9391035 0.306006 0.156349 471.0153 0.343403 0.8524059 0.3943078 227.6631 -0.01261224 0.4239865 -0.9055807 169.0012 0 0 0 1
DataSet: 20
31.376953125 -69.84375 11.07421875 2.74658203125 2.900390625 -88.857421875
496.564 309.780 154.616 605.348
-0.995783 0.05504431 -0.07339136 496.5643 0.04803738 0.9944088 0.09404025 309.7802 0.0781574 0.09011815 -0.9928596 154.616 0 0 0 1
DataSet: 21
-29.443359375 80.09765625 29.619140625 38.12255859375 19.072265625 -190.986328125
506.038 315.139 -61.024 599.259
-0.885712 0.3586682 0.2947394 506.0384 0.4566097 0.7876622 0.4136373 315.1392 -0.08379655 0.5009444 -0.8614133 -61.02425 0 0 0 1
DataSet: 22
-28.30078125 67.001953125 15.732421875 20.050048828125 13.974609375 -175.95703125
521.056 309.206 -75.878 610.627
-0.9808901 0.1405915 0.134494 521.0555 0.1740124 0.9431406 0.2832059 309.2063 -0.08703037 0.3011975 -0.9495819 -75.87827 0 0 0 1
DataSet: 23
-39.111328125 72.890625 2.4609375 21.478271484375 15.732421875 -177.802734375
517.682 256.826 -8.019 577.944
-0.961843 0.1027674 0.2535686 517.682 0.1822148 0.9319495 0.3134772 256.8264 -0.2040979 0.3477198 -0.9151148 -8.018715 0 0 0 1
DataSet: 24
-28.740234375 69.111328125 23.818359375 24.93896484375 14.23828125 -174.375
520.452 329.207 -61.225 618.867
-0.9751467 0.1985326 0.0983555 520.4517 0.2205618 0.9119548 0.3459637 329.2072 -0.02101072 0.3590588 -0.9330784 -61.22501 0 0 0 1
DataSet: 25
-32.34375 67.353515625 29.53125 11.480712890625 17.9296875 -168.662109375
470.271 364.440 -50.303 597.077
-0.9986238 -0.02028296 0.04836434 470.2707 -0.008450001 0.9723648 0.2333137 364.4396 -0.05176007 0.2325839 -0.971198 -50.30278 0 0 0 1
DataSet: 26
-67.236328125 78.69140625 33.046875 -11.920166015625 -35.68359375 -131.30859375
614.769 301.952 26.705 685.441
-0.7301435 0.6527375 -0.20205 614.769 0.6831025 0.6902997 -0.2384476 301.952 -0.01616861 -0.3121219 -0.9499044 26.70495 0 0 0 1
DataSet: 27
67.939453125 -87.861328125 22.32421875 -9.063720703125 -1.58203125 -140.625
487.344 343.769 -91.599 603.383
-0.8509817 0.2201557 0.4768246 487.3435 0.1428014 0.9706874 -0.1933227 343.7688 -0.5054088 -0.09642285 -0.8574757 -91.59913 0 0 0 1
DataSet: 28
79.892578125 -85.48828125 35.595703125 -6.15234375 -1.318359375 -134.736328125
431.422 389.033 -197.331 613.524
-0.9717689 0.1808805 0.151484 431.422 0.1622619 0.9784818 -0.1274541 389.0335 -0.1712783 -0.09927586 -0.9802082 -197.3315 0 0 0 1
DataSet: 29
102.041015625 -93.662109375 -11.25 27.13623046875 -3.251953125 -156.357421875
412.338 193.454 -153.473 480.625
-0.9188864 0.2775989 0.2803331 412.3377 0.3627609 0.8738322 0.3237619 193.4535 -0.1550881 0.3991944 -0.9036546 -153.4734 0 0 0 1
DataSet: 30
77.6953125 -93.837890625 8.525390625 26.91650390625 -15.46875 -139.5703125
493.944 251.991 37.836 555.798
-0.8804753 0.2909406 0.3743217 493.9442 0.4323755 0.8166393 0.3822979 251.9909 -0.1944598 0.4984514 -0.8448263 37.83643 0 0 0 1
DataSet: 31
74.1796875 -105.3515625 29.794921875 14.94140625 -23.02734375 -117.7734375
458.690 327.786 109.343 574.279
-0.888829 0.3497048 0.2961243 458.6902 0.4425875 0.8225926 0.3570123 327.7865 -0.1187407 0.4483837 -0.8859191 109.3432 0 0 0 1
DataSet: 32
78.486328125 -106.494140625 -18.193359375 14.39208984375 9.84375 -106.083984375
344.294 192.764 33.191 395.977
-0.9915047 -0.1260761 0.03198749 344.2942 -0.1164293 0.9698999 0.2138654 192.7642 -0.05798798 0.2083242 -0.9763393 33.19143 0 0 0 1
DataSet: 33
90.17578125 -122.138671875 30.849609375 4.833984375 -34.892578125 -96.943359375
455.799 302.833 95.427 555.488
-0.8218439 0.5655744 0.06854349 455.799 0.5324034 0.7196212 0.4457487 302.8327 0.2027787 0.4028287 -0.89253 95.42661 0 0 0 1
DataSet: 34
74.8828125 -115.458984375 25.751953125 -56.57958984375 -2.28515625 -74.35546875
514.198 239.613 -92.712 574.813
-0.6545059 0.6711467 -0.3481151 514.1981 0.7528391 0.5360928 -0.3818873 239.6134 -0.06968039 -0.5120221 -0.8561413 -92.71195 0 0 0 1
DataSet: 35
73.65234375 -99.814453125 33.57421875 -1.86767578125 -12.12890625 -118.65234375
465.779 370.238 -10.153 595.088
-0.9093782 0.3380335 0.242414 465.7793 0.3561794 0.9337981 0.03401923 370.2381 -0.2148661 0.1172792 -0.9695762 -10.15331 0 0 0 1
DataSet: 36
67.412109375 -98.759765625 -1.7578125 -2.471923828125 -13.7109375 -102.041015625
507.745 242.130 53.697 565.080
-0.9332645 0.3528542 0.0671665 507.7454 0.358931 0.9232399 0.1371002 242.1296 -0.01363444 0.1520589 -0.9882774 53.69693 0 0 0 1
DataSet: 37
62.841796875 -98.84765625 33.92578125 -4.28466796875 -17.138671875 -101.689453125
486.739 361.423 75.333 610.914
-0.9035099 0.3996535 0.1547479 486.7388 0.4202708 0.8969473 0.1373245 361.4232 -0.08391844 0.1891101 -0.9783635 75.33284 0 0 0 1
DataSet: 38
66.533203125 -108.076171875 8.173828125 -4.39453125 5.712890625 -78.92578125
399.066 297.897 63.165 501.983
-0.9771962 0.09413466 -0.1903321 399.0661 0.09774537 0.9951646 -0.009651121 297.8975 0.1885033 -0.02803512 -0.9816723 63.16487 0 0 0 1
DataSet: 39
57.744140625 -101.572265625 30.76171875 -8.67919921875 -27.333984375 -81.38671875
508.538 324.741 157.669 623.640
-0.8539479 0.5189504 0.03825483 508.538 0.5001634 0.7983029 0.3354834 324.7409 0.1435603 0.305619 -0.9412691 157.6686 0 0 0 1
DataSet: 40
86.044921875 -108.251953125 26.54296875 15.655517578125 -23.291015625 -129.814453125
465.036 315.795 40.618 563.591
-0.8447396 0.4157829 0.3369563 465.0362 0.5095835 0.8172761 0.2690437 315.7951 -0.1635226 0.3989792 -0.9022616 40.61845 0 0 0 1
DataSet: 41
46.58203125 -79.6875 29.267578125 13.458251953125 -25.48828125 -109.6875
547.274 322.954 166.963 657.027
-0.9019957 0.3779021 0.2087913 547.2742 0.4314396 0.8071373 0.4029755 322.954 -0.01623799 0.453563 -0.8910763 166.9632 0 0 0 1
DataSet: 42
63.193359375 -93.92578125 -15.029296875 6.3720703125 5.361328125 -122.51953125
423.200 211.342 42.967 474.984
-0.9304903 -0.0008606238 0.3663155 423.1995 0.04282353 0.992885 0.1111102 211.3419 -0.3638048 0.1190739 -0.9238331 42.96672 0 0 0 1
DataSet: 43
63.193359375 -93.92578125 -15.029296875 6.3720703125 5.361328125 -122.51953125
423.200 211.342 42.967 474.984
-0.9304903 -0.0008606238 0.3663155 423.1995 0.04282353 0.992885 0.1111102 211.3419 -0.3638048 0.1190739 -0.9238331 42.96672 0 0 0 1
DataSet: 44
49.921875 -88.125 33.486328125 4.888916015625 -14.94140625 -109.6875
485.454 364.717 139.679 623.052
-0.9142345 0.2766659 0.2960258 485.4536 0.3456954 0.9136893 0.2136976 364.7174 -0.2113528 0.2977045 -0.9309683 139.6786 0 0 0 1
DataSet: 45
98.96484375 -128.994140625 -21.26953125 3.790283203125 -13.359375 -87.802734375
376.893 168.545 50.932 415.993
-0.9307061 0.3055204 -0.2011053 376.8934 0.2380633 0.9234014 0.301091 168.5448 0.2776904 0.2323514 -0.9321485 50.93198 0 0 0 1
DataSet: 46
67.8515625 -106.23046875 8.349609375 -60.260009765625 12.919921875 -92.63671875
508.574 166.051 -145.034 554.306
-0.8403543 0.4689626 -0.2718065 508.5735 0.503453 0.4894967 -0.7119888 166.0508 -0.2008477 -0.7351646 -0.6474512 -145.0338 0 0 0 1
DataSet: 47
51.85546875 -91.640625 36.123046875 26.971435546875 -19.775390625 -95.9765625
430.306 337.653 221.411 590.081
-0.9917477 0.12811 -0.004942356 430.3064 0.09858613 0.7867028 0.6094092 337.6532 0.08195957 0.6038929 -0.7928405 221.4108 0 0 0 1
DataSet: 48
47.98828125 -85.927734375 -13.974609375 17.413330078125 -1.494140625 -115.576171875
434.622 201.470 171.272 508.745
-0.9390267 -0.03072869 0.3424684 434.6225 0.08780272 0.9415492 0.3252319 201.4697 -0.3324448 0.3354711 -0.8814418 171.2724 0 0 0 1
DataSet: 49
46.494140625 -67.822265625 36.38671875 68.609619140625 20.7421875 -113.466796875
332.871 225.624 179.685 440.449
-0.8521504 -0.5065677 -0.1312585 332.8706 -0.3494721 0.3641999 0.8632657 225.624 -0.3894982 0.7815034 -0.4873844 179.6848 0 0 0 1
DataSet: 50
95.44921875 -117.392578125 -16.259765625 87.286376953125 19.599609375 -93.515625
199.158 -47.293 165.128 262.997
-0.6935318 -0.5201235 -0.498483 199.1579 -0.6080577 0.05152565 0.792219 -47.29258 -0.386367 0.8525354 -0.3519998 165.1277 0 0 0 1
DataSet: 51
53.96484375 -93.134765625 34.453125 -0.604248046875 -28.212890625 -83.671875
523.767 336.793 151.464 640.861
-0.875721 0.4817562 -0.03199309 523.7671 0.4244086 0.7996817 0.4247192 336.7928 0.2301954 0.3583574 -0.9047596 151.4638 0 0 0 1
DataSet: 52
54.052734375 -93.662109375 18.984375 -0.714111328125 0.087890625 -77.607421875
448.778 335.910 95.591 568.660
-0.9623717 0.1288942 -0.2392215 448.7779 0.1057543 0.9885949 0.1072198 335.9099 0.2503132 0.07788665 -0.9650269 95.59138 0 0 0 1
DataSet: 53
15.64453125 -56.8359375 -20.7421875 0.933837890625 20.126953125 -94.04296875
445.416 188.762 156.895 508.569
-0.9847208 -0.1577278 0.07380293 445.4157 -0.1655123 0.9794694 -0.1150884 188.7624 -0.05413508 -0.1255452 -0.9906098 156.8947 0 0 0 1
DataSet: 54
47.98828125 -85.576171875 28.388671875 0.604248046875 -14.0625 -92.63671875
510.296 350.790 129.608 632.656
-0.9509827 0.308907 0.01443472 510.2964 0.303306 0.9226019 0.2383509 350.7898 0.06031075 0.2310457 -0.9710718 129.6081 0 0 0 1
DataSet: 55
94.833984375 -127.8515625 38.14453125 18.731689453125 -21.005859375 -110.478515625
346.024 351.974 118.648 507.637
-0.9407058 0.2799303 0.191603 346.024 0.3379638 0.8220294 0.4583102 351.9741 -0.02920839 0.4958899 -0.8678941 118.6483 0 0 0 1
DataSet: 56
45.439453125 -42.421875 34.8046875 17.852783203125 10.107421875 -161.71875
492.748 380.536 -95.451 629.857
-0.889515 -0.006326976 0.4568621 492.7482 0.1295434 0.9553812 0.265453 380.5359 -0.438157 0.2953079 -0.8490063 -95.45112 0 0 0 1
DataSet: 57
79.62890625 -98.671875 29.35546875 26.91650390625 -15.46875 -132.626953125
450.107 324.752 51.770 557.440
-0.9133208 0.2657129 0.3086125 450.1067 0.3834716 0.8162438 0.4320828 324.7518 -0.1370931 0.5129744 -0.8473859 51.77023 0 0 0 1
DataSet: 58
97.20703125 -84.78515625 34.716796875 25.59814453125 -5.80078125 -164.53125
405.407 358.882 -191.807 574.405
-0.8786204 0.3394648 0.3358418 405.4066 0.4248909 0.8767354 0.2253948 358.8821 -0.2179308 0.3407326 -0.9145531 -191.8065 0 0 0 1
DataSet: 59
97.119140625 -91.9921875 -17.314453125 22.6318359375 -0.966796875 -151.962890625
408.582 181.737 -146.860 470.676
-0.9425756 0.2078311 0.2614525 408.5821 0.2830262 0.9126596 0.2948705 181.7368 -0.1773339 0.3519357 -0.9190723 -146.8603 0 0 0 1
DataSet: 60
97.294921875 -99.462890625 11.953125 22.796630859375 -13.447265625 -132.5390625
458.020 274.802 -94.659 542.457
-0.9270719 0.371631 0.049277 458.0204 0.3627568 0.8561364 0.3680189 274.8023 0.0945794 0.3590556 -0.9285116 -94.65885 0 0 0 1
DataSet: 61
76.11328125 -98.671875 18.6328125 21.038818359375 -23.73046875 -125.859375
503.831 281.352 70.791 581.392
-0.8792201 0.3917116 0.2711715 503.8313 0.4725066 0.7897344 0.3912252 281.3522 -0.06090602 0.4721034 -0.8794367 70.79055 0 0 0 1
DataSet: 62
69.169921875 -97.08984375 -19.599609375 13.568115234375 -12.65625 -107.138671875
470.242 171.596 78.722 506.724
-0.9714139 0.2300487 0.05858975 470.2417 0.2358206 0.9067763 0.349493 171.5964 0.0272726 0.353319 -0.9351053 78.72167 0 0 0 1
DataSet: 63
93.33984375 -111.328125 -18.544921875 13.623046875 -7.646484375 -117.24609375
405.399 181.800 -9.136 444.391
-0.9763254 0.2076491 0.0605859 405.3994 0.216287 0.9333405 0.286523 181.7998 0.002948947 0.2928436 -0.9561558 -9.135506 0 0 0 1
DataSet: 64
67.939453125 -108.251953125 9.052734375 7.086181640625 -19.423828125 -94.74609375
454.116 268.651 162.461 552.077
-0.9491489 0.3015656 0.0904131 454.1162 0.3131842 0.8751172 0.3688979 268.6513 0.03212485 0.378455 -0.9250621 162.4607 0 0 0 1
DataSet: 65
65.654296875 -94.1015625 33.3984375 1.86767578125 -17.841796875 -89.82421875
500.547 358.835 41.054 617.248
-0.9059905 0.3864867 -0.1726534 500.5472 0.322538 0.8944479 0.3097292 358.8346 0.2741357 0.2249245 -0.9350179 41.05415 0 0 0 1
DataSet: 66
50.537109375 -94.189453125 9.228515625 -0.933837890625 -9.052734375 -70.224609375
477.498 290.611 159.531 581.300
-0.9328233 0.2395796 -0.269151 477.4984 0.1716772 0.9522185 0.2526 290.6108 0.3168084 0.1894241 -0.929382 159.5312 0 0 0 1
DataSet: 67
104.4140625 -125.56640625 20.0390625 -56.854248046875 -14.853515625 -96.15234375
473.498 209.092 -216.333 560.998
-0.7199153 0.6415649 -0.2647952 473.4979 0.6528429 0.4964237 -0.5721536 209.0915 -0.2356231 -0.5847718 -0.7762241 -216.3327 0 0 0 1
DataSet: 68
63.193359375 -104.6484375 32.255859375 -54.2724609375 -4.306640625 -68.115234375
544.969 268.728 -68.281 611.448
-0.6229372 0.6864207 -0.375201 544.9686 0.7817092 0.5644041 -0.2652898 268.7285 0.02966454 -0.458557 -0.8881698 -68.2808 0 0 0 1
DataSet: 69
62.314453125 -105.791015625 -17.666015625 -61.63330078125 10.01953125 -73.125
528.927 64.136 -96.732 541.512
-0.6740417 0.5789233 -0.4588197 528.9275 0.7356461 0.4697175 -0.4880474 64.13649 -0.06702632 -0.6664933 -0.7424919 -96.73232 0 0 0 1
DataSet: 70
37.44140625 -51.38671875 -19.3359375 24.224853515625 20.7421875 -125.244140625
456.216 170.369 49.302 489.479
-0.949316 -0.2926048 0.1148114 456.2164 -0.2300517 0.8956893 0.3805481 170.3692 -0.2141856 0.3348478 -0.9176064 49.3016 0 0 0 1
DataSet: 71
105.029296875 -90.234375 -20.21484375 35.26611328125 19.16015625 -167.431640625
304.836 142.634 -141.118 364.944
-0.914599 -0.01925807 0.4039032 304.8362 0.2244748 0.8066369 0.5467614 142.6341 -0.3363328 0.5907335 -0.7334263 -141.1175 0 0 0 1
DataSet: 72
104.23828125 -91.552734375 2.373046875 6.976318359375 6.15234375 -175.78125
346.638 276.265 -261.371 514.583
-0.8499759 0.07005338 0.5221432 346.6375 0.1121227 0.9924674 0.04936554 276.2655 -0.5147519 0.1005036 -0.8514279 -261.3713 0 0 0 1
DataSet: 73
74.53125 -110.009765625 17.578125 19.610595703125 -18.720703125 -124.1015625
422.370 289.586 157.013 535.639
-0.8721232 0.2172899 0.4383904 422.3697 0.3974504 0.8371742 0.3757294 289.5862 -0.285367 0.5019208 -0.816481 157.0126 0 0 0 1
DataSet: 74
92.724609375 -122.490234375 33.486328125 7.965087890625 -5.2734375 -109.16015625
339.041 375.436 35.121 507.084
-0.9798322 0.1533265 0.1281398 339.0405 0.178089 0.9609075 0.2119931 375.4358 -0.09062638 0.2305379 -0.9688339 35.1208 0 0 0 1
DataSet: 75
38.583984375 -79.599609375 28.564453125 6.8115234375 -18.544921875 -98.7890625
514.116 341.274 206.394 650.678
-0.9430918 0.2876676 0.1668087 514.1158 0.3284097 0.8844814 0.3314209 341.2742 -0.05220013 0.3673419 -0.92862 206.3937 0 0 0 1
DataSet: 76
71.103515625 -109.306640625 -8.7890625 6.3720703125 -20.91796875 -89.6484375
463.808 198.820 145.962 525.312
-0.9398825 0.3409435 -0.0194559 463.8081 0.3050054 0.8637075 0.4012243 198.8203 0.153599 0.3711695 -0.9157732 145.9622 0 0 0 1
DataSet: 77
68.90625 -110.361328125 13.623046875 0.76904296875 -21.97265625 -84.0234375
465.943 281.098 153.877 565.506
-0.9219049 0.3862513 -0.03002149 465.9431 0.3477348 0.8591529 0.3754157 281.0975 0.1707979 0.335658 -0.9263702 153.8766 0 0 0 1
DataSet: 78
76.11328125 -120.1171875 -15.8203125 1.318359375 -1.318359375 -75.498046875
357.532 204.712 105.035 425.169
-0.9724 0.1181535 -0.2011913 357.5319 0.08751472 0.9840429 0.1549214 204.7121 0.2162854 0.1330383 -0.9672236 105.0347 0 0 0 1
DataSet: 79
80.33203125 -119.150390625 1.494140625 0.274658203125 -2.021484375 -88.154296875
379.829 268.594 75.584 471.302
-0.9861701 0.150094 -0.07028703 379.8287 0.1404392 0.9819745 0.1265029 268.594 0.08800739 0.1148823 -0.989473 75.58402 0 0 0 1
DataSet: 80
76.201171875 -108.33984375 34.892578125 4.94384765625 0.17578125 -100.1953125
370.299 387.083 27.363 536.380
-0.9960623 0.08760431 0.0136182 370.2994 0.08865318 0.9855292 0.1444743 387.0825 -0.0007645643 0.1451127 -0.9894148 27.36313 0 0 0 1
DataSet: 81
45.703125 -86.279296875 30.9375 3.62548828125 -38.759765625 -92.724609375
563.482 293.119 217.503 671.370
-0.8217481 0.5451589 0.165927 563.4817 0.5479371 0.675939 0.4928198 293.1194 0.1565085 0.4958914 -0.8541644 217.5028 0 0 0 1
DataSet: 82
51.50390625 -90.322265625 31.11328125 1.922607421875 -25.224609375 -93.515625
523.192 334.649 158.675 641.013
-0.899318 0.4282434 0.08851355 523.1923 0.4301561 0.8298995 0.3552921 334.6495 0.07869414 0.3575952 -0.9305552 158.6753 0 0 0 1
DataSet: 83
50.888671875 -82.32421875 -21.26953125 -12.9638671875 20.126953125 -106.69921875
437.807 179.632 -44.219 475.287
-0.9932029 -0.05776984 0.1010476 437.8065 -0.08499307 0.9530892 -0.290512 179.6318 -0.07952457 -0.2971258 -0.951521 -44.21928 0 0 0 1
DataSet: 84
47.373046875 -84.2578125 -21.181640625 45.9228515625 20.126953125 -77.34375
292.749 106.880 194.011 367.104
-0.7544631 -0.5686221 -0.3278023 292.7486 -0.654764 0.6866738 0.3158533 106.8798 0.04549215 0.4529328 -0.8903832 194.0108 0 0 0 1
DataSet: 85
76.201171875 -118.88671875 28.65234375 -6.8115234375 -40.95703125 -75.849609375
483.583 274.502 169.072 581.196
-0.7793675 0.6253234 0.03945707 483.5829 0.5411981 0.6401102 0.5453104 274.5021 0.3157385 0.4463513 -0.837305 169.072 0 0 0 1
DataSet: 86
50.361328125 -64.130859375 35.771484375 21.533203125 5.80078125 -152.05078125
462.274 377.123 14.224 596.759
-0.8357402 -0.03083507 0.5482586 462.2736 0.172961 0.9328206 0.3161173 377.123 -0.5211744 0.3590193 -0.7742625 14.22357 0 0 0 1
DataSet: 87
54.580078125 -64.74609375 17.75390625 85.9130859375 19.248046875 -118.916015625
406.826 87.998 142.621 439.990
-0.9263455 -0.3295988 -0.1823423 406.8259 -0.2193579 0.07851037 0.9724805 87.99773 -0.3062127 0.940851 -0.1450278 142.6205 0 0 0 1
DataSet: 88
73.740234375 -122.138671875 11.337890625 -75.860595703125 21.09375 -66.97265625
463.972 107.988 -118.849 490.975
-0.5222634 0.5536143 -0.648654 463.9723 0.8450107 0.2334872 -0.4810828 107.9882 -0.1148819 -0.7993716 -0.5897518 -118.8491 0 0 0 1
DataSet: 89
73.740234375 -122.138671875 30.234375 -75.860595703125 21.09375 -66.97265625
446.788 173.815 -137.584 498.759
-0.5222634 0.5536143 -0.648654 446.7878 0.8450107 0.2334872 -0.4810828 173.8147 -0.1148819 -0.7993716 -0.5897518 -137.5841 0 0 0 1
DataSet: 90
72.685546875 -122.314453125 31.81640625 -44.6044921875 12.3046875 -66.97265625
424.128 304.353 -56.283 525.055
-0.7847452 0.488094 -0.3820198 424.1277 0.6121582 0.7069338 -0.3542697 304.3533 0.09714586 -0.511868 -0.8535537 -56.28272 0 0 0 1
DataSet: 91
14.765625 -90.673828125 31.9921875 -43.83544921875 -23.466796875 -27.158203125
477.458 278.066 391.525 677.185
-0.7052342 0.7085746 -0.02380843 477.4582 0.592573 0.6075509 0.5289037 278.0661 0.3892326 0.3588927 -0.8483478 391.5255 0 0 0 1
DataSet: 92
54.228515625 -102.5390625 35.5078125 -11.53564453125 -21.884765625 -78.486328125
480.729 351.285 163.219 617.367
-0.8781856 0.4763595 0.04326393 480.7285 0.469826 0.8420848 0.2648712 351.2849 0.089742 0.2529326 -0.9633127 163.2188 0 0 0 1
DataSet: 93
56.953125 -80.21484375 35.15625 -8.23974609375 20.56640625 -137.021484375
398.107 384.322 -94.614 561.377
-0.8686599 -0.1364754 0.4762399 398.1072 -0.2212701 0.9669744 -0.1264915 384.3217 -0.4432488 -0.2152557 -0.8701698 -94.61368 0 0 0 1
DataSet: 94
75.05859375 -80.126953125 35.15625 -8.23974609375 20.56640625 -137.021484375
348.968 384.324 -214.117 561.542
-0.9636256 -0.1968684 0.1807442 348.9682 -0.2212791 0.9669712 -0.1264999 384.3239 -0.1498706 -0.1618935 -0.9753611 -214.1166 0 0 0 1
DataSet: 95
71.015625 -99.638671875 -1.40625 -20.050048828125 -5.712890625 -111.884765625
511.064 240.072 -56.973 567.509
-0.913831 0.3768788 0.1512455 511.0638 0.3318237 0.9076845 -0.2569083 240.0717 -0.2341066 -0.1845839 -0.9545276 -56.97267 0 0 0 1
DataSet: 96
50.09765625 -91.201171875 26.103515625 -9.173583984375 -16.435546875 -89.208984375
523.293 335.441 125.600 634.138
-0.9052927 0.4218497 0.04987947 523.2928 0.4243771 0.892994 0.1498858 335.4412 0.01868719 0.1568582 -0.9874443 125.6001 0 0 0 1
DataSet: 97
45.3515625 -91.025390625 31.81640625 -9.173583984375 -45.087890625 -72.94921875
567.697 270.852 241.263 673.682
-0.7589799 0.6439218 0.09651056 567.6965 0.5685223 0.5831342 0.5802904 270.8521 0.3173831 0.4952972 -0.8086709 241.2631 0 0 0 1
DataSet: 98
40.517578125 -103.41796875 34.8046875 -6.04248046875 -18.984375 -56.513671875
399.506 358.470 278.092 604.517
-0.9446169 0.3072338 -0.1153532 399.5056 0.2356392 0.8796288 0.4131915 358.4705 0.2284144 0.363126 -0.9033086 278.0923 0 0 0 1
DataSet: 99
55.546875 -103.59375 34.013671875 -36.9140625 3.955078125 -75.146484375
486.426 334.908 0.968 590.571
-0.8449576 0.4977128 -0.1957771 486.4257 0.5347361 0.7931505 -0.2914953 334.9076 0.01019978 -0.3509903 -0.9363235 0.9675006 0 0 0 1
DataSet: 100
52.03125 -102.802734375 32.958984375 -15.8203125 -23.37890625 -76.904296875
491.756 335.917 181.793 622.666
-0.8473635 0.524044 0.08574914 491.7556 0.5278071 0.813475 0.2442909 335.9169 0.05826442 0.2522622 -0.9659032 181.793 0 0 0 1
DataSet: 101
81.9140625 -126.62109375 32.607421875 -12.63427734375 -49.306640625 -70.400390625
468.243 252.924 184.527 563.269
-0.7063507 0.6977844 0.1190194 468.2426 0.6087406 0.5129842 0.6052124 252.9244 0.3612527 0.4999442 -0.7871165 184.5275 0 0 0 1
DataSet: 102
48.603515625 -120.1171875 33.3984375 -18.017578125 -20.830078125 -39.375
361.222 338.574 286.021 571.771
-0.8913288 0.4239105 -0.160726 361.2224 0.3063523 0.8245192 0.4757272 338.574 0.3341874 0.3747906 -0.8647836 286.021 0 0 0 1
DataSet: 103
56.513671875 -120.46875 38.14453125 -32.794189453125 16.34765625 -60.732421875
377.144 356.412 44.903 520.849
-0.8782767 0.422159 -0.2245258 377.1439 0.473979 0.8305658 -0.2924113 356.4123 0.06303941 -0.3632386 -0.9295611 44.90332 0 0 0 1
DataSet: 104
26.3671875 -94.453125 11.42578125 -25.103759765625 -1.0546875 -72.24609375
452.066 283.168 265.353 595.785
-0.8735871 0.4563603 0.1690584 452.0656 0.4458063 0.8897348 -0.09812619 283.1683 -0.1951981 -0.01035447 -0.9807092 265.3532 0 0 0 1
DataSet: 105
23.818359375 -86.71875 30.322265625 -49.4384765625 15.99609375 -85.341796875
517.385 283.558 112.159 600.559
-0.79361 0.6083109 0.01188009 517.3847 0.4808343 0.6390274 -0.6003686 283.5577 -0.3728024 -0.4707461 -0.7996352 112.1587 0 0 0 1
DataSet: 106
67.67578125 -123.45703125 -9.4921875 -39.3310546875 8.7890625 -73.388671875
436.016 172.405 36.235 470.262
-0.8415139 0.5211949 -0.1421629 436.0157 0.535526 0.7701063 -0.346624 172.4051 -0.07117812 -0.3678208 -0.9271685 36.23517 0 0 0 1
DataSet: 107
112.67578125 -131.3671875 -13.798828125 1.64794921875 3.603515625 -128.3203125
308.078 214.704 -50.105 378.841
-0.9603142 0.0822657 0.2665129 308.0784 0.09269287 0.995335 0.02676173 214.7035 -0.2630681 0.05040351 -0.9634597 -50.10528 0 0 0 1
DataSet: 108
115.751953125 -81.884765625 -15.99609375 21.97265625 19.51171875 -195.732421875
238.141 187.050 -295.029 422.777
-0.8385866 0.05271266 0.542212 238.141 0.2599361 0.9134155 0.3132177 187.0497 -0.4787543 0.4036006 -0.77968 -295.0286 0 0 0 1
DataSet: 109
108.28125 -81.09375 36.474609375 5.328369140625 6.240234375 -178.505859375
261.153 395.959 -342.556 585.089
-0.9384051 0.07657701 0.3369448 261.1528 0.0906003 0.9955461 0.02606909 395.959 -0.3334478 0.05499067 -0.9411634 -342.5558 0 0 0 1
DataSet: 110
94.04296875 -83.642578125 35.33203125 47.515869140625 3.69140625 -163.30078125
389.371 307.343 -86.293 503.504
-0.8843918 0.2326759 0.4046146 389.3709 0.4456253 0.6787448 0.5837153 307.3428 -0.1388135 0.6965396 -0.7039627 -86.29332 0 0 0 1
DataSet: 111
91.40625 -112.91015625 30.849609375 76.79443359375 19.072265625 -114.169921875
198.222 170.772 148.864 301.024
-0.851813 -0.4971215 -0.1651812 198.2222 -0.3128362 0.2298226 0.9215829 170.7723 -0.4201764 0.836691 -0.3512835 148.8635 0 0 0 1
DataSet: 112
107.314453125 -125.91796875 30.673828125 41.0888671875 -11.07421875 -135.52734375
318.583 299.245 104.269 449.349
-0.9392688 0.1430932 0.311927 318.5829 0.3166969 0.7115498 0.627216 299.245 -0.1322013 0.6879107 -0.7136537 104.2689 0 0 0 1
DataSet: 113
111.97265625 -132.509765625 -9.140625 25.37841796875 3.8671875 -125.859375
272.816 206.040 62.389 347.525
-0.9729099 -0.05559698 0.2243998 272.8162 0.04735261 0.9021492 0.4288176 206.0401 -0.2262831 0.4278268 -0.8750772 62.38878 0 0 0 1
DataSet: 114
71.54296875 -112.119140625 31.2890625 25.872802734375 -36.650390625 -114.78515625
433.353 281.336 222.511 562.545
-0.8638499 0.3598579 0.3525132 433.3535 0.5036177 0.6329278 0.5880234 281.3364 -0.01151052 0.6854959 -0.7279855 222.5113 0 0 0 1
DataSet: 115
72.158203125 -106.93359375 33.134765625 18.182373046875 -11.513671875 -114.169921875
389.360 356.716 122.425 542.066
-0.9539006 0.1303152 0.2703547 389.3599 0.2314507 0.8928835 0.3862507 356.7162 -0.1910609 0.4310186 -0.8818836 122.4251 0 0 0 1
DataSet: 116
91.845703125 -123.80859375 -15.908203125 -6.92138671875 -13.447265625 -105.556640625
421.835 187.104 25.155 462.154
-0.912007 0.3863778 0.1376784 421.8354 0.3953479 0.9174732 0.04407901 187.1041 -0.1092851 0.09463125 -0.9894957 25.15512 0 0 0 1
DataSet: 117
67.32421875 -113.525390625 14.326171875 -6.536865234375 -24.43359375 -87.36328125
467.483 276.141 174.037 570.161
-0.8773406 0.4583219 0.1421782 467.4835 0.4797155 0.8302035 0.2839633 276.1414 0.01210973 0.3173376 -0.9482353 174.0369 0 0 0 1
DataSet: 118
90.263671875 -120.29296875 -20.302734375 -19.44580078125 -16.171875 -111.09375
465.003 154.960 -31.488 491.153
-0.833665 0.5186036 0.1898762 465.0027 0.4876648 0.8526289 -0.187635 154.9599 -0.2592021 -0.06382886 -0.9637116 -31.48798 0 0 0 1
DataSet: 119
108.544921875 -117.392578125 -16.611328125 0.32958984375 8.173828125 -154.072265625
315.183 206.481 -135.371 400.375
-0.8538232 0.01181846 0.5204289 315.1831 0.01107145 0.9999284 -0.004543453 206.4813 -0.5204453 0.001882599 -0.8538929 -135.3712 0 0 0 1
DataSet: 120
106.69921875 -100.078125 33.92578125 10.3271484375 -2.021484375 -153.80859375
345.918 380.063 -200.499 551.640
-0.9424236 0.2079122 0.2619357 345.9182 0.2372915 0.9676528 0.08567858 380.0629 -0.2356492 0.1429006 -0.9612746 -200.4991 0 0 0 1
DataSet: 121
117.24609375 -86.015625 32.783203125 9.173583984375 7.646484375 -194.326171875
231.320 382.538 -338.396 560.675
-0.8464867 0.09605321 0.5236735 231.3197 0.1440089 0.9882345 0.05151791 382.5384 -0.5125638 0.1190229 -0.8503599 -338.3958 0 0 0 1
DataSet: 122
114.169921875 -92.958984375 32.6953125 53.94287109375 8.61328125 -179.912109375
327.013 276.651 -120.985 445.096
-0.7737606 0.3096405 0.5526457 327.0129 0.6112205 0.5941421 0.522881 276.6507 -0.166445 0.7423732 -0.6489824 -120.9853 0 0 0 1
DataSet: 123
106.259765625 -96.474609375 -18.544921875 23.73046875 10.8984375 -170.68359375
325.349 178.246 -159.066 403.640
-0.8642015 0.03822317 0.5016919 325.3485 0.2293863 0.917388 0.3252404 178.2458 -0.4478144 0.3961545 -0.8015758 -159.0655 0 0 0 1
DataSet: 124
95.09765625 -102.5390625 -19.16015625 -11.53564453125 6.15234375 -147.744140625
375.295 192.598 -210.099 471.256
-0.914587 0.06737157 0.3987377 375.2954 -0.01944723 0.977556 -0.2097762 192.5975 -0.4039214 -0.1996129 -0.8927498 -210.0994 0 0 0 1
DataSet: 125
125.15625 -125.21484375 29.1796875 29.937744140625 -5.09765625 -145.634765625
312.342 329.992 -39.327 456.069
-0.9380606 0.251931 0.237851 312.342 0.3333626 0.8433359 0.4214902 329.9921 -0.09440184 0.474674 -0.8750845 -39.32676 0 0 0 1
DataSet: 126
118.916015625 -117.216796875 16.259765625 -31.09130859375 18.28125 -163.65234375
231.442 286.266 -325.529 491.409
-0.8431102 -0.1892714 0.5033305 231.4424 -0.4031165 0.8419461 -0.3586417 286.2661 -0.3558965 -0.5052753 -0.7861518 -325.5293 0 0 0 1
DataSet: 127
129.462890625 -116.513671875 9.052734375 3.790283203125 7.119140625 -174.0234375
258.401 301.249 -232.199 459.825
-0.8693141 0.04414552 0.4922847 258.4008 0.0636982 0.9977038 0.02301429 301.2493 -0.4901384 0.0513643 -0.8701299 -232.1993 0 0 0 1
DataSet: 128
161.279296875 -138.310546875 17.2265625 9.99755859375 5.9765625 -169.27734375
189.265 326.205 -178.278 417.149
-0.9594621 0.1174316 0.2562076 189.2648 0.1466168 0.9843376 0.09789277 326.2046 -0.2406991 0.1314887 -0.961652 -178.2777 0 0 0 1
DataSet: 129
155.126953125 -128.818359375 0.87890625 6.756591796875 7.20703125 -169.013671875
185.546 268.782 -236.184 403.056
-0.9777532 0.07892864 0.1943426 185.5464 0.0938595 0.9932023 0.06884394 268.782 -0.1875878 0.08555327 -0.9785149 -236.1838 0 0 0 1
DataSet: 130
119.619140625 -132.421875 31.46484375 32.958984375 -11.6015625 -149.150390625
313.491 322.469 54.287 453.001
-0.8496487 0.2428281 0.468115 313.4913 0.4541241 0.7881703 0.4154021 322.4685 -0.268083 0.5655282 -0.7799419 54.28739 0 0 0 1
DataSet: 131
127.001953125 -118.623046875 31.46484375 12.85400390625 -3.779296875 -145.72265625
298.191 367.254 -169.135 502.394
-0.9631751 0.2512196 0.09582552 298.1908 0.2636216 0.9524525 0.1527673 367.2542 -0.05289111 0.1724034 -0.9836054 -169.1349 0 0 0 1
DataSet: 132
134.384765625 -92.255859375 -21.26953125 10.87646484375 12.392578125 -182.900390625
152.503 185.990 -354.401 428.310
-0.982159 0.07742941 0.171372 152.503 0.1055111 0.9812399 0.1613558 185.9901 -0.1556634 0.1765587 -0.9719033 -354.4012 0 0 0 1
DataSet: 133
128.671875 -74.765625 27.421875 22.027587890625 13.447265625 -195.64453125
147.651 349.142 -384.116 539.672
-0.9425746 0.2517033 0.2195418 147.6507 0.30007 0.9268302 0.2257073 349.1418 -0.1466667 0.2786239 -0.9491352 -384.1155 0 0 0 1
DataSet: 134
111.97265625 -98.408203125 24.9609375 0.54931640625 12.392578125 -169.453125
264.436 358.813 -273.953 523.185
-0.9096699 -0.06126127 0.4107891 264.4357 -0.04782144 0.9979331 0.04292451 358.8128 -0.4125697 0.01940261 -0.9107194 -273.9525 0 0 0 1
DataSet: 135
122.080078125 -114.140625 30.05859375 9.063720703125 -27.7734375 -158.642578125
410.396 321.704 -216.713 564.697
-0.7597561 0.6081191 0.2301341 410.3965 0.5910232 0.7934355 -0.1454361 321.7037 -0.271039 0.02551857 -0.96223 -216.7127 0 0 0 1
DataSet: 136
49.306640625 -28.18359375 34.8046875 34.27734375 21.09375 -190.72265625
459.383 342.921 -139.489 589.987
-0.7475795 0.003873874 0.6641611 459.3834 0.3878413 0.8143243 0.4318043 342.9205 -0.5391698 0.5803972 -0.6102746 -139.4886 0 0 0 1
DataSet: 137
-5.185546875 -25.986328125 34.1015625 28.564453125 3.69140625 -147.48046875
471.539 358.689 311.321 669.274
-0.7160621 -0.1577572 0.6799762 471.5393 0.2066585 0.882546 0.4223799 358.6894 -0.6667438 0.4429731 -0.5993559 311.3207 0 0 0 1
DataSet: 138
17.578125 -69.404296875 -2.109375 0.274658203125 -2.98828125 -113.994140625
475.998 257.040 282.945 610.493
-0.8134663 0.1302924 0.5668302 475.9977 0.1931081 0.9798032 0.05191331 257.0399 -0.5486181 0.1516892 -0.8221974 282.9448 0 0 0 1
DataSet: 139
20.654296875 -29.0625 34.189453125 24.27978515625 20.830078125 -154.16015625
474.812 362.298 64.578 600.730
-0.83237 -0.2602212 0.4893312 474.8121 -0.01969964 0.896252 0.4431076 362.2977 -0.5538701 0.3591898 -0.7511395 64.57835 0 0 0 1
DataSet: 140
53.7890625 -96.123046875 33.837890625 -1.20849609375 -20.830078125 -100.986328125
486.639 353.902 153.633 621.022
-0.8857788 0.3870125 0.2561584 486.6394 0.4429133 0.8697949 0.2174503 353.9021 -0.1386493 0.3060688 -0.9418589 153.6333 0 0 0 1
DataSet: 141
110.7421875 -137.16796875 30.322265625 40.31982421875 -16.34765625 -134.47265625
288.225 292.392 160.951 440.990
-0.9087711 0.1398066 0.3931784 288.2254 0.3736951 0.6919613 0.6176904 292.3918 -0.185707 0.708268 -0.6810795 160.9513 0 0 0 1
DataSet: 142
93.779296875 -108.603515625 29.8828125 27.301025390625 -11.77734375 -137.98828125
399.970 330.895 19.501 519.469
-0.9115505 0.2418613 0.3325339 399.9704 0.3702474 0.834576 0.4079212 330.8952 -0.1788645 0.4949606 -0.8503067 19.50131 0 0 0 1
DataSet: 143
60.380859375 -94.453125 22.939453125 14.776611328125 -23.994140625 -118.65234375
501.963 303.504 154.048 606.475
-0.87047 0.3404444 0.355499 501.9627 0.4615934 0.8153861 0.3493952 303.504 -0.1709193 0.468234 -0.8669161 154.048 0 0 0 1
DataSet: 144
79.365234375 -90.9375 35.771484375 24.169921875 15.556640625 -146.77734375
328.730 369.350 -35.363 495.715
-0.8828115 -0.1897043 0.4297163 328.7298 0.008116051 0.9085237 0.4177544 369.3502 -0.4696572 0.372286 -0.8005156 -35.3633 0 0 0 1
DataSet: 145
57.041015625 -95.859375 30.234375 -49.98779296875 -4.74609375 -91.142578125
565.640 277.984 -66.727 633.779
-0.7583091 0.6421291 -0.1124167 565.6398 0.6004202 0.6208054 -0.5040796 277.9838 -0.2538953 -0.4497454 -0.8563097 -66.72694 0 0 0 1
DataSet: 146
58.88671875 -101.30859375 16.259765625 -2.032470703125 -16.171875 -79.62890625
480.547 303.736 148.688 587.613
-0.9342524 0.3416426 -0.1022387 480.5466 0.2986348 0.9062159 0.2993159 303.7362 0.1949094 0.2491046 -0.9486607 148.6883 0 0 0 1
DataSet: 147
52.822265625 -104.560546875 32.783203125 -4.339599609375 -14.23828125 -74.267578125
427.094 362.578 184.855 589.952
-0.9512811 0.3062726 -0.03551433 427.0939 0.2850219 0.9174595 0.2775439 362.578 0.1175871 0.2538999 -0.9600563 184.8549 0 0 0 1
DataSet: 148
52.294921875 -64.39453125 36.474609375 30.76171875 20.91796875 -144.84375
385.261 354.818 21.885 524.214
-0.8698208 -0.3027356 0.3895677 385.2611 -0.05481051 0.8440159 0.5335101 354.8178 -0.4903138 0.4427057 -0.7507356 21.88522 0 0 0 1
DataSet: 149
52.294921875 -64.39453125 16.787109375 30.76171875 -16.611328125 -144.755859375
587.405 274.284 51.510 650.330
-0.8606859 0.3323088 0.3857339 587.4048 0.4797561 0.7829874 0.3959354 274.2839 -0.170452 0.5258342 -0.8333334 51.50998 0 0 0 1
DataSet: 150
68.37890625 -66.591796875 31.552734375 31.695556640625 11.337890625 -165.673828125
426.262 343.083 -70.585 551.713
-0.8428983 -0.02082215 0.5376698 426.2619 0.2638688 0.8548511 0.4467693 343.0834 -0.4689304 0.5184554 -0.7150583 -70.58475 0 0 0 1
DataSet: 151
56.689453125 -72.568359375 32.080078125 34.27734375 4.921875 -141.85546875
435.715 337.585 68.099 555.381
-0.9144815 -0.07792281 0.3970538 435.7147 0.1612845 0.8297604 0.5343079 337.5846 -0.3710943 0.5526533 -0.7462328 68.09925 0 0 0 1
DataSet: 152
58.88671875 -64.04296875 32.080078125 34.27734375 4.921875 -141.767578125
468.276 337.978 -1.737 577.507
-0.9680266 0.0258164 0.2495154 468.2762 0.1597333 0.830395 0.5337877 337.9776 -0.1934159 0.5565767 -0.8079683 -1.737252 0 0 0 1
DataSet: 153
97.734375 -114.580078125 25.13671875 2.252197265625 -5.625 -128.49609375
388.074 350.946 -68.924 527.746
-0.9429866 0.2316756 0.2389617 388.0741 0.2483615 0.9677641 0.04182344 350.9464 -0.221569 0.09878781 -0.9701279 -68.92424 0 0 0 1
DataSet: 154
76.201171875 -123.193359375 31.11328125 -0.714111328125 -7.822265625 -99.931640625
350.416 367.280 118.264 521.222
-0.935571 0.2129332 0.2817204 350.4161 0.2571913 0.9575241 0.130385 367.28 -0.2419908 0.1944404 -0.9505963 118.2639 0 0 0 1
DataSet: 155
44.384765625 -96.73828125 37.265625 -42.51708984375 12.48046875 -69.78515625
490.541 328.740 3.861 590.521
-0.8222209 0.4885215 -0.2920608 490.541 0.5684288 0.7309546 -0.3776163 328.7397 0.02900952 -0.4764997 -0.8786959 3.860788 0 0 0 1
DataSet: 156
94.482421875 -108.427734375 36.298828125 -24.3896484375 -1.669921875 -118.388671875
393.466 368.113 -216.367 580.635
-0.9634227 0.2679793 0.001977166 393.4659 0.2477072 0.8933085 -0.3750215 368.113 -0.1022642 -0.3608144 -0.927014 -216.3671 0 0 0 1
DataSet: 157
