-0.08472683280706406 0.6067439317703247 0.7903690338134766 53.80344772338867 
-0.22782735526561737 -0.7840046286582947 0.5774352550506592 -35.77704620361328 
0.9700083136558533 -0.13114343583583832 0.2046590894460678 -1378.9844970703125 
0.0 0.0 0.0 1.0
-0.08119579404592514 0.6114097833633423 0.7871374487876892 -37.778350830078125 
-0.2179279923439026 -0.7815264463424683 0.5845714807510376 -22.04208755493164 
0.9725814461708069 -0.12407451868057251 0.19669994711875916 -1302.341552734375 
0.0 0.0 0.0 1.0
-0.06676975637674332 0.6432115435600281 0.7627717852592468 -39.41510009765625 
-0.12923695147037506 -0.7636129856109619 0.6326080560684204 29.285511016845703 
0.9893632531166077 -0.05633920058608055 0.13411295413970947 -1303.484130859375 
0.0 0.0 0.0 1.0
-0.060320522636175156 0.6648790836334229 0.7445113658905029 -22.291053771972656 
-0.06685343384742737 -0.7468858361244202 0.6615831255912781 63.314537048339844 
0.9959377646446228 -0.009866118431091309 0.0895020067691803 -1316.84716796875 
0.0 0.0 0.0 1.0
-0.05060669034719467 0.6920023560523987 0.720119297504425 -15.05908203125 
0.01282372884452343 -0.7205334901809692 0.6933015584945679 106.35321044921875 
0.9986363649368286 0.04432031139731407 0.027589764446020126 -1331.3701171875 
0.0 0.0 0.0 1.0
-0.045789383351802826 0.7036800384521484 0.7090399265289307 -69.96389770507812 
0.04461294412612915 -0.707635760307312 0.7051675915718079 129.58106994628906 
0.9979543685913086 0.06392154097557068 0.0010089650750160217 -1312.2298583984375 
0.0 0.0 0.0 1.0
-0.047150619328022 0.6907363533973694 0.7215678095817566 -95.69596099853516 
0.009150534868240356 -0.7220422625541687 0.6917884349822998 109.60142517089844 
0.9988458156585693 0.039220958948135376 0.027724141255021095 -1299.898193359375 
0.0 0.0 0.0 1.0
-0.0605471208691597 0.6498090624809265 0.7576821446418762 -93.29995727539062 
-0.10575010627508163 -0.7589787244796753 0.6424704194068909 45.27497100830078 
0.9925476908683777 -0.04122522100806236 0.11467132717370987 -1287.794921875 
0.0 0.0 0.0 1.0
-0.08431380242109299 0.5990974307060242 0.7962244749069214 -96.60476684570312 
-0.24578064680099487 -0.7868841886520386 0.5660433769226074 -34.17658233642578 
0.9656516313552856 -0.14797131717205048 0.21359175443649292 -1283.1431884765625 
0.0 0.0 0.0 1.0
-0.10891098529100418 0.5598462820053101 0.8214076161384583 -58.19590759277344 
-0.3507339656352997 -0.7948213815689087 0.4952218234539032 -99.47296905517578 
0.9301204085350037 -0.23416048288345337 0.2829218804836273 -1301.47509765625 
0.0 0.0 0.0 1.0
-0.11102663725614548 0.5561543107032776 0.8236294984817505 -6.666374206542969 
-0.358978807926178 -0.7952417731285095 0.4885946214199066 -107.7527084350586 
0.9267185926437378 -0.2414184957742691 0.2879406213760376 -1332.0283203125 
0.0 0.0 0.0 1.0
-0.1333765983581543 0.5245921611785889 0.8408410549163818 2.79559326171875 
-0.438106894493103 -0.7922319173812866 0.42477163672447205 -156.5797882080078 
0.8889729976654053 -0.31172364950180054 0.33549264073371887 -1355.5538330078125 
0.0 0.0 0.0 1.0
-0.15025100111961365 0.5030571818351746 0.8510923385620117 -55.05424499511719 
-0.493825763463974 -0.7839690446853638 0.37620294094085693 -190.45733642578125 
0.856481671333313 -0.3637664318084717 0.36621469259262085 -1330.9305419921875 
0.0 0.0 0.0 1.0
-0.17312684655189514 0.4775438904762268 0.8613819479942322 -41.990020751953125 
-0.5553098320960999 -0.7696477174758911 0.3150768280029297 -230.6239776611328 
0.8134236335754395 -0.42378559708595276 0.3984315097332001 -1358.794189453125 
0.0 0.0 0.0 1.0
-0.10425917059183121 0.5674654245376587 0.8167698979377747 -72.69369506835938 
-0.34007424116134644 -0.7920840382575989 0.506904661655426 -89.66097259521484 
0.9346013069152832 -0.22491294145584106 0.2755624055862427 -1294.572998046875 
0.0 0.0 0.0 1.0
-0.08283726125955582 0.6082886457443237 0.7893813252449036 -43.75273132324219 
-0.22676409780979156 -0.7828300595283508 0.5794438123703003 -26.4180965423584 
0.9704205393791199 -0.13100381195545197 0.20278552174568176 -1299.6756591796875 
0.0 0.0 0.0 1.0
-0.1175093948841095 0.5458965301513672 0.8295713067054749 -54.335105895996094 
-0.39161694049835205 -0.7931351661682129 0.46644699573516846 -123.75575256347656 
0.9125939607620239 -0.27006226778030396 0.3069831430912018 -1308.734130859375 
0.0 0.0 0.0 1.0
-0.1449621468782425 0.5083315372467041 0.8488727807998657 -18.41124725341797 
-0.4816269874572754 -0.785685122013092 0.38824525475502014 -182.86294555664062 
0.8643040060997009 -0.3525591790676117 0.3587207794189453 -1350.2144775390625 
0.0 0.0 0.0 1.0
-0.05806438997387886 0.6704011559486389 0.7397235035896301 -6.5445556640625 
-0.04929741844534874 -0.7419951558113098 0.6685903072357178 70.82923889160156 
0.9970949292182922 0.0023548302706331015 0.07613253593444824 -1328.193115234375 
0.0 0.0 0.0 1.0
-0.07731789350509644 0.6133694648742676 0.7860023975372314 -87.59221649169922 
-0.20764228701591492 -0.7809819579124451 0.589026153087616 -13.326087951660156 
0.9751443862915039 -0.11766510456800461 0.18774531781673431 -1284.82275390625 
0.0 0.0 0.0 1.0
-0.06537248939275742 0.6482759118080139 0.7585939168930054 -74.11257934570312 
-0.10072189569473267 -0.760624349117279 0.6413311958312988 76.96402740478516 
0.9927645921707153 -0.034481585025787354 0.11501947790384293 -1294.0968017578125 
0.0 0.0 0.0 1.0
-0.09318333119153976 0.589031994342804 0.802719235420227 -23.731239318847656 
-0.26640400290489197 -0.7915816903114319 0.549933910369873 -32.00770568847656 
0.9593465328216553 -0.16260294616222382 0.23068273067474365 -1312.240478515625 
0.0 0.0 0.0 1.0
-0.08599311113357544 0.6056373119354248 0.79108065366745 -32.078765869140625 
-0.21164639294147491 -0.7870036363601685 0.5795093178749084 45.023414611816406 
0.9735558032989502 -0.11759555339813232 0.19585785269737244 -1315.1036376953125 
0.0 0.0 0.0 1.0
-0.0704774260520935 0.6429765820503235 0.7626363039016724 -6.5055389404296875 
-0.10214206576347351 -0.7651703953742981 0.6356738805770874 135.05157470703125 
0.9922701120376587 -0.03309658169746399 0.11960221081972122 -1344.73193359375 
0.0 0.0 0.0 1.0
-0.08210991322994232 0.6112647652626038 0.787155270576477 -55.43385314941406 
-0.19508622586727142 -0.7844007015228271 0.5887758135795593 60.94093322753906 
0.9773430228233337 -0.10521882027387619 0.18365639448165894 -1305.87890625 
0.0 0.0 0.0 1.0
-0.10813082754611969 0.5643758773803711 0.8184055089950562 -22.7025146484375 
-0.3319155275821686 -0.7964889407157898 0.5054081678390503 -57.50553512573242 
0.9370911717414856 -0.21699132025241852 0.2734501361846924 -1319.9716796875 
0.0 0.0 0.0 1.0
-0.09052643179893494 0.5938692092895508 0.799452543258667 -19.553604125976562 
-0.26949384808540344 -0.787406325340271 0.5544044971466064 -105.16700744628906 
0.9587377309799194 -0.1652592569589615 0.2313251793384552 -1321.5576171875 
0.0 0.0 0.0 1.0
-0.06305822730064392 0.6510139107704163 0.7564420700073242 -83.48917388916016 
-0.10651395469903946 -0.7580114006996155 0.643485426902771 -9.052740097045898 
0.9923096895217896 -0.03999460116028786 0.11714092642068863 -1295.04150390625 
0.0 0.0 0.0 1.0
-0.05450931936502457 0.6756206750869751 0.7352315187454224 -74.45669555664062 
-0.029663652181625366 -0.7370969653129578 0.675135612487793 53.70653533935547 
0.9980725049972534 0.014991551637649536 0.06022002547979355 -1301.1173095703125 
0.0 0.0 0.0 1.0
-0.0768735483288765 0.6194250583648682 0.7812829613685608 -76.73794555664062 
-0.1968204826116562 -0.7776098847389221 0.5971469879150391 -83.8368148803711 
0.9774211645126343 -0.10786767303943634 0.1816931813955307 -1299.470458984375 
0.0 0.0 0.0 1.0
-0.057236287742853165 0.670464813709259 0.7397303581237793 -69.94683837890625 
-0.049207653850317 -0.7419389486312866 0.6686592102050781 7.8058061599731445 
0.997147262096405 0.0018711982993409038 0.07545782625675201 -1308.1357421875 
0.0 0.0 0.0 1.0
-0.1356283724308014 0.522779643535614 0.8416094183921814 -8.34130859375 
-0.44256654381752014 -0.7919670343399048 0.42062222957611084 -132.47027587890625 
0.8864196538925171 -0.31541985273361206 0.33877798914909363 -1348.5418701171875 
0.0 0.0 0.0 1.0
-0.10475821048021317 0.5676687955856323 0.816564679145813 -82.94949340820312 
-0.33045047521591187 -0.7942988276481628 0.5097958445549011 -51.66399383544922 
0.9379915595054626 -0.21642889082431793 0.2707957625389099 -1292.89501953125 
0.0 0.0 0.0 1.0
-0.0824124738574028 0.6124185919761658 0.786226212978363 -40.45935821533203 
-0.19531555473804474 -0.7835360169410706 0.5898500680923462 57.66999816894531 
0.9772717356681824 -0.10495120286941528 0.18418800830841064 -1311.628662109375 
0.0 0.0 0.0 1.0
-0.09803587198257446 0.5812875628471375 0.8077709078788757 -52.89146423339844 
-0.27902334928512573 -0.7951800227165222 0.538362979888916 34.64997863769531 
0.9552669525146484 -0.17260804772377014 0.24014894664287567 -1317.3258056640625 
0.0 0.0 0.0 1.0
-0.07409626990556717 0.6261056661605835 0.7762096524238586 -71.61924743652344 
-0.17328529059886932 -0.7745921015739441 0.6082592010498047 -17.61185646057129 
0.9820803999900818 -0.08943595737218857 0.16588929295539856 -1290.3109130859375 
0.0 0.0 0.0 1.0
-0.05785642936825752 0.6739324927330017 0.7365240454673767 -0.12114715576171875 
-0.029067663475871086 -0.7385842204093933 0.6735342144966125 93.06538391113281 
0.9979016780853271 0.017559289932250977 0.062321487814188004 -1334.870361328125 
0.0 0.0 0.0 1.0
-0.04673255980014801 0.6983373761177063 0.7142415642738342 -87.96324157714844 
0.038672953844070435 -0.7132218480110168 0.6998707056045532 121.97036743164062 
0.9981585741043091 0.06032856926321983 0.006323914509266615 -1305.846435546875 
0.0 0.0 0.0 1.0
-0.06923820078372955 0.6374478936195374 0.767376184463501 -78.99148559570312 
-0.1428753137588501 -0.7676286101341248 0.6247663497924805 -48.2679328918457 
0.9873158931732178 -0.06638142466545105 0.14422480762004852 -1298.4512939453125 
0.0 0.0 0.0 1.0
-0.10095378756523132 0.5773831605911255 0.8102079629898071 -17.029579162597656 
-0.29749995470046997 -0.7946261763572693 0.5292097926139832 -36.64787673950195 
0.9493693113327026 -0.18761108815670013 0.25199198722839355 -1320.0556640625 
0.0 0.0 0.0 1.0
-0.09131314605474472 0.5910061597824097 0.8014822006225586 -66.27257537841797 
-0.2782198190689087 -0.7879353761672974 0.5493192076683044 -113.15187072753906 
0.9561672210693359 -0.17282815277576447 0.23637846112251282 -1299.8372802734375 
0.0 0.0 0.0 1.0
