DataSet: 1
-0.3515625 2.548828125 31.46484375 3.955078125 1.14486367965161 2.28515625 -95.537109375
654.562 487.628 -29.284 816.756
-0.2025013 -0.04178292 0.9783902 654.5618 -0.02373367 0.9990053 0.03775105 487.6282 -0.9789944 -0.01557616 -0.2032915 -29.28362 0 0 0 1
DataSet: 2
-0.439453125 1.845703125 3.603515625 3.8671875 1.14486367965161 2.28515625 -95.537109375
691.810 371.011 -24.081 785.385
-0.1874604 -0.04153907 0.9813935 691.8095 -0.02373367 0.9990053 0.03775105 371.0108 -0.9819854 -0.01621524 -0.1882598 -24.0807 0 0 0 1
DataSet: 3
-0.52734375 -3.8671875 2.548828125 3.8671875 1.14486367965161 2.28515625 -95.537109375
692.445 366.342 20.712 783.655
-0.08725139 -0.03968749 0.9953954 692.4452 -0.02373367 0.9990053 0.03775105 366.3421 -0.9959036 -0.02033056 -0.08810653 20.71153 0 0 0 1
DataSet: 4
-0.52734375 -8.173828125 6.85546875 3.8671875 1.2593478587669 2.28515625 -95.537109375
688.341 385.350 52.642 790.619
-0.01222251 -0.03788051 0.9992075 688.3405 -0.02572187 0.9989634 0.03755663 385.3504 -0.9995944 -0.02524246 -0.0131842 52.6416 0 0 0 1
DataSet: 5
-0.52734375 -13.359375 9.052734375 3.8671875 1.14486367965161 2.28515625 -95.537109375
680.584 395.012 92.068 792.279
0.07818082 -0.03579132 0.9962965 680.5844 -0.02373367 0.9990053 0.03775105 395.0117 -0.9966567 -0.02659718 0.07725359 92.06808 0 0 0 1
DataSet: 6
-0.52734375 -15.64453125 -4.5703125 3.8671875 1.14486367965161 2.28515625 -95.537109375
678.930 334.807 109.663 764.897
0.1178583 -0.03470235 0.9924239 678.9303 -0.02373367 0.9990053 0.03775105 334.8071 -0.9927468 -0.02800314 0.1169174 109.6626 0 0 0 1
DataSet: 7
-0.52734375 -13.095703125 -10.8984375 3.8671875 1.14486367965161 2.28515625 -95.537109375
679.615 307.023 89.770 751.132
0.07359345 -0.03591334 0.9966415 679.6154 -0.02373367 0.9990053 0.03775105 307.023 -0.9970059 -0.02643219 0.07266789 89.77014 0 0 0 1
DataSet: 8
-0.52734375 -5.537109375 -10.546875 3.955078125 1.14486367965161 2.28515625 -95.537109375
687.702 308.554 32.867 754.467
-0.05972308 -0.03911107 0.9974485 687.7023 -0.02373367 0.9990053 0.03775105 308.5544 -0.9979328 -0.02141851 -0.06059192 32.86747 0 0 0 1
DataSet: 9
-0.52734375 3.69140625 -10.458984375 3.8671875 1.14486367965161 2.28515625 -95.537109375
687.089 308.937 -36.904 754.252
-0.2174944 -0.04201692 0.9751568 687.0894 -0.02373367 0.9990053 0.03775105 308.9374 -0.975773 -0.01493341 -0.2182753 -36.90356 0 0 0 1
DataSet: 10
-0.52734375 10.72265625 0.52734375 3.8671875 1.14486367965161 2.28515625 -95.537109375
683.172 357.384 -90.370 776.282
-0.3353038 -0.04352894 0.9411039 683.1717 -0.02373367 0.9990053 0.03775105 357.3842 -0.9418111 -0.009677782 -0.3360034 -90.36963 0 0 0 1
DataSet: 11
-0.52734375 11.337890625 14.326171875 3.8671875 1.14486367965161 2.28515625 -95.537109375
674.404 417.897 -93.493 798.873
-0.3453973 -0.04363035 0.9374418 674.4036 -0.02373367 0.9990053 0.03775105 417.8967 -0.9381564 -0.009209825 -0.3460893 -93.49322 0 0 0 1
DataSet: 12
-0.439453125 17.2265625 19.51171875 3.955078125 1.14486367965161 2.28515625 -95.537109375
655.665 439.882 -135.375 801.074
-0.4425779 -0.04435918 0.8956322 655.6649 -0.02373367 0.9990053 0.03775105 439.8824 -0.8964159 -0.004548861 -0.4431905 -135.3752 0 0 0 1
DataSet: 13
-0.439453125 21.533203125 5.361328125 3.8671875 1.2593478587669 2.28515625 -95.537109375
656.580 378.764 -170.479 776.932
-0.5073023 -0.04541597 0.8605706 656.5801 -0.02572187 0.9989634 0.03755663 378.7644 -0.8613842 -0.003082925 -0.5079446 -170.4792 0 0 0 1
DataSet: 14
-0.3515625 26.455078125 11.337890625 3.8671875 1.2593478587669 2.28515625 -95.537109375
636.534 404.967 -203.674 781.445
-0.5805852 -0.04551169 0.8129265 636.5341 -0.02572187 0.9989634 0.03755663 404.9666 -0.8137931 0.0008948259 -0.581154 -203.6743 0 0 0 1
DataSet: 15
-0.439453125 9.931640625 -3.33984375 3.8671875 1.2593478587669 2.28515625 -95.537109375
683.702 340.234 -86.106 768.519
-0.3237097 -0.04386812 0.9451389 683.7015 -0.02572187 0.9989634 0.03755663 340.234 -0.9458067 -0.0121533 -0.3245025 -86.10638 0 0 0 1
DataSet: 16
-0.52734375 2.4609375 2.197265625 3.955078125 1.2593478587669 2.28515625 -95.537109375
691.761 364.770 -28.620 782.566
-0.1979888 -0.04191558 0.9793077 691.7607 -0.02572187 0.9989634 0.03755663 364.77 -0.9798667 -0.01775384 -0.1988617 -28.62021 0 0 0 1
DataSet: 17
-0.439453125 13.7109375 2.373046875 3.8671875 1.2593478587669 2.28515625 -95.537109375
677.171 365.549 -114.287 777.977
-0.385347 -0.04457379 0.9216946 677.171 -0.02572187 0.9989634 0.03755663 365.5486 -0.9224132 -0.009235379 -0.3860941 -114.2875 0 0 0 1
DataSet: 18
-0.439453125 20.56640625 14.765625 3.8671875 1.2593478587669 2.28515625 -95.537109375
652.600 419.767 -161.158 792.504
-0.492696 -0.04535749 0.8690186 652.5997 -0.02572187 0.9989634 0.03755663 419.7675 -0.8698213 -0.00384879 -0.4933519 -161.1579 0 0 0 1
DataSet: 19
-0.52734375 -9.140625 11.07421875 3.8671875 1.2593478587669 2.28515625 -95.537109375
684.558 403.820 59.474 797.011
0.004645377 -0.03744921 0.9992877 684.5576 -0.02572187 0.9989634 0.03755663 403.82 -0.9996583 -0.02587802 0.003677299 59.47392 0 0 0 1
DataSet: 20
-0.52734375 1.318359375 -8.61328125 3.8671875 1.2593478587669 2.28515625 -95.537109375
689.641 316.991 -19.663 759.259
-0.1769014 -0.04152467 0.9833522 689.6406 -0.02572187 0.9989634 0.03755663 316.9914 -0.9838924 -0.01864984 -0.1777861 -19.6629 0 0 0 1
DataSet: 21
-9.140625 1.318359375 -6.064453125 3.8671875 1.2593478587669 2.28515625 -95.537109375
686.237 328.197 84.039 765.309
-0.02755405 -0.03826326 0.9988877 686.2372 -0.02572187 0.9989634 0.03755663 328.1972 -0.9992893 -0.02465843 -0.0285097 84.03899 0 0 0 1
DataSet: 22
-6.416015625 9.931640625 7.91015625 3.8671875 1.2593478587669 2.28515625 -95.537109375
686.969 389.987 -14.328 790.077
-0.2234712 -0.04236426 0.9737895 686.9692 -0.02572187 0.9989634 0.03755663 389.9871 -0.9743711 -0.01665487 -0.2243293 -14.32848 0 0 0 1
DataSet: 23
-18.45703125 17.490234375 5.361328125 3.955078125 1.2593478587669 2.28515625 -95.537109375
678.787 378.764 71.632 780.606
-0.1481542 -0.04096355 0.9881155 678.7875 -0.02572187 0.9989634 0.03755663 378.7644 -0.9886297 -0.01985201 -0.1490542 71.63194 0 0 0 1
DataSet: 24
-24.9609375 17.40234375 12.12890625 3.955078125 1.2593478587669 2.28515625 -95.537109375
661.723 408.400 148.127 791.586
-0.03368506 -0.03841384 0.998694 661.7227 -0.02572187 0.9989634 0.03755663 408.4 -0.9991015 -0.02442318 -0.03463822 148.127 0 0 0 1
DataSet: 25
-19.51171875 17.40234375 -0.615234375 3.8671875 1.2593478587669 2.28515625 -95.537109375
678.468 352.304 85.012 769.197
-0.1268901 -0.0405278 0.9910885 678.4682 -0.02572187 0.9989634 0.03755663 352.3042 -0.9915832 -0.02072709 -0.127801 85.01219 0 0 0 1
DataSet: 26
-10.01953125 17.40234375 9.31640625 3.8671875 1.2593478587669 2.28515625 -95.537109375
679.890 396.151 -27.611 787.368
-0.2886778 -0.04339107 0.9564425 679.8902 -0.02572187 0.9989634 0.03755663 396.1507 -0.9570807 -0.01375973 -0.2894947 -27.61146 0 0 0 1
DataSet: 27
12.48046875 -7.03125 10.634765625 3.8671875 1.2593478587669 2.28515625 -95.537109375
678.932 401.907 -112.057 796.891
-0.2562204 -0.04290209 0.9656658 678.9322 -0.02572187 0.9989634 0.03755663 401.9067 -0.9662761 -0.01521596 -0.2570583 -112.0567 0 0 0 1
DataSet: 28
12.48046875 -17.578125 -6.767578125 3.8671875 1.2593478587669 2.28515625 -95.537109375
684.698 325.100 -31.982 758.633
-0.07502461 -0.03939215 0.9964033 684.6981 -0.02572187 0.9989634 0.03755663 325.0997 -0.9968499 -0.02281169 -0.07596008 -31.98237 0 0 0 1
DataSet: 29
7.646484375 -17.578125 -5.185546875 3.8671875 1.2593478587669 2.28515625 -95.537109375
685.677 332.075 25.956 762.299
0.009245683 -0.03732972 0.9992602 685.6771 -0.02572187 0.9989634 0.03755663 332.0747 -0.9996264 -0.02605008 0.008275908 25.95608 0 0 0 1
DataSet: 30
17.841796875 -16.875 -3.8671875 3.8671875 1.2593478587669 2.28515625 -95.537109375
679.652 337.901 -101.199 765.732
-0.1799191 -0.04158169 0.9828022 679.652 -0.02572187 0.9989634 0.03755663 337.9008 -0.983345 -0.01852236 -0.1808022 -101.1987 0 0 0 1
DataSet: 31
15.908203125 -24.78515625 -2.98828125 3.8671875 1.2593478587669 2.28515625 -95.537109375
679.920 341.790 -17.758 761.201
-0.009155737 -0.03780289 0.9992433 679.9202 -0.02572187 0.9989634 0.03755663 341.7901 -0.9996272 -0.02535855 -0.01011861 -17.7575 0 0 0 1
DataSet: 32
-7.822265625 23.5546875 16.259765625 3.8671875 1.2593478587669 2.28515625 -95.537109375
659.865 426.150 -97.034 791.480
-0.4245984 -0.04492923 0.9042663 659.8646 -0.02572187 0.9989634 0.03755663 426.1497 -0.9050163 -0.00731294 -0.4253139 -97.03379 0 0 0 1
DataSet: 33
-9.755859375 16.962890625 -5.9765625 3.8671875 1.2593478587669 2.28515625 -95.537109375
682.263 328.585 -27.691 757.772
-0.2857402 -0.04334865 0.9573262 682.2634 -0.02572187 0.9989634 0.03755663 328.5847 -0.9579619 -0.01389279 -0.286559 -27.69128 0 0 0 1
DataSet: 34
-19.072265625 16.962890625 3.076171875 3.955078125 1.2593478587669 2.28515625 -95.537109375
678.743 368.662 82.975 776.845
-0.128411 -0.04055955 0.9908913 678.7429 -0.02572187 0.9989634 0.03755663 368.6621 -0.9913874 -0.0206649 -0.1293212 82.97453 0 0 0 1
DataSet: 35
-24.169921875 28.125 1.494140625 3.955078125 1.2593478587669 2.28515625 -95.537109375
668.240 361.655 57.611 762.009
-0.2324296 -0.04251575 0.9716835 668.2404 -0.02572187 0.9989634 0.03755663 361.6546 -0.9722731 -0.01626425 -0.2332823 57.61113 0 0 0 1
DataSet: 36
5.44921875 -5.888671875 -4.482421875 3.955078125 1.2593478587669 2.28515625 -95.537109375
690.940 335.181 -36.930 768.835
-0.157247 -0.04114453 0.9867018 690.9399 -0.02572187 0.9989634 0.03755663 335.1807 -0.9872243 -0.01947415 -0.1581423 -36.93046 0 0 0 1
DataSet: 37
-4.5703125 -7.119140625 13.0078125 3.8671875 1.2593478587669 2.28515625 -95.537109375
679.726 412.203 92.166 800.271
0.03990468 -0.03651307 0.9985361 679.7263 -0.02572187 0.9989634 0.03755663 412.2029 -0.9988723 -0.02718291 0.03892412 92.16563 0 0 0 1
DataSet: 38
0.3515625 -15.64453125 -8.61328125 3.955078125 1.2593478587669 2.28515625 -95.537109375
678.714 316.991 97.812 755.449
0.1010812 -0.03477748 0.9942701 678.7139 -0.02572187 0.9989634 0.03755663 316.9914 -0.9945456 -0.02937076 0.1000818 97.81237 0 0 0 1
DataSet: 39
16.435546875 -18.984375 -5.009765625 3.955078125 1.2593478587669 2.28515625 -95.537109375
681.690 332.851 -68.551 761.703
-0.1208034 -0.04039986 0.991854 681.6904 -0.02572187 0.9989634 0.03755663 332.8509 -0.9923431 -0.02097538 -0.1217174 -68.55075 0 0 0 1
DataSet: 40
-10.283203125 15.380859375 10.1953125 3.8671875 1.2593478587669 2.28515625 -95.537109375
681.548 399.991 -9.209 790.307
-0.2502866 -0.04280792 0.967225 681.5478 -0.02572187 0.9989634 0.03755663 399.9907 -0.9678301 -0.01547892 -0.2511283 -9.209149 0 0 0 1
DataSet: 41
13.88671875 -7.734375 -1.142578125 3.8671875 1.2593478587669 2.28515625 -95.537109375
681.064 349.967 -123.872 775.673
-0.2680588 -0.04308558 0.9624386 681.0639 -0.02572187 0.9989634 0.03755663 349.9667 -0.9630591 -0.01468834 -0.2688892 -123.8724 0 0 0 1
