0.49203646183013916 0.5996607542037964 -0.631115734577179 2.647624969482422 
-0.8695109486579895 0.3743301331996918 -0.3222229778766632 28.952939987182617 
0.043021172285079956 0.7073075175285339 0.7055956721305847 -1190.345703125 
0.0 0.0 0.0 1.0
0.473233163356781 0.6049659848213196 -0.6403643488883972 3.0998547077178955 
-0.8805697560310364 0.34584033489227295 -0.32402363419532776 16.425474166870117 
0.025440573692321777 0.7172242403030396 0.6963778734207153 -1188.28662109375 
0.0 0.0 0.0 1.0
0.4539255201816559 0.6112860441207886 -0.6482908129692078 3.225461721420288 
-0.8910194635391235 0.31629717350006104 -0.32563847303390503 3.7269279956817627 
0.005994290113449097 0.7254553437232971 0.6882431507110596 -1186.42578125 
0.0 0.0 0.0 1.0
0.43564432859420776 0.6150707006454468 -0.6571925282478333 3.1631898880004883 
-0.9000348448753357 0.2876797914505005 -0.32737991213798523 -8.537500381469727 
-0.012300759553909302 0.7341173887252808 0.6789111495018005 -1184.9632568359375 
0.0 0.0 0.0 1.0
0.41566428542137146 0.619555652141571 -0.6658632755279541 2.731560230255127 
-0.9089537262916565 0.2571839690208435 -0.3281151056289673 -21.59147071838379 
-0.03203621506690979 0.7416247129440308 0.6700496077537537 -1183.7088623046875 
0.0 0.0 0.0 1.0
0.4012599587440491 0.6209827661514282 -0.673328161239624 2.2501587867736816 
-0.9147725105285645 0.23419690132141113 -0.3291550278663635 -31.344369888305664 
-0.046708252280950546 0.7480188012123108 0.662031888961792 -1182.99658203125 
0.0 0.0 0.0 1.0
0.38228389620780945 0.6243541836738586 -0.6812054514884949 1.4263625144958496 
-0.9216598272323608 0.20470023155212402 -0.3296072781085968 -43.619773864746094 
-0.06634876132011414 0.7538432478904724 0.6536957621574402 -1182.3104248046875 
0.0 0.0 0.0 1.0
0.36475691199302673 0.6267829537391663 -0.6885459423065186 0.41693115234375 
-0.9273003935813904 0.1777748167514801 -0.3294086456298828 -54.86717987060547 
-0.0840616226196289 0.7586430311203003 0.6460607051849365 -1181.9488525390625 
0.0 0.0 0.0 1.0
0.3565985858440399 0.6283180117607117 -0.6914143562316895 -0.08655998110771179 
-0.9296621680259705 0.16533048450946808 -0.32923248410224915 -59.94750213623047 
-0.0925508439540863 0.7601856589317322 0.6430801749229431 -1181.853271484375 
0.0 0.0 0.0 1.0
0.3461296856403351 0.6287176012992859 -0.6963536739349365 -0.8619481325149536 
-0.9324871897697449 0.14885690808296204 -0.32910364866256714 -66.80271911621094 
-0.1032562181353569 0.763253390789032 0.6377949118614197 -1181.8074951171875 
0.0 0.0 0.0 1.0
0.32818737626075745 0.6299334168434143 -0.7039012312889099 -2.3671441078186035 
-0.9366841316223145 0.12067641317844391 -0.32872483134269714 -78.23457336425781 
-0.12213048338890076 0.7672164440155029 0.6296530961990356 -1181.8487548828125 
0.0 0.0 0.0 1.0
0.305328905582428 0.6298007369041443 -0.7142305970191956 -4.496222019195557 
-0.9410801529884338 0.0850420892238617 -0.32731640338897705 -92.74797058105469 
-0.14540447294712067 0.7720873951911926 0.618658721446991 -1182.279296875 
0.0 0.0 0.0 1.0
0.285160094499588 0.6288939118385315 -0.7233092188835144 -6.767276763916016 
-0.9438149333000183 0.0527377724647522 -0.32623928785324097 -105.65479278564453 
-0.16702421009540558 0.7757004499435425 0.6085981726646423 -1182.9595947265625 
0.0 0.0 0.0 1.0
0.2656855881214142 0.6279497146606445 -0.7314985990524292 -9.190185546875 
-0.9456609487533569 0.0222226083278656 -0.3243940472602844 -117.98234558105469 
-0.18744733929634094 0.7779365181922913 0.5997318029403687 -1183.95849609375 
0.0 0.0 0.0 1.0
0.24030622839927673 0.6241291165351868 -0.7434486150741577 -12.783306121826172 
-0.946831226348877 -0.018078003078699112 -0.32122254371643066 -134.13818359375 
-0.213924378156662 0.7811120748519897 0.5866006016731262 -1185.6732177734375 
0.0 0.0 0.0 1.0
0.220071479678154 0.6202495098114014 -0.7529004812240601 -16.003463745117188 
-0.9467498660087585 -0.05014286935329437 -0.31804168224334717 -147.0175018310547 
-0.23501776158809662 0.7828002572059631 0.5761860609054565 -1187.366455078125 
0.0 0.0 0.0 1.0
0.2004312127828598 0.6167078614234924 -0.7612481713294983 -19.354652404785156 
-0.9455419182777405 -0.08164244890213013 -0.3150952458381653 -159.3253173828125 
-0.2564719021320343 0.7829469442367554 0.566759467124939 -1189.335693359375 
0.0 0.0 0.0 1.0
0.1791040450334549 0.6118878722190857 -0.7703992128372192 -23.319541931152344 
-0.943367063999176 -0.11545201390981674 -0.31101346015930176 -172.5568389892578 
-0.27924948930740356 0.7824730277061462 0.5565569400787354 -1191.7926025390625 
0.0 0.0 0.0 1.0
0.1572919636964798 0.6062242984771729 -0.7795840501785278 -27.700502395629883 
-0.9401000142097473 -0.1498437076807022 -0.3062005639076233 -185.92771911621094 
-0.30244195461273193 0.781049907207489 0.5463423132896423 -1194.6689453125 
0.0 0.0 0.0 1.0
0.13381655514240265 0.5986784100532532 -0.7897324562072754 -32.84774398803711 
-0.9350711107254028 -0.18766309320926666 -0.300706684589386 -200.46856689453125 
-0.32823026180267334 0.7786955237388611 0.5346944332122803 -1198.240234375 
0.0 0.0 0.0 1.0
0.11360950767993927 0.5915669798851013 -0.798211395740509 -37.641780853271484 
-0.929436445236206 -0.22059954702854156 -0.2957766056060791 -212.8070831298828 
-0.3510567247867584 0.7754898071289062 0.5247616767883301 -1201.6956787109375 
0.0 0.0 0.0 1.0
0.09175209701061249 0.5823437571525574 -0.8077483177185059 -43.165035247802734 
-0.9225761890411377 -0.2555575668811798 -0.28903889656066895 -226.0828857421875 
-0.374746173620224 0.7717292904853821 0.51380854845047 -1205.7904052734375 
0.0 0.0 0.0 1.0
0.06891055405139923 0.5724445581436157 -0.8170425891876221 -49.37018966674805 
-0.913816511631012 -0.2923523187637329 -0.2819034457206726 -239.9160614013672 
-0.40023836493492126 0.7660531401634216 0.502963125705719 -1210.6151123046875 
0.0 0.0 0.0 1.0
0.0458560548722744 0.5606560707092285 -0.8267781734466553 -56.1105842590332 
-0.9034373164176941 -0.3298898935317993 -0.27381327748298645 -253.7913055419922 
-0.4262608289718628 0.7594981789588928 0.4913901090621948 -1215.9434814453125 
0.0 0.0 0.0 1.0
0.022933466359972954 0.5486772060394287 -0.835719645023346 -63.19578170776367 
-0.8913585543632507 -0.36732280254364014 -0.2656196653842926 -267.296875 
-0.4527183473110199 0.7510174512863159 0.480644166469574 -1221.7164306640625 
0.0 0.0 0.0 1.0
