DataSet: 1
-14.853515625 -12.919921875 37.44140625 3.8671875 1.25931342353891 2.109375 -95.537109375
595.885 509.493 231.486 817.464
0.3150686 -0.02474941 0.9487461 595.8851 -0.02542554 0.999081 0.03450602 509.4926 -0.9487283 -0.03499414 0.3141498 231.4863 0 0 0 1
DataSet: 2
-13.0078125 -12.919921875 37.44140625 3.8671875 1.25931342353891 2.109375 -95.537109375
603.032 509.493 212.174 817.464
0.2843485 -0.02586366 0.9583721 603.0317 -0.02542554 0.999081 0.03450602 509.4926 -0.9583838 -0.03417886 0.2834296 212.174 0 0 0 1
DataSet: 3
-10.986328125 -12.744140625 37.353515625 3.8671875 1.25931342353891 2.109375 -95.537109375
610.792 509.183 189.758 817.522
0.2473949 -0.02715507 0.9685341 610.7924 -0.02542554 0.999081 0.03450602 509.1831 -0.9685811 -0.03316211 0.2464771 189.7581 0 0 0 1
DataSet: 4
-8.96484375 -12.919921875 37.353515625 3.8671875 1.25931342353891 2.109375 -95.537109375
616.710 509.183 169.218 817.455
0.2160704 -0.02820906 0.9759702 616.7098 -0.02542554 0.999081 0.03450602 509.1831 -0.9760467 -0.0322703 0.2151546 169.2177 0 0 0 1
DataSet: 5
-6.85546875 -12.744140625 37.353515625 3.8671875 1.25931342353891 2.109375 -95.537109375
622.875 509.183 145.267 817.522
0.1769808 -0.02947334 0.9837729 622.8748 -0.02542554 0.999081 0.03450602 509.1831 -0.9838858 -0.03111986 0.1760688 145.2669 0 0 0 1
DataSet: 6
-5.09765625 -12.919921875 37.265625 3.8671875 1.25931342353891 2.109375 -95.537109375
626.943 508.873 127.312 817.446
0.14975 -0.03032127 0.9882588 626.9429 -0.02542554 0.999081 0.03450602 508.8732 -0.9883969 -0.03029429 0.1488415 127.3121 0 0 0 1
DataSet: 7
-2.98828125 -12.83203125 37.265625 3.8671875 1.25931342353891 2.109375 -95.537109375
631.343 508.873 103.571 817.480
0.1117447 -0.03146046 0.9932388 631.3431 -0.02542554 0.999081 0.03450602 508.8732 -0.9934117 -0.02910949 0.1108421 103.5705 0 0 0 1
DataSet: 8
-1.0546875 -12.919921875 37.265625 3.8671875 1.25931342353891 2.109375 -95.537109375
634.359 508.873 82.793 817.446
0.07969088 -0.0323817 0.9962935 634.3588 -0.02542554 0.999081 0.03450602 508.8732 -0.9964953 -0.02808111 0.07879432 82.79292 0 0 0 1
DataSet: 9
-0.087890625 -13.0078125 37.265625 3.8671875 1.14483237471187 2.109375 -95.537109375
635.441 508.888 73.363 817.395
0.06440388 -0.03312878 0.9973739 635.4413 -0.02343738 0.9991229 0.03470031 508.8881 -0.9976487 -0.02561066 0.06357095 73.36329 0 0 0 1
DataSet: 10
1.0546875 -12.919921875 37.177734375 3.8671875 1.25931342353891 2.109375 -95.537109375
637.207 508.563 59.436 817.436
0.04295865 -0.03339335 0.9985186 637.207 -0.02542554 0.999081 0.03450602 508.5629 -0.9987532 -0.0268702 0.04207013 59.4363 0 0 0 1
DataSet: 11
3.1640625 -12.919921875 37.177734375 3.8671875 1.25931342353891 2.109375 -95.537109375
638.963 508.563 35.942 817.436
0.006168207 -0.03435973 0.9993905 638.963 -0.02542554 0.999081 0.03450602 508.5629 -0.9996577 -0.02562288 0.005288924 35.9422 0 0 0 1
DataSet: 12
5.361328125 -12.83203125 37.265625 3.8671875 1.25931342353891 2.109375 -95.537109375
639.691 508.873 10.794 817.480
-0.03369598 -0.03535407 0.9988066 639.6909 -0.02542554 0.999081 0.03450602 508.8732 -0.9991087 -0.02423248 -0.03456391 10.79355 0 0 0 1
DataSet: 13
7.119140625 -12.919921875 37.265625 3.8671875 1.25931342353891 2.109375 -95.537109375
639.686 508.873 -8.239 817.446
-0.0627972 -0.03604523 0.9973752 639.6858 -0.02542554 0.999081 0.03450602 508.8732 -0.9977024 -0.02319192 -0.06365597 -8.239259 0 0 0 1
DataSet: 14
8.876953125 -13.0078125 37.177734375 3.8671875 1.25931342353891 2.109375 -95.537109375
639.349 508.563 -27.245 817.402
-0.09184509 -0.03670577 0.9950966 639.3492 -0.02542554 0.999081 0.03450602 508.5629 -0.9954486 -0.02213166 -0.09269395 -27.2452 0 0 0 1
DataSet: 15
11.25 -13.0078125 37.177734375 3.955078125 1.25931342353891 2.109375 -95.537109375
637.654 508.563 -53.882 817.399
-0.1345032 -0.03762221 0.9901987 637.6538 -0.02542554 0.999081 0.03450602 508.5629 -0.9905869 -0.02053516 -0.1353362 -53.88203 0 0 0 1
DataSet: 16
13.095703125 -13.0078125 37.08984375 3.955078125 1.25931342353891 2.109375 -95.537109375
635.823 508.252 -74.392 817.389
-0.1663383 -0.03826408 0.9853261 635.8228 -0.02542554 0.999081 0.03450602 508.2523 -0.9857409 -0.01931277 -0.1671583 -74.39201 0 0 0 1
DataSet: 17
14.94140625 -13.0078125 37.08984375 3.955078125 1.25931342353891 2.109375 -95.537109375
633.097 508.252 -94.832 817.389
-0.1980007 -0.03886626 0.979431 633.0969 -0.02542554 0.999081 0.03450602 508.2523 -0.979872 -0.01807034 -0.198807 -94.83202 0 0 0 1
DataSet: 18
16.875 -12.919921875 37.001953125 3.8671875 1.25931342353891 2.109375 -95.537109375
629.743 507.941 -116.564 817.415
-0.23095 -0.03945384 0.9721653 629.7429 -0.02542554 0.999081 0.03450602 507.9413 -0.9726334 -0.01674866 -0.2317409 -116.5637 0 0 0 1
DataSet: 19
18.896484375 -13.0078125 37.001953125 3.955078125 1.25931342353891 2.109375 -95.537109375
625.282 507.941 -138.298 817.379
-0.2651152 -0.04002009 0.9633859 625.2817 -0.02542554 0.999081 0.03450602 507.9413 -0.9638814 -0.01534653 -0.2658891 -138.2977 0 0 0 1
DataSet: 20
21.09375 -13.0078125 37.001953125 3.8671875 1.25931342353891 2.109375 -95.537109375
619.570 507.941 -161.988 817.381
-0.3004134 -0.04055783 0.9529464 619.5704 -0.02542554 0.999081 0.03450602 507.9413 -0.9534702 -0.0138631 -0.3011685 -161.9879 0 0 0 1
DataSet: 21
22.939453125 -13.0078125 37.001953125 3.8671875 1.25931342353891 2.109375 -95.537109375
614.032 507.941 -181.859 817.381
-0.3309669 -0.04098329 0.9427519 614.0316 -0.02542554 0.999081 0.03450602 507.9413 -0.9432998 -0.01254962 -0.3317048 -181.8589 0 0 0 1
DataSet: 22
24.9609375 -12.919921875 37.001953125 3.8671875 1.25931342353891 2.109375 -95.537109375
607.087 507.941 -203.983 817.415
-0.3654629 -0.04141744 0.929904 607.0865 -0.02542554 0.999081 0.03450602 507.9413 -0.9304786 -0.01103264 -0.3661801 -203.9834 0 0 0 1
DataSet: 23
27.0703125 -12.83203125 37.001953125 3.8671875 1.25931342353891 2.109375 -95.537109375
598.997 507.941 -226.762 817.449
-0.4008688 -0.04180998 0.9151809 598.997 -0.02542554 0.999081 0.03450602 507.9413 -0.9157826 -0.009436578 -0.4015635 -226.7624 0 0 0 1
DataSet: 24
29.091796875 -12.919921875 37.001953125 3.8671875 1.25931342353891 2.109375 -95.537109375
590.815 507.941 -247.185 817.415
-0.4315402 -0.04210457 0.9011106 590.8155 -0.02542554 0.999081 0.03450602 507.9413 -0.9017354 -0.008020487 -0.4322141 -247.1848 0 0 0 1
DataSet: 25
31.11328125 -12.919921875 37.001953125 3.8671875 1.25931342353891 2.109375 -95.537109375
581.729 507.941 -267.871 817.415
-0.4630796 -0.04236129 0.8853038 581.7286 -0.02542554 0.999081 0.03450602 507.9413 -0.8859519 -0.006530289 -0.4637311 -267.8715 0 0 0 1
