DataSet_1
0.1449500322341919 0.9841305017471313 0.10235509276390076 85.27529907226562 
-0.9427028298377991 0.10594449192285538 0.3163653314113617 -63.14701843261719 
0.3005008399486542 -0.14234761893749237 0.9430993795394897 -1103.73486328125 
0.0 0.0 0.0 1.0

DataSet_2
0.14992079138755798 0.9815306067466736 0.11883368343114853 85.35830688476562 
-0.9454938173294067 0.10718835145235062 0.3074931204319 -63.21332550048828 
0.2890763282775879 -0.15845611691474915 0.9441009163856506 -1108.686767578125 
0.0 0.0 0.0 1.0

DataSet_3
0.15146389603614807 0.9797041416168213 0.1312955915927887 85.94705963134766 
-0.9308508038520813 0.09668731689453125 0.352375328540802 -64.11906433105469 
0.3325289487838745 -0.17558875679969788 0.9266029596328735 -1112.904541015625 
0.0 0.0 0.0 1.0

DataSet_3
0.15575693547725677 0.9771484136581421 0.1446402668952942 85.86466979980469 
-0.9277186393737793 0.09442074596881866 0.36114099621772766 -64.43582916259766 
0.33923131227493286 -0.19043567776679993 0.9212254881858826 -1117.1495361328125 
0.0 0.0 0.0 1.0

DataSet_3
0.16009439527988434 0.9744957089424133 0.157251238822937 85.82429504394531 
-0.9257498383522034 0.09293925762176514 0.36653730273246765 -64.47632598876953 
0.34257417917251587 -0.2042558789253235 0.9170182347297668 -1121.1705322265625 
0.0 0.0 0.0 1.0

DataSet_3
0.16679464280605316 0.9701241850852966 0.1761777698993683 85.60497283935547 
-0.9244401454925537 0.0917230024933815 0.3701315224170685 -64.63514709472656 
0.34291398525238037 -0.22460176050662994 0.9121206402778625 -1127.1453857421875 
0.0 0.0 0.0 1.0

DataSet_7
0.17316223680973053 0.9665365219116211 0.18926692008972168 85.3182144165039 
-0.9139019846916199 0.08604875206947327 0.3967098891735077 -64.82300567626953 
0.3671484589576721 -0.24166657030582428 0.8982200622558594 -1131.755126953125 
0.0 0.0 0.0 1.0

DataSet_8
0.17923761904239655 0.9617977738380432 0.20692728459835052 84.93743896484375 
-0.9163656830787659 0.08668206632137299 0.3908454179763794 -64.92127990722656 
0.35797736048698425 -0.2596752643585205 0.896895170211792 -1137.37890625 
0.0 0.0 0.0 1.0

DataSet_9
0.1825425624847412 0.9586901664733887 0.21815435588359833 84.59954071044922 
-0.9179781079292297 0.0867190882563591 0.3870348632335663 -65.15328979492188 
0.35212838649749756 -0.27091124653816223 0.8958865404129028 -1140.800048828125 
0.0 0.0 0.0 1.0

DataSet_10
0.1886821985244751 0.9534451365470886 0.23524729907512665 84.04119110107422 
-0.9179473519325256 0.08611128479242325 0.3872433006763458 -65.35896301269531 
0.3489578366279602 -0.28901058435440063 0.8914602398872375 -1146.2447509765625 
0.0 0.0 0.0 1.0

DataSet_11
0.19358882308006287 0.9486764669418335 0.2500726878643036 83.49381256103516 
-0.9188181757926941 0.0859544426202774 0.385207861661911 -65.51544952392578 
0.3439427614212036 -0.3043432831764221 0.8883009552955627 -1151.0291748046875 
0.0 0.0 0.0 1.0

DataSet_12
0.19939811527729034 0.9426878094673157 0.26754453778266907 82.69196319580078 
-0.91933274269104 0.08544909209012985 0.3840908408164978 -65.71016693115234 
0.33921629190444946 -0.3225494623184204 0.883682131767273 -1156.5880126953125 
0.0 0.0 0.0 1.0

DataSet_13
0.20514638721942902 0.9374172687530518 0.2813607454299927 81.94876098632812 
-0.917382001876831 0.08399223536252975 0.38904449343681335 -65.8836669921875 
0.3410649001598358 -0.33792632818222046 0.8772004246711731 -1161.2774658203125 
0.0 0.0 0.0 1.0

DataSet_14
0.2106260508298874 0.9315469264984131 0.29640671610832214 81.06768035888672 
-0.9167337417602539 0.08293015509843826 0.39079636335372925 -66.091552734375 
0.33946412801742554 -0.35403794050216675 0.8714478015899658 -1166.1907958984375 
0.0 0.0 0.0 1.0

DataSet_15
0.21478192508220673 0.9257541298866272 0.311204195022583 80.17337036132812 
-0.9184999465942383 0.08314473181962967 0.3865809738636017 -66.30186462402344 
0.3320039212703705 -0.36887165904045105 0.8681630492210388 -1170.868896484375 
0.0 0.0 0.0 1.0

DataSet_16
0.2187698483467102 0.9188311696052551 0.3284645974636078 79.0507583618164 
-0.921490490436554 0.08382969349622726 0.3792463541030884 -66.47517395019531 
0.3209282457828522 -0.38564470410346985 0.8650336265563965 -1176.1578369140625 
0.0 0.0 0.0 1.0

DataSet_17
0.222238689661026 0.9116595983505249 0.3456685245037079 77.80685424804688 
-0.9247246980667114 0.08472016453742981 0.37108856439590454 -66.68102264404297 
0.30902138352394104 -0.402118444442749 0.8618622422218323 -1181.497314453125 
0.0 0.0 0.0 1.0

DataSet_18
0.22587880492210388 0.9041253328323364 0.36267903447151184 76.48651123046875 
-0.9269260168075562 0.08495932072401047 0.3654996156692505 -66.87771606445312 
0.2996445298194885 -0.4187352657318115 0.8572478890419006 -1186.7364501953125 
0.0 0.0 0.0 1.0

DataSet_19
0.22898222506046295 0.897537887096405 0.3768194317817688 75.29032135009766 
-0.9286346435546875 0.08533444255590439 0.3610480725765228 -67.0318603515625 
0.2918986678123474 -0.4326011836528778 0.8530248403549194 -1191.2236328125 
0.0 0.0 0.0 1.0

DataSet_20
0.23199160397052765 0.890209972858429 0.3920537531375885 73.94548034667969 
-0.9304391145706177 0.08554980158805847 0.35632050037384033 -67.25361633300781 
0.2836599349975586 -0.44744551181793213 0.8481329679489136 -1195.9267578125 
0.0 0.0 0.0 1.0

DataSet_21
0.23616236448287964 0.882692277431488 0.4063025712966919 72.52367401123047 
-0.9305164813995361 0.08497298508882523 0.3562565743923187 -67.4962387084961 
0.2799401879310608 -0.4622056186199188 0.8414270281791687 -1200.621337890625 
0.0 0.0 0.0 1.0

DataSet_22
0.23934808373451233 0.8739690780639648 0.4229545593261719 70.800537109375 
-0.9321760535240173 0.08499476313591003 0.35188591480255127 -67.69905853271484 
0.2715884745121002 -0.47849133610725403 0.8350363969802856 -1205.95166015625 
0.0 0.0 0.0 1.0

DataSet_23
0.24688448011875153 0.8647413849830627 0.43734458088874817 69.05574798583984 
-0.9290366768836975 0.08287343382835388 0.3605867028236389 -67.84857177734375 
0.2755700349807739 -0.49533241987228394 0.8238366842269897 -1211.0660400390625 
0.0 0.0 0.0 1.0

DataSet_24
0.24970559775829315 0.8560329675674438 0.45260870456695557 67.28556823730469 
-0.9304949045181274 0.08275818079710007 0.35683369636535645 -68.12616729736328 
0.2680043578147888 -0.5102534890174866 0.8171995282173157 -1215.83349609375 
0.0 0.0 0.0 1.0

DataSet_25
0.24956317245960236 0.8479594588279724 0.46763551235198975 65.57604217529297 
-0.9345064759254456 0.08432445675134659 0.34581348299980164 -68.228515625 
0.25380271673202515 -0.5233107209205627 0.8134679198265076 -1220.30126953125 
0.0 0.0 0.0 1.0

DataSet_26
0.24862657487392426 0.8381897211074829 0.4854099452495575 63.4411735534668 
-0.9391015768051147 0.08586430549621582 0.3327394723892212 -68.47673034667969 
0.2372194081544876 -0.538577139377594 0.808493435382843 -1225.5489501953125 
0.0 0.0 0.0 1.0

DataSet_27
0.24961043894290924 0.8290417194366455 0.5003843307495117 61.49681854248047 
-0.9412431716918945 0.08631961047649384 0.3265121281147003 -68.68305206298828 
0.22749921679496765 -0.5524841547012329 0.8018761277198792 -1230.037353515625 
0.0 0.0 0.0 1.0

DataSet_28
0.2571728229522705 0.8167933225631714 0.5164404511451721 58.950626373291016 
-0.9385945796966553 0.08392506092786789 0.33465924859046936 -68.89301300048828 
0.23000511527061462 -0.5707935094833374 0.7882210612297058 -1235.798583984375 
0.0 0.0 0.0 1.0

DataSet_29
0.25925254821777344 0.8063182830810547 0.5316380858421326 56.60594940185547 
-0.9398448467254639 0.08384255319833755 0.3311527371406555 -69.12890625 
0.22244055569171906 -0.5855094790458679 0.7795504331588745 -1240.698486328125 
0.0 0.0 0.0 1.0

DataSet_30
0.26452794671058655 0.7947189807891846 0.5463027358055115 54.11086654663086 
-0.9387179613113403 0.08238346874713898 0.3346961438655853 -69.35935974121094 
0.2209831029176712 -0.6013606786727905 0.7678097486495972 -1245.7025146484375 
0.0 0.0 0.0 1.0

DataSet_31
0.26781541109085083 0.783810019493103 0.5602826476097107 51.68865966796875 
-0.9389867782592773 0.0820748582482338 0.33401718735694885 -69.51899719238281 
0.21582092344760895 -0.6155529618263245 0.7579682469367981 -1250.3134765625 
0.0 0.0 0.0 1.0

DataSet_32
0.27125951647758484 0.7729021310806274 0.573620617389679 49.19762420654297 
-0.9388695359230042 0.08121112734079361 0.334557443857193 -69.75580596923828 
0.21199581027030945 -0.6293067932128906 0.747683584690094 -1254.8780517578125 
0.0 0.0 0.0 1.0

DataSet_33
0.27467626333236694 0.7620550394058228 0.5863659381866455 46.78614044189453 
-0.9387660026550293 0.0806083232164383 0.33499351143836975 -69.91131591796875 
0.2080175280570984 -0.6424751877784729 0.7375326156616211 -1259.1043701171875 
0.0 0.0 0.0 1.0

DataSet_34
0.2756693363189697 0.7502564191818237 0.6009339690208435 44.011409759521484 
-0.9404061436653137 0.08100447803735733 0.33026424050331116 -70.02772521972656 
0.19910456240177155 -0.6561657786369324 0.7278762459754944 -1263.8497314453125 
0.0 0.0 0.0 1.0

DataSet_35
0.2801418900489807 0.7369845509529114 0.6151213645935059 40.943206787109375 
-0.9397554993629456 0.07977553457021713 0.33240848779678345 -70.31104278564453 
0.1959082931280136 -0.6711852550506592 0.7149337530136108 -1268.783203125 
0.0 0.0 0.0 1.0

DataSet_36
0.28123798966407776 0.7264009118080139 0.6270939707756042 38.446746826171875 
-0.9407451748847961 0.07966397702693939 0.32962411642074585 -70.4688720703125 
0.18948246538639069 -0.6826384663581848 0.7057627439498901 -1272.6905517578125 
0.0 0.0 0.0 1.0

DataSet_37
0.27774423360824585 0.7134305834770203 0.6433311700820923 35.277679443359375 
-0.9446437954902649 0.08107179403305054 0.31792375445365906 -70.68321990966797 
0.17466050386428833 -0.6960203051567078 0.6964549422264099 -1277.3968505859375 
0.0 0.0 0.0 1.0

DataSet_38
0.2790735065937042 0.7004331350326538 0.6568952798843384 32.11958312988281 
-0.9455710649490356 0.08121225237846375 0.31511884927749634 -70.92377471923828 
0.1673717200756073 -0.7090825438499451 0.6849734783172607 -1281.9296875 
0.0 0.0 0.0 1.0

DataSet_39
0.27748554944992065 0.6864213347434998 0.6721811890602112 28.68813705444336 
-0.9479702115058899 0.08197391778230667 0.3076244592666626 -71.0400161743164 
0.1560586392879486 -0.7225691080093384 0.6734535098075867 -1286.6329345703125 
0.0 0.0 0.0 1.0

DataSet_40
0.2805387079715729 0.6726833581924438 0.6846861839294434 25.43353271484375 
-0.9476540088653564 0.08079350739717484 0.3089081943035126 -71.32508850097656 
0.15247924625873566 -0.7355062961578369 0.6601368188858032 -1290.974853515625 
0.0 0.0 0.0 1.0

DataSet_41
0.2812795341014862 0.6611965894699097 0.6954860687255859 22.59721565246582 
-0.9483182430267334 0.08059113472700119 0.306916207075119 -71.53675842285156 
0.14688195288181305 -0.7458714246749878 0.6496934294700623 -1294.65625 
0.0 0.0 0.0 1.0

DataSet_42
0.2780352234840393 0.6457841992378235 0.7110971808433533 18.652603149414062 
-0.9510954022407532 0.0813538208603859 0.29799163341522217 -71.74282836914062 
0.13458780944347382 -0.7591734528541565 0.6368216276168823 -1299.4609375 
0.0 0.0 0.0 1.0

DataSet_43
0.28354331851005554 0.6333792805671692 0.720023512840271 15.713523864746094 
-0.9494653940200806 0.08003009110689163 0.3034972846508026 -71.86882019042969 
0.13460536301136017 -0.769692063331604 0.6240637898445129 -1302.9266357421875 
0.0 0.0 0.0 1.0

DataSet_44
0.2851177453994751 0.6202565431594849 0.7307460308074951 12.484207153320312 
-0.9496611952781677 0.0795498639345169 0.3030107915401459 -72.04188537597656 
0.12981367111206055 -0.7803547978401184 0.6117146015167236 -1306.6121826171875 
0.0 0.0 0.0 1.0

DataSet_45
0.28431418538093567 0.6192936897277832 0.7318748235702515 12.223955154418945 
-0.9500015377998352 0.07919969409704208 0.3020339608192444 -72.1612548828125 
0.12908345460891724 -0.7811547517776489 0.610847532749176 -1306.8818359375 
0.0 0.0 0.0 1.0

DataSet_46
0.28029772639274597 0.6045907735824585 0.7455891370773315 8.444416046142578 
-0.9527760148048401 0.08068870007991791 0.29275813698768616 -72.30412292480469 
0.11683821678161621 -0.7924388647079468 0.5986563563346863 -1311.0810546875 
0.0 0.0 0.0 1.0

DataSet_47
0.2823883295059204 0.5876957774162292 0.7582021951675415 4.20411491394043 
-0.952759325504303 0.07968072593212128 0.2930881679058075 -72.57422637939453 
0.11183255910873413 -0.8051488399505615 0.5824335217475891 -1315.5606689453125 
0.0 0.0 0.0 1.0

DataSet_48
0.2776515483856201 0.5781896114349365 0.7672069072723389 1.6602020263671875 
-0.9552182555198669 0.0811038538813591 0.2845703959465027 -72.65100860595703 
0.10231221467256546 -0.8118614554405212 0.5748158097267151 -1318.13037109375 
0.0 0.0 0.0 1.0

DataSet_49
0.28028371930122375 0.5627861022949219 0.7776328325271606 -2.2070751190185547 
-0.954836368560791 0.08021696656942368 0.2860991358757019 -72.82630920410156 
0.0986332893371582 -0.8227010369300842 0.559852123260498 -1321.9273681640625 
0.0 0.0 0.0 1.0

DataSet_50
0.282509446144104 0.548413097858429 0.7870396971702576 -5.842018127441406 
-0.9545028209686279 0.07906164228916168 0.28753015398979187 -73.06584167480469 
0.09546066075563431 -0.8324615955352783 0.5457975268363953 -1325.4024658203125 
0.0 0.0 0.0 1.0

DataSet_51
0.2897312343120575 0.5230245590209961 0.8015616536140442 -12.237127304077148 
-0.9525801539421082 0.07621199637651443 0.2945892810821533 -73.47286987304688 
0.09298881143331528 -0.8489034175872803 0.5203037858009338 -1331.2843017578125 
0.0 0.0 0.0 1.0

DataSet_52
0.293040007352829 0.5092253684997559 0.8092076778411865 -15.707239151000977 
-0.9518210291862488 0.07539141923189163 0.2972419261932373 -73.59458923339844 
0.090355783700943 -0.8573246598243713 0.5067841410636902 -1334.260498046875 
0.0 0.0 0.0 1.0

DataSet_53
0.30637234449386597 0.4950179159641266 0.8130764365196228 -19.111116409301758 
-0.9470018744468689 0.07185782492160797 0.3130878210067749 -73.81546783447266 
0.09655816107988358 -0.865906298160553 0.49079814553260803 -1337.143798828125 
0.0 0.0 0.0 1.0

DataSet_54
0.31122922897338867 0.48030829429626465 0.8200246095657349 -22.858497619628906 
-0.9455946683883667 0.07043716311454773 0.3176308870315552 -73.97660827636719 
0.09480052441358566 -0.8742669224739075 0.47609904408454895 -1340.1973876953125 
0.0 0.0 0.0 1.0

DataSet_55
0.30995529890060425 0.46310165524482727 0.8303400278091431 -27.452919006347656 
-0.9467357397079468 0.07015679031610489 0.3142760694026947 -74.21504974365234 
0.0872877761721611 -0.8835241198539734 0.4601803421974182 -1343.8055419921875 
0.0 0.0 0.0 1.0

DataSet_56
0.31729018688201904 0.4524945318698883 0.8334120512008667 -30.10660743713379 
-0.9441519975662231 0.06834034621715546 0.32234543561935425 -74.34718322753906 
0.08890386670827866 -0.8891446590423584 0.44890737533569336 -1345.82666015625 
0.0 0.0 0.0 1.0

DataSet_57
0.31635335087776184 0.44500741362571716 0.8377881646156311 -32.02518844604492 
-0.9447488188743591 0.06786928325891495 0.32069218158721924 -74.53854370117188 
0.0858502984046936 -0.8929513692855835 0.4418908655643463 -1347.2667236328125 
0.0 0.0 0.0 1.0

DataSet_58
0.30997633934020996 0.43729981780052185 0.844205915927887 -34.306175231933594 
-0.9475841522216797 0.06976472586393356 0.3117966651916504 -74.520263671875 
0.07745283842086792 -0.8966057300567627 0.43600377440452576 -1348.9757080078125 
0.0 0.0 0.0 1.0

DataSet_59
0.30970609188079834 0.4300553798675537 0.8480179905891418 -36.18085479736328 
-0.9478949308395386 0.06959465146064758 0.31088876724243164 -74.62537384033203 
0.0746818408370018 -0.9001160860061646 0.4292011559009552 -1350.3096923828125 
0.0 0.0 0.0 1.0

DataSet_60
0.3088059723377228 0.41795042157173157 0.8543747663497925 -39.44671630859375 
-0.9485695362091064 0.06952890753746033 0.3088390827178955 -74.75650787353516 
0.06967568397521973 -0.905805230140686 0.41792598366737366 -1352.54345703125 
0.0 0.0 0.0 1.0

DataSet_61
0.3107012212276459 0.3972640037536621 0.8635079860687256 -44.9355354309082 
-0.9483630657196045 0.06857267022132874 0.30968573689460754 -74.98365783691406 
0.06381398439407349 -0.915138840675354 0.39805614948272705 -1356.324951171875 
0.0 0.0 0.0 1.0

DataSet_62
0.3118706941604614 0.3551141619682312 0.8812664747238159 -56.18889236450195 
-0.9487895369529724 0.06724722683429718 0.30866849422454834 -75.50830841064453 
0.05034983158111572 -0.9324010610580444 0.35790106654167175 -1363.3671875 
0.0 0.0 0.0 1.0

