DataSet: 1
1.669921875 -3.427734375 341.3671875 1.58203125 0.117712380021623 -26.982421875 -85.693359375 0.087890625
810.099 156.863 2.387 825.150
0.08835106 0.4060749 0.9095588 810.0994 -0.02596533 0.9137583 -0.4054277 156.8625 -0.9957509 0.01220297 0.09127538 2.387258 0 0 0 1
DataSet: 2
1.669921875 -3.427734375 341.3671875 1.58203125 0 -26.015625 -86.30859375 0
805.592 158.829 2.824 821.105
0.07901295 0.3905658 0.9171779 805.5919 -0.01865446 0.9204726 -0.3903617 158.8291 -0.996699 0.01373417 0.08001505 2.82361 0 0 0 1
DataSet: 3
1.669921875 -3.427734375 341.3671875 1.58203125 0.234408271276877 -24.9609375 -83.583984375 0.17578125
800.564 160.949 1.721 816.585
0.1233052 0.3736309 0.9193453 800.564 -0.03919179 0.9275257 -0.3716989 160.9494 -0.9915946 0.009801605 0.129012 1.721127 0 0 0 1
DataSet: 4
1.669921875 -3.427734375 341.3671875 1.58203125 0.116979840579772 -23.994140625 -83.056640625 0.087890625
795.953 162.769 2.178 812.429
0.1325091 0.3578939 0.9243124 795.9532 -0.03876343 0.9336934 -0.3559692 162.7694 -0.9904235 0.01133963 0.137596 2.178401 0 0 0 1
DataSet: 5
1.669921875 -3.33984375 341.3671875 1.58203125 0.116804921652741 -23.203125 -82.705078125 0.087890625
792.194 164.204 1.298 809.034
0.1372891 0.3449883 0.9285122 792.1937 -0.03930582 0.9385474 -0.3429051 164.2042 -0.9897509 0.0105812 0.1424124 1.297713 0 0 0 1
DataSet: 6
1.669921875 -3.33984375 341.3671875 1.58203125 0.116547735672916 -21.97265625 -82.529296875 0.087890625
786.281 166.327 1.202 803.682
0.1410722 0.3247568 0.9352174 786.281 -0.03772684 0.9457421 -0.3227206 166.3274 -0.9892802 0.0102441 0.1456699 1.202066 0 0 0 1
DataSet: 7
1.669921875 -3.33984375 341.3671875 1.58203125 0.11635798911913 -21.005859375 -80.859375 0.087890625
781.554 167.922 1.148 799.391
0.169115 0.3087551 0.9359863 781.5538 -0.04457306 0.9510893 -0.3056836 167.9223 -0.9845879 0.009975915 0.1746056 1.148365 0 0 0 1
DataSet: 8
1.669921875 -3.33984375 341.3671875 1.58203125 0.232294447042035 -19.86328125 -81.298828125 0.17578125
776.023 169.685 0.500 794.358
0.1628325 0.2897654 0.9431445 776.0229 -0.04129005 0.9570661 -0.2869139 169.6849 -0.9857894 0.007776436 0.1678059 0.4998585 0 0 0 1
DataSet: 9
1.669921875 -3.33984375 341.3671875 1.58203125 0.116024644025293 -19.16015625 -81.5625 0.087890625
772.586 170.705 0.987 791.221
0.159003 0.2779662 0.9473399 772.5859 -0.03630023 0.9605443 -0.2757479 170.7053 -0.9866105 0.0094561 0.1628197 0.9865757 0 0 0 1
DataSet: 10
1.669921875 -3.33984375 341.3671875 1.58203125 0.231701064220267 -18.10546875 -81.5625 0.17578125
767.419 172.175 0.345 786.497
0.1597286 0.2602756 0.9522308 767.4194 -0.03564155 0.9655071 -0.2579259 172.1751 -0.9865173 0.007259176 0.1634958 0.345044 0 0 0 1
DataSet: 11
1.669921875 -3.33984375 341.3671875 1.58203125 0.23140213709557 -17.138671875 -81.73828125 0.17578125
762.657 173.432 0.259 782.128
0.1574178 0.2439501 0.9569263 762.6572 -0.03250382 0.9697627 -0.2418755 173.4317 -0.986997 0.00697174 0.1605872 0.2585624 0 0 0 1
DataSet: 12
1.669921875 -3.33984375 341.3671875 1.58203125 0.115536593883887 -15.99609375 -81.826171875 0.087890625
756.989 174.808 0.716 776.911
0.1566149 0.224532 0.9617989 756.9886 -0.02743275 0.9744292 -0.2230136 174.8081 -0.9872787 0.008542464 0.1587697 0.7160948 0 0 0 1
DataSet: 13
1.669921875 -3.33984375 341.3671875 1.58203125 0.230837506875419 -15.1171875 -81.474609375 0.17578125
752.614 175.803 0.085 772.874
0.1630061 0.2095958 0.9641051 752.614 -0.02852285 0.9777674 -0.2077435 175.8033 -0.9862127 0.006364419 0.1653603 0.08510223 0 0 0 1
DataSet: 14
1.669921875 -3.33984375 341.3671875 1.58203125 0.115287196275063 -14.0625 -81.38671875 0.087890625
747.334 176.893 0.556 767.984
0.1650387 0.1915303 0.9675114 747.3338 -0.02419925 0.9814543 -0.1901626 176.8933 -0.9859902 0.007971129 0.1666128 0.5557607 0 0 0 1
DataSet: 15
1.669921875 -3.33984375 341.3671875 1.58203125 0.115185533138786 -13.18359375 -81.73828125 0.087890625
742.942 177.730 0.474 763.905
0.1595046 0.1764552 0.9712991 742.9419 -0.02086545 0.9842785 -0.1753867 177.7297 -0.9869766 0.007708391 0.1606788 0.4739462 0 0 0 1
DataSet: 16
1.669921875 -3.33984375 341.3671875 1.58203125 0.230145814854107 -12.12890625 -82.177734375 0.17578125
737.666 178.650 -0.192 758.991
0.1524689 0.1583459 0.9755408 737.6664 -0.01899516 0.9873686 -0.157297 178.6503 -0.9881257 0.005452353 0.1535509 -0.1915647 0 0 0 1
DataSet: 17
1.669921875 -3.33984375 341.3671875 1.58203125 0.114970402630779 -11.07421875 -82.705078125 0.087890625
732.357 179.462 0.273 754.025
0.1438332 0.1401122 0.9796329 732.3572 -0.01328781 0.9901104 -0.1396597 179.4615 -0.9895127 0.007070538 0.1442725 0.2732845 0 0 0 1
DataSet: 18
1.669921875 -3.33984375 341.3671875 1.58203125 0.114877749393584 -10.01953125 -83.056640625 0.087890625
727.038 180.182 0.174 749.033
0.1381111 0.1218664 0.9828906 727.0383 -0.0102246 0.9925236 -0.121624 180.182 -0.990364 0.006747963 0.1383245 0.1737186 0 0 0 1
DataSet: 19
1.669921875 -3.33984375 341.3671875 1.58203125 0.114807967380778 -9.140625 -83.3203125 0.087890625
722.595 180.708 0.091 744.849
0.1337903 0.1066297 0.9852564 722.5954 -0.007892223 0.9942777 -0.1065344 180.7078 -0.9909782 0.0064774 0.1338663 0.09063439 0 0 0 1
DataSet: 20
1.669921875 -3.33984375 341.3671875 1.58203125 0.114738899440646 -8.173828125 -83.671875 0.087890625
717.702 181.207 -0.002 740.224
0.1279251 0.08984061 0.9877064 717.7015 -0.005387582 0.995937 -0.08989147 181.2074 -0.9917692 0.006178022 0.1278893 -0.002294052 0 0 0 1
DataSet: 21
1.669921875 -3.33984375 341.3671875 1.58203125 0.114683020968751 -7.294921875 -83.671875 0.087890625
713.235 181.591 -0.082 735.989
0.128064 0.07455543 0.9889596 713.235 -0.003702565 0.9971994 -0.07469715 181.5907 -0.991759 0.005904332 0.1279814 -0.08220372 0 0 0 1
DataSet: 22
1.669921875 -3.33984375 341.3671875 1.58203125 0.114620105073132 -6.15234375 -84.0234375 0.087890625
707.433 181.986 -0.192 730.466
0.1221276 0.05465902 0.9910082 707.4327 -0.001172202 0.9984897 -0.0549272 181.9859 -0.9925137 0.005546468 0.1220073 -0.19229 0 0 0 1
DataSet: 23
1.669921875 -3.33984375 341.3671875 1.58203125 0.114571686855292 -5.09765625 -83.408203125 0.087890625
702.039 182.249 -0.280 725.309
0.1328578 0.03627362 0.9904711 702.0387 0.0003489483 0.9993283 -0.0366448 182.2493 -0.9911351 0.005214171 0.1327559 -0.2795844 0 0 0 1
DataSet: 24
1.669921875 -3.33984375 341.3671875 1.58203125 0.114535374869725 -4.130859375 -83.671875 0.087890625
697.119 182.403 -0.373 720.587
0.1283501 0.01940939 0.9915389 697.1188 0.00237668 0.9997995 -0.01987875 182.4026 -0.9917261 0.004908009 0.1282782 -0.3731378 0 0 0 1
DataSet: 25
1.669921875 -3.33984375 341.3671875 1.58203125 0.114509017869705 -3.251953125 -84.375 0.087890625
692.660 182.470 -0.466 716.292
0.1161904 0.004073357 0.9932186 692.6603 0.004123872 0.999981 -0.004583517 182.47 -0.9932184 0.004628467 0.1161714 -0.4660307 0 0 0 1
DataSet: 26
1.669921875 -3.33984375 341.3671875 1.58203125 0.11448417546387 -2.109375 -85.25390625 0.087890625
686.862 182.456 -0.587 710.683
0.1009318 -0.01586439 0.9947668 686.8622 0.005843607 0.9998651 0.01535278 182.4559 -0.9948762 0.004263442 0.1010109 -0.5871133 0 0 0 1
DataSet: 27
1.669921875 -3.33984375 341.3671875 1.58203125 0.114472284851227 -1.23046875 -85.60546875 0.087890625
682.392 182.366 -0.675 706.340
0.09479845 -0.03119723 0.9950075 682.392 0.006924341 0.9995053 0.03067854 182.3664 -0.9954724 0.003981493 0.09496757 -0.6753777 0 0 0 1
DataSet: 28
1.669921875 -3.33984375 341.3671875 1.58203125 0.114466155261929 0 -85.078125 0.087890625
676.103 182.124 -0.782 700.204
0.103875 -0.05265008 0.9931958 676.103 0.009047297 0.9986066 0.05199068 182.1243 -0.9945492 0.003585206 0.1042066 -0.7822809 0 0 0 1
DataSet: 29
1.669921875 -3.33984375 341.3671875 1.58203125 0.114469939066828 0.966796875 -85.341796875 0.087890625
671.189 181.841 -0.878 695.386
0.09921959 -0.06948934 0.9926363 671.1888 0.0101757 0.9975773 0.06881812 181.8407 -0.9950135 0.003272668 0.09968632 -0.8779776 0 0 0 1
DataSet: 30
1.669921875 -3.33984375 341.3671875 1.58203125 0.114482704302432 2.021484375 -85.078125 0.087890625
665.816 181.435 -0.973 690.095
0.1036623 -0.08783673 0.9907264 665.8159 0.01206671 0.9961306 0.08705328 181.4353 -0.9945393 0.002930658 0.1043211 -0.9734851 0 0 0 1
DataSet: 31
1.669921875 -3.33984375 341.3671875 1.58203125 0.114504503890755 3.076171875 -85.166015625 0.087890625
660.463 180.932 -1.075 684.798
0.101992 -0.1061543 0.9891051 660.463 0.01347701 0.9943463 0.1053272 180.9322 -0.9946939 0.002587654 0.102846 -1.075154 0 0 0 1
DataSet: 32
1.669921875 -3.33984375 341.3671875 1.58203125 0.11453245463192 4.04296875 -85.166015625 0.087890625
655.562 180.384 -1.167 679.928
0.1018291 -0.122914 0.9871793 655.5624 0.01488957 0.9924147 0.12203 180.3842 -0.9946905 0.002272462 0.1028869 -1.167241 0 0 0 1
DataSet: 33
1.669921875 -3.33984375 341.3671875 1.58203125 0.114564512241318 4.921875 -85.078125 0.087890625
651.113 179.814 -1.250 675.487
0.1031715 -0.1381199 0.9850272 651.1129 0.01638158 0.9904135 0.1371594 179.814 -0.9945287 0.001985359 0.1044451 -1.249663 0 0 0 1
DataSet: 34
1.669921875 -3.33984375 341.3671875 1.58203125 0.114611394130987 5.9765625 -85.341796875 0.087890625
645.798 179.042 -1.355 670.159
0.09841734 -0.1563237 0.9827904 645.7982 0.01722882 0.9877045 0.15538 179.0415 -0.9949961 0.001640225 0.09990053 -1.35491 0 0 0 1
DataSet: 35
1.669921875 -3.33984375 341.3671875 1.58203125 0.114667530075795 7.03125 -85.25390625 0.087890625
640.487 178.169 -1.454 664.808
0.09967288 -0.1744745 0.9796039 640.487 0.01896921 0.9846608 0.1734451 178.1695 -0.9948394 0.001294535 0.1014536 -1.454453 0 0 0 1
DataSet: 36
1.669921875 -3.33984375 341.3671875 1.58203125 0.114721448317709 7.91015625 -85.4296875 0.087890625
636.082 177.370 -1.542 660.350
0.09644455 -0.1895553 0.9771219 636.082 0.01963888 0.9818695 0.1885379 177.3697 -0.9951446 0.001006121 0.09841862 -1.541683 0 0 0 1
DataSet: 37
1.669921875 -3.33984375 341.3671875 1.58203125 0 8.876953125 -86.1328125 0
631.258 176.409 -1.085 655.445
0.08422067 -0.2061277 0.974894 631.2578 0.02039812 0.9785216 0.2051325 176.4088 -0.9962384 0.002609607 0.08661636 -1.084561 0 0 0 1
DataSet: 38
1.669921875 -3.33984375 341.3671875 1.58203125 0 9.931640625 -86.30859375 0
626.006 175.272 -1.191 650.081
0.08097439 -0.2241011 0.9711961 626.006 0.02092606 0.9745633 0.2231333 175.2715 -0.9964965 0.002255222 0.08360422 -1.191132 0 0 0 1
DataSet: 39
1.669921875 -3.33984375 341.3671875 1.58203125 0 11.07421875 -86.748046875 0
620.349 173.933 -1.311 644.273
0.07325862 -0.2434864 0.9671337 620.3492 0.02031391 0.9699025 0.2426447 173.9328 -0.9971061 0.001870447 0.07599988 -1.311219 0 0 0 1
DataSet: 40
1.669921875 -3.33984375 341.3671875 1.58203125 0.115064010166352 12.041015625 -86.66015625 0.087890625
615.580 172.715 -1.960 639.353
0.07449545 -0.2597793 0.9627903 615.5797 0.01967751 0.965668 0.2590332 172.715 -0.9970272 -0.0003514773 0.07704968 -1.959603 0 0 0 1
DataSet: 41
1.669921875 -3.33984375 341.3671875 1.58203125 0 12.919921875 -86.748046875 0
611.248 171.527 -1.493 634.861
0.07278521 -0.2745932 0.9588018 611.2483 0.02207881 0.9615597 0.273707 171.5267 -0.9971032 0.001247382 0.07605002 -1.493282 0 0 0 1
DataSet: 42
1.669921875 -3.33984375 341.3671875 1.58203125 0 14.150390625 -87.275390625 0
605.243 169.765 -1.624 628.603
0.06366672 -0.2951748 0.9533197 605.2428 0.02053727 0.9554429 0.2944606 169.7654 -0.9977599 0.0008312469 0.066892 -1.624233 0 0 0 1
DataSet: 43
1.669921875 -3.33984375 341.3671875 1.58203125 0 14.94140625 -86.923828125 0
601.381 168.558 -1.696 624.559
0.06929141 -0.3083345 0.948751 601.3809 0.02304999 0.9512779 0.3074722 168.5584 -0.9973301 0.0005635167 0.07302249 -1.696232 0 0 0 1
DataSet: 44
1.669921875 -3.33984375 341.3671875 1.58203125 0 15.908203125 -86.923828125 0
596.697 167.015 -1.792 619.633
0.06900496 -0.3243385 0.9434208 596.6974 0.02390898 0.945941 0.3234562 167.0153 -0.9973298 0.0002361503 0.07302923 -1.791911 0 0 0 1
DataSet: 45
1.669921875 -3.33984375 341.3671875 1.58203125 0 15.908203125 -87.01171875 0
596.700 167.016 -1.793 619.636
0.06755769 -0.3243385 0.9435256 596.7002 0.02341278 0.945941 0.3234925 167.0162 -0.9974406 0.0002361503 0.07149926 -1.793466 0 0 0 1
DataSet: 46
1.669921875 -3.33984375 341.3671875 1.58203125 0 16.962890625 -87.5390625 0
591.638 165.249 -1.907 614.285
0.05860763 -0.341692 0.9379828 591.6379 0.02117971 0.939812 0.341035 165.249 -0.9980564 -0.0001210502 0.06231709 -1.907293 0 0 0 1
DataSet: 47
1.669921875 -3.33984375 341.3671875 1.58203125 0 18.10546875 -87.5390625 0
586.174 163.223 -2.020 608.478
0.05830705 -0.3603608 0.9309889 586.1737 0.02198147 0.9328129 0.3596901 163.2231 -0.9980567 -0.0005079674 0.06231083 -2.020391 0 0 0 1
DataSet: 48
1.669921875 -3.33984375 341.3671875 1.58203125 0 18.80859375 -88.06640625 0
582.848 161.929 -2.100 604.927
0.04958441 -0.3717785 0.9269963 582.8477 0.01905536 0.9283212 0.3712906 161.9289 -0.9985881 -0.0007459796 0.05311463 -2.09955 0 0 0 1
DataSet: 49
1.669921875 -3.33984375 341.3671875 1.58203125 0 19.86328125 -87.890625 0
577.860 159.899 -2.201 599.579
0.05217049 -0.3887996 0.9198441 577.8597 0.02082099 0.9213217 0.3882432 159.8993 -0.9984211 -0.001102776 0.056161 -2.200645 0 0 0 1
DataSet: 50
1.669921875 -3.33984375 341.3671875 1.58203125 0 20.830078125 -87.802734375 0
573.323 157.959 -2.295 594.690
0.0533249 -0.4042866 0.9130765 573.3231 0.02201041 0.9146312 0.4036896 157.9593 -0.9983346 -0.001429514 0.05767114 -2.294571 0 0 0 1
DataSet: 51
1.669921875 -3.33984375 341.3671875 1.58203125 0 22.236328125 -87.36328125 0
566.775 154.997 -2.425 587.592
0.05985738 -0.4266066 0.9024544 566.7751 0.02613299 0.9044353 0.4258097 154.997 -0.9978648 -0.001904018 0.06528563 -2.425377 0 0 0 1
DataSet: 52
1.669921875 -3.427734375 341.3671875 1.58203125 0 22.8515625 -87.1875 0
563.916 153.651 -2.012 584.477
0.0639156 -0.4362878 0.8975343 563.9159 0.02791455 0.8998029 0.4354028 153.6508 -0.9975648 -0.002774765 0.06969022 -2.012063 0 0 0 1
DataSet: 53
1.669921875 -3.427734375 341.455078125 1.58203125 0 23.73046875 -86.220703125 0
560.027 152.009 -2.083 580.294
0.0786025 -0.4500355 0.8895447 560.0268 0.03616349 0.8930053 0.4485908 152.0092 -0.9962499 -0.003091318 0.0864673 -2.083029 0 0 0 1
DataSet: 54
1.669921875 -3.427734375 341.455078125 1.58203125 0 24.697265625 -85.95703125 0
555.627 149.764 -2.180 575.461
0.08215095 -0.4650355 0.8814722 555.6267 0.03928531 0.8852854 0.4633859 149.7641 -0.9958453 -0.003438683 0.0909961 -2.180097 0 0 0 1
DataSet: 55
1.669921875 -3.427734375 341.455078125 1.58203125 0 25.83984375 -86.1328125 0
550.491 147.023 -2.303 569.790
0.07880897 -0.4825917 0.8722926 550.4908 0.03904783 0.875837 0.4810248 147.0231 -0.9961247 -0.003847936 0.08786797 -2.3028 0 0 0 1
DataSet: 56
1.669921875 -3.427734375 341.455078125 1.58203125 0 26.54296875 -85.60546875 0
547.339 145.275 -2.367 566.296
0.08637517 -0.4933006 0.8655599 547.3392 0.04429416 0.8698493 0.4913251 145.2752 -0.9952775 -0.004099033 0.09698372 -2.367269 0 0 0 1
DataSet: 57
1.669921875 -3.427734375 341.455078125 1.58203125 0 26.982421875 -85.693359375 0
545.393 144.170 -2.415 564.131
0.08476128 -0.499956 0.861893 545.3926 0.04404034 0.8660403 0.4980307 144.1701 -0.9954275 -0.004255658 0.09542492 -2.414566 0 0 0 1
DataSet: 58
1.669921875 -3.427734375 341.455078125 1.58203125 -0.117854057535756 27.509765625 -86.220703125 -0.087890625
543.069 142.823 -1.941 561.540
0.07651759 -0.50794 0.8579872 543.0695 0.04210277 0.8613885 0.5061988 142.8233 -0.9961789 -0.002609468 0.08729705 -1.941365 0 0 0 1
DataSet: 59
1.669921875 -3.427734375 341.455078125 1.58203125 -0.117975109558441 27.94921875 -86.30859375 -0.087890625
541.142 141.686 -1.991 559.386
0.07494891 -0.5145301 0.8541905 541.1417 0.04175062 0.8574679 0.5128409 141.6856 -0.996313 -0.002773877 0.08574823 -1.990955 0 0 0 1
DataSet: 60
1.669921875 -3.427734375 341.455078125 1.58203125 -0.118200007229324 28.740234375 -86.396484375 -0.087890625
537.692 139.599 -2.079 555.522
0.07318692 -0.5263156 0.8471338 537.692 0.04170482 0.8502837 0.5246696 139.5994 -0.9964459 -0.003069395 0.08417955 -2.078891 0 0 0 1
DataSet: 61
1.669921875 -3.427734375 341.455078125 1.58203125 -0.118595549874542 30.05859375 -86.30859375 -0.087890625
532.001 136.013 -2.221 549.117
0.07369221 -0.5457342 0.8347117 532.001 0.04376015 0.8379508 0.5439885 136.0131 -0.9963205 -0.003560596 0.08563185 -2.221025 0 0 0 1
DataSet: 62
1.669921875 -3.427734375 341.455078125 1.58203125 0 32.607421875 -86.396484375 0
521.256 128.725 -3.006 536.924
0.0708361 -0.5824142 0.8097999 521.2564 0.0431094 0.8128682 0.5808501 128.7252 -0.996556 -0.006235166 0.08268794 -3.005725 0 0 0 1
