DataSet: 1
-20.21484375 98.525390625 37.529296875 1.494140625 -3.19467459493065 29.1796875 -79.013671875
305.676 421.425 -306.286 604.026
-0.5541344 0.05747117 -0.8304409 305.6758 -0.08274905 0.9888695 0.1236519 421.4247 0.8283041 0.137238 -0.5432109 -306.2865 0 0 0 1
DataSet: 2
-20.21484375 97.470703125 37.6171875 1.494140625 -3.19467459493065 29.1796875 -79.013671875
312.501 421.740 -304.846 607.003
-0.5692869 0.05493534 -0.8203015 312.501 -0.08274905 0.9888695 0.1236519 421.7402 0.817964 0.1382726 -0.5584046 -304.8461 0 0 0 1
DataSet: 3
-20.21484375 96.591796875 37.529296875 1.494140625 -3.19467459493065 29.1796875 -79.013671875
318.221 421.425 -303.948 609.301
-0.5817668 0.05280788 -0.8116395 318.2212 -0.08274905 0.9888695 0.1236519 421.4247 0.8091353 0.139099 -0.5709217 -303.948 0 0 0 1
DataSet: 4
-20.302734375 95.537109375 37.529296875 1.494140625 -3.19467459493065 29.1796875 -79.013671875
325.556 421.425 -301.927 612.164
-0.5979542 0.04999407 -0.7999696 325.5562 -0.08274905 0.9888695 0.1236519 421.4247 0.7972474 0.1401349 -0.5871617 -301.9266 0 0 0 1
DataSet: 5
-20.21484375 94.5703125 37.529296875 1.494140625 -3.19467459493065 29.1796875 -79.013671875
326.324 421.425 -302.203 612.709
-0.5993601 0.0497467 -0.7989322 326.3238 -0.08274905 0.9888695 0.1236519 421.4247 0.796191 0.1402229 -0.5885724 -302.203 0 0 0 1
DataSet: 6
-20.302734375 93.515625 37.6171875 1.494140625 -3.19467459493065 29.1796875 -79.013671875
333.590 421.740 -299.801 615.653
-0.615301 0.04690763 -0.7868954 333.5905 -0.08274905 0.9888695 0.1236519 421.7402 0.783937 0.141198 -0.6045708 -299.8012 0 0 0 1
DataSet: 7
-20.302734375 92.548828125 37.6171875 1.494140625 -3.19467459493065 29.1796875 -79.013671875
339.774 421.740 -298.211 618.257
-0.628457 0.04451554 -0.7765695 339.7744 -0.08274905 0.9888695 0.1236519 421.7402 0.7734303 0.1419703 -0.6177784 -298.2108 0 0 0 1
DataSet: 8
-20.390625 91.494140625 37.6171875 1.494140625 -3.19467459493065 29.1796875 -79.013671875
347.006 421.740 -295.752 621.085
-0.6439328 0.04164228 -0.763948 347.0056 -0.08274905 0.9888695 0.1236519 421.7402 0.760594 0.1428395 -0.6333196 -295.7516 0 0 0 1
DataSet: 9
-20.390625 90.439453125 37.44140625 1.494140625 -3.19467459493065 29.1796875 -79.013671875
353.785 421.109 -294.188 623.733
-0.6578409 0.03900273 -0.7521464 353.7848 -0.08274905 0.9888695 0.1236519 421.1088 0.7485973 0.1435827 -0.6472913 -294.1877 0 0 0 1
DataSet: 10
-20.390625 89.47265625 37.44140625 1.494140625 -3.19467459493065 29.1796875 -79.013671875
360.079 421.109 -292.189 626.390
-0.6708055 0.03649092 -0.740735 360.079 -0.08274905 0.9888695 0.1236519 421.1088 0.7370024 0.1442415 -0.6603195 -292.1891 0 0 0 1
DataSet: 11
-20.390625 88.41796875 37.353515625 1.494140625 -3.19467459493065 29.1796875 -79.013671875
366.575 420.793 -290.229 629.028
-0.6839274 0.03389576 -0.7287623 366.5748 -0.08274905 0.9888695 0.1236519 420.7926 0.724842 0.1448733 -0.67351 -290.2291 0 0 0 1
DataSet: 12
-20.390625 87.451171875 37.353515625 1.494140625 -3.19467459493065 29.1796875 -79.013671875
372.443 420.793 -288.138 631.509
-0.6957622 0.03150725 -0.7175809 372.4435 -0.08274905 0.9888695 0.1236519 420.7926 0.7134897 0.1454114 -0.6854108 -288.1378 0 0 0 1
DataSet: 13
-20.390625 86.484375 37.353515625 1.494140625 -3.19467459493065 29.1796875 -79.013671875
378.277 420.793 -285.950 633.977
-0.7074086 0.02911021 -0.7062051 378.2769 -0.08274905 0.9888695 0.1236519 420.7926 0.7019442 0.1459102 -0.6971259 -285.9502 0 0 0 1
DataSet: 14
-20.390625 85.4296875 37.44140625 1.494140625 -3.19467459493065 29.1796875 -79.013671875
383.654 421.109 -283.601 636.359
-0.7181748 0.02685125 -0.6953445 383.6542 -0.08274905 0.9888695 0.1236519 421.1088 0.6909252 0.1463428 -0.7079592 -283.6011 0 0 0 1
DataSet: 15
-20.390625 84.462890625 37.265625 1.494140625 -3.19467459493065 29.1796875 -79.013671875
388.821 420.476 -281.950 638.340
-0.7280156 0.02474847 -0.6851137 388.8211 -0.08274905 0.9888695 0.1236519 420.476 0.6805483 0.146713 -0.7178645 -281.9495 0 0 0 1
DataSet: 16
-20.302734375 83.583984375 37.08984375 1.494140625 -3.19467459493065 29.1796875 -79.013671875
393.884 419.842 -280.731 640.486
-0.7373165 0.02272614 -0.6751651 393.884 -0.08274905 0.9888695 0.1236519 419.842 0.6704602 0.1470398 -0.7272292 -280.7314 0 0 0 1
DataSet: 17
-20.390625 82.44140625 37.177734375 1.494140625 -3.19467459493065 29.1796875 -79.013671875
401.271 420.159 -276.707 643.521
-0.7518305 0.01949877 -0.659068 401.2712 -0.08274905 0.9888695 0.1236519 420.1591 0.6541433 0.1475025 -0.7418488 -276.7067 0 0 0 1
DataSet: 18
-20.390625 81.5625 37.177734375 1.494140625 -3.19467459493065 29.1796875 -79.013671875
406.260 420.159 -274.360 645.642
-0.7612648 0.01735145 -0.6482089 406.2596 -0.08274905 0.9888695 0.1236519 420.1591 0.6431395 0.1477705 -0.7513557 -274.3601 0 0 0 1
DataSet: 19
-20.302734375 80.5078125 37.265625 1.494140625 -3.19467459493065 29.1796875 -79.013671875
411.335 420.476 -272.120 648.109
-0.7707041 0.01516157 -0.6370128 411.3349 -0.08274905 0.9888695 0.1236519 420.476 0.6317973 0.1480112 -0.7608711 -272.1202 0 0 0 1
DataSet: 20
-20.390625 79.365234375 37.265625 1.494140625 -3.19467459493065 29.1796875 -79.013671875
418.472 420.476 -267.989 650.951
-0.7841128 0.01197503 -0.6205028 418.4717 -0.08274905 0.9888695 0.1236519 420.476 0.615077 0.148303 -0.7743943 -267.9887 0 0 0 1
DataSet: 21
-20.390625 78.57421875 37.265625 1.494140625 -3.19467459493065 29.1796875 -79.013671875
423.044 420.476 -265.549 652.903
-0.7924541 0.009945022 -0.6098504 423.0441 -0.08274905 0.9888695 0.1236519 420.476 0.6042922 0.148453 -0.7828107 -265.5489 0 0 0 1
DataSet: 22
-20.302734375 77.51953125 37.265625 1.494140625 -3.19467459493065 29.1796875 -79.013671875
428.692 420.476 -262.912 655.515
-0.8024256 0.007466923 -0.5967055 428.6916 -0.08274905 0.9888695 0.1236519 420.476 0.5909871 0.1485982 -0.7928762 -262.9124 0 0 0 1
DataSet: 23
-20.302734375 76.46484375 37.44140625 1.494140625 -3.31297969730857 29.1796875 -79.013671875
435.133 421.062 -258.721 658.460
-0.8134206 0.006665593 -0.5816377 435.1326 -0.08174513 0.9887009 0.1256511 421.0618 0.5759033 0.1497533 -0.8036848 -258.7212 0 0 0 1
DataSet: 24
-20.302734375 75.41015625 30.9375 1.494140625 -3.19467459493065 29.1796875 -79.013671875
447.592 396.870 -268.460 655.679
-0.8238096 0.001945902 -0.5668632 447.5924 -0.08274905 0.9888695 0.1236519 396.8703 0.5607944 0.148773 -0.8144792 -268.4595 0 0 0 1
DataSet: 25
-20.302734375 74.443359375 31.81640625 1.494140625 -3.19467459493065 29.1796875 -79.013671875
452.374 400.240 -263.311 658.914
-0.8332329 -0.0005859218 -0.5529218 452.3744 -0.08274905 0.9888695 0.1236519 400.2402 0.5466951 0.1487846 -0.824007 -263.3112 0 0 0 1
DataSet: 26
-20.302734375 73.4765625 25.927734375 1.494140625 -3.19467459493065 29.1796875 -79.013671875
462.706 377.163 -270.154 655.234
-0.8409006 -0.002695437 -0.5411829 462.7064 -0.08274905 0.9888695 0.1236519 377.1625 0.534826 0.1487613 -0.8317639 -270.1539 0 0 0 1
DataSet: 27
-20.302734375 72.509765625 25.224609375 1.494140625 -3.19467459493065 29.1796875 -79.013671875
469.063 374.334 -267.364 656.985
-0.8499348 -0.005242172 -0.5268619 469.0635 -0.08274905 0.9888695 0.1236519 374.3336 0.5203494 0.1486934 -0.8409083 -267.3644 0 0 0 1
DataSet: 28
-20.302734375 71.455078125 23.818359375 1.494140625 -3.19467459493065 29.1796875 -79.013671875
476.486 368.633 -265.024 658.154
-0.8595059 -0.008018649 -0.511063 476.4861 -0.08274905 0.9888695 0.1236519 368.6334 0.504383 0.1485695 -0.8506026 -265.0237 0 0 0 1
DataSet: 29
-20.302734375 70.400390625 23.203125 1.494140625 -3.19467459493065 29.1796875 -79.013671875
482.714 366.122 -261.737 659.973
-0.868096 -0.01058555 -0.4962835 482.7138 -0.08274905 0.9888695 0.1236519 366.1225 0.4894507 0.1484087 -0.8593096 -261.7372 0 0 0 1
DataSet: 30
-20.302734375 69.43359375 23.02734375 1.494140625 -3.19467459493065 29.1796875 -79.013671875
487.423 365.403 -258.582 661.789
-0.8748342 -0.01265323 -0.4842571 487.423 -0.08274905 0.9888695 0.1236519 365.4032 0.4773025 0.1482467 -0.8661439 -258.5818 0 0 0 1
DataSet: 31
-20.302734375 68.37890625 22.8515625 1.494140625 -3.19467459493065 29.1796875 -79.013671875
493.522 364.683 -254.244 664.227
-0.8834633 -0.01537717 -0.4682479 493.5218 -0.08274905 0.9888695 0.1236519 364.6832 0.4611346 0.147989 -0.8749023 -254.2435 0 0 0 1
DataSet: 32
-20.302734375 67.412109375 23.02734375 1.494140625 -3.31297969730857 29.1796875 -79.013671875
499.241 365.356 -249.380 667.021
-0.8912588 -0.0160916 -0.4532094 499.2414 -0.08174513 0.9887009 0.1256511 365.3562 0.4460667 0.1490353 -0.8825038 -249.3796 0 0 0 1
DataSet: 33
-20.302734375 66.533203125 21.357421875 1.494140625 -3.31297969730857 29.1796875 -79.013671875
505.526 358.484 -247.379 667.281
-0.8979898 -0.01837356 -0.4396325 505.5259 -0.08174513 0.9887009 0.1256511 358.4838 0.4323564 0.1487713 -0.8893453 -247.3786 0 0 0 1
DataSet: 34
-20.302734375 65.478515625 20.56640625 1.494140625 -3.19467459493065 29.1796875 -79.013671875
511.438 355.252 -243.751 668.721
-0.9056311 -0.02283372 -0.4234512 511.4384 -0.08274905 0.9888695 0.1236519 355.2516 0.4159146 0.1470232 -0.8974404 -243.7508 0 0 0 1
DataSet: 35
-20.302734375 64.51171875 20.0390625 1.494140625 -3.19467459493065 29.1796875 -79.013671875
517.156 353.057 -239.655 670.473
-0.912614 -0.02534565 -0.4080359 517.1563 -0.08274905 0.9888695 0.1236519 353.0573 0.4003602 0.146611 -0.9045535 -239.6552 0 0 0 1
DataSet: 36
-20.302734375 63.45703125 20.830078125 1.494140625 -3.19467459493065 29.1796875 -79.013671875
522.173 356.346 -233.637 673.969
-0.9199558 -0.02808843 -0.3910145 522.1735 -0.08274905 0.9888695 0.1236519 356.3463 0.3831891 0.1461103 -0.9120405 -233.6373 0 0 0 1
DataSet: 37
-20.302734375 62.490234375 22.5 1.494140625 -3.19467459493065 29.1796875 -79.013671875
525.734 363.241 -226.977 678.129
-0.9264021 -0.030594 -0.3752908 525.7341 -0.08274905 0.9888695 0.1236519 363.2406 0.3673306 0.1456063 -0.9186224 -226.9765 0 0 0 1
DataSet: 38
-20.302734375 61.435546875 22.5 1.494140625 -3.19467459493065 29.1796875 -79.013671875
531.108 363.241 -221.703 680.568
-0.9330196 -0.03327441 -0.3582836 531.1084 -0.08274905 0.9888695 0.1236519 363.2406 0.3501813 0.1450173 -0.9253881 -221.7032 0 0 0 1
DataSet: 39
-20.302734375 60.556640625 22.587890625 1.494140625 -3.19467459493065 29.1796875 -79.013671875
535.383 363.602 -217.179 682.647
-0.9382444 -0.03547902 -0.3441493 535.3827 -0.08274905 0.9888695 0.1236519 363.6016 0.3359317 0.1444937 -0.9307371 -217.1786 0 0 0 1
DataSet: 40
-20.302734375 59.4140625 22.5 1.494140625 -3.19467459493065 29.1796875 -79.013671875
541.379 363.241 -211.059 685.260
-0.9450943 -0.03850658 -0.3245213 541.3792 -0.08274905 0.9888695 0.1236519 363.2406 0.3161478 0.1437165 -0.9377612 -211.0589 0 0 0 1
DataSet: 41
-20.302734375 58.53515625 22.587890625 1.494140625 -3.19467459493065 29.1796875 -79.013671875
545.741 363.602 -206.100 687.399
-0.9500797 -0.04082397 -0.3093249 545.7411 -0.08274905 0.9888695 0.1236519 363.6016 0.300834 0.1430755 -0.942883 -206.1002 0 0 0 1
DataSet: 42
-20.302734375 57.568359375 22.587890625 1.494140625 -3.19467459493065 29.1796875 -79.013671875
549.702 363.602 -201.638 689.229
-0.9543768 -0.04291158 -0.2955056 549.7021 -0.08274905 0.9888695 0.1236519 363.6016 0.2869103 0.1424633 -0.947305 -201.6378 0 0 0 1
DataSet: 43
-20.302734375 56.513671875 22.587890625 1.494140625 -3.19467459493065 29.1796875 -79.013671875
554.604 363.602 -195.928 691.505
-0.9595055 -0.04553149 -0.2779858 554.6041 -0.08274905 0.9888695 0.1236519 363.6016 0.2692616 0.1416477 -0.9525934 -195.9278 0 0 0 1
DataSet: 44
-20.302734375 55.546875 22.587890625 1.494140625 -3.19467459493065 29.1796875 -79.013671875
559.183 363.602 -190.395 693.644
-0.9640954 -0.04801713 -0.2611791 559.183 -0.08274905 0.9888695 0.1236519 363.6016 0.2523347 0.1408245 -0.9573378 -190.3954 0 0 0 1
DataSet: 45
-20.302734375 54.580078125 22.587890625 1.494140625 -3.19467459493065 29.1796875 -79.013671875
563.664 363.602 -184.783 695.750
-0.9683866 -0.0504879 -0.2442916 563.6638 -0.08274905 0.9888695 0.1236519 363.6016 0.2353296 0.1399577 -0.9617857 -184.7834 0 0 0 1
DataSet: 46
-20.302734375 53.525390625 22.5 1.494140625 -3.19467459493065 29.1796875 -79.013671875
567.785 363.241 -179.654 697.567
-0.9720578 -0.05273968 -0.2287405 567.7852 -0.08274905 0.9888695 0.1236519 363.2406 0.2196732 0.1391248 -0.9656024 -179.6542 0 0 0 1
DataSet: 47
-20.302734375 52.55859375 22.587890625 1.494140625 -3.19467459493065 29.1796875 -79.013671875
571.873 363.602 -173.948 699.644
-0.9756876 -0.05512163 -0.2121208 571.8726 -0.08274905 0.9888695 0.1236519 363.6016 0.2029438 0.1381984 -0.969389 -173.9478 0 0 0 1
DataSet: 48
-20.302734375 51.591796875 22.587890625 1.494140625 -3.19467459493065 29.1796875 -79.013671875
575.963 363.602 -168.255 701.605
-0.9790297 -0.05748731 -0.1954384 575.9629 -0.08274905 0.9888695 0.1236519 363.6016 0.1861546 0.1372312 -0.9728895 -168.2554 0 0 0 1
DataSet: 49
-20.302734375 50.537109375 22.67578125 1.494140625 -3.19467459493065 29.1796875 -79.013671875
580.208 363.962 -161.886 703.788
-0.9823459 -0.06004868 -0.1771739 580.2079 -0.08274905 0.9888695 0.1236519 363.9623 0.1677767 0.1361299 -0.9763809 -161.8864 0 0 0 1
DataSet: 50
-20.302734375 49.5703125 22.67578125 1.494140625 -3.19467459493065 29.1796875 -79.013671875
583.603 363.962 -156.796 705.441
-0.9847521 -0.06208386 -0.1625084 583.6034 -0.08274905 0.9888695 0.1236519 363.9623 0.1530228 0.1352139 -0.9789286 -156.7957 0 0 0 1
DataSet: 51
-20.302734375 48.515625 22.67578125 1.494140625 -3.19467459493065 29.1796875 -79.013671875
587.847 363.962 -150.191 707.524
-0.9875146 -0.0646745 -0.1436392 587.8474 -0.08274905 0.9888695 0.1236519 363.9623 0.1340433 0.133994 -0.9818748 -150.1907 0 0 0 1
DataSet: 52
-20.302734375 47.548828125 22.67578125 1.494140625 -3.19467459493065 29.1796875 -79.013671875
591.625 363.962 -144.065 709.397
-0.9897255 -0.06702823 -0.1262955 591.6254 -0.08274905 0.9888695 0.1236519 363.9623 0.1166016 0.1328323 -0.9842559 -144.0654 0 0 0 1
DataSet: 53
-20.302734375 46.58203125 22.67578125 1.494140625 -3.19467459493065 29.1796875 -79.013671875
595.223 363.962 -137.998 711.198
-0.9915936 -0.06931481 -0.1092594 595.2226 -0.08274905 0.9888695 0.1236519 363.9623 0.09947234 0.1316535 -0.9862924 -137.9984 0 0 0 1
DataSet: 54
-20.302734375 45.52734375 22.67578125 1.494140625 -3.19467459493065 29.1796875 -79.013671875
598.728 363.962 -131.846 712.970
-0.9931707 -0.07158941 -0.09212434 598.7278 -0.08274905 0.9888695 0.1236519 363.9623 0.08224677 0.1304306 -0.9880401 -131.8462 0 0 0 1
DataSet: 55
-20.390625 44.47265625 22.67578125 1.494140625 -3.19467459493065 29.1796875 -79.013671875
602.471 363.962 -124.344 714.774
-0.9946023 -0.07415346 -0.07257715 602.4714 -0.08274905 0.9888695 0.1236519 363.9623 0.06260011 0.1289901 -0.989668 -124.3439 0 0 0 1
DataSet: 56
-20.390625 43.59375 22.67578125 1.494140625 -3.19467459493065 29.1796875 -79.013671875
605.311 363.962 -118.915 716.248
-0.9954303 -0.07608219 -0.05770674 605.3109 -0.08274905 0.9888695 0.1236519 363.9623 0.04765673 0.127862 -0.9906463 -118.9154 0 0 0 1
DataSet: 57
-20.390625 42.451171875 22.67578125 1.494140625 -3.19467459493065 29.1796875 -79.013671875
608.880 363.962 -111.796 718.123
-0.9961709 -0.07856383 -0.03835625 608.8797 -0.08274905 0.9888695 0.1236519 363.9623 0.02821476 0.1263524 -0.9915841 -111.7956 0 0 0 1
DataSet: 58
-20.390625 41.572265625 22.412109375 1.494140625 -3.19467459493065 29.1796875 -79.013671875
611.320 362.879 -107.638 719.013
-0.9964349 -0.08005259 -0.02662701 611.3199 -0.08274905 0.9888695 0.1236519 362.8795 0.01643199 0.1254144 -0.9919683 -107.6379 0 0 0 1
DataSet: 59
-20.390625 40.4296875 22.67578125 1.494140625 -3.19467459493065 29.1796875 -79.013671875
614.348 363.962 -100.154 721.057
-0.9965653 -0.08250804 -0.007077515 614.3478 -0.08274905 0.9888695 0.1236519 363.9623 -0.003203536 0.1238128 -0.9923004 -100.154 0 0 0 1
DataSet: 60
-20.390625 39.55078125 22.67578125 1.494140625 -3.19467459493065 29.1796875 -79.013671875
616.845 363.962 -94.498 722.424
-0.9964023 -0.0843751 0.007962827 616.8452 -0.08274905 0.9888695 0.1236519 363.9623 -0.01830734 0.1225481 -0.9922937 -94.49786 0 0 0 1
DataSet: 61
-20.390625 38.49609375 22.587890625 1.494140625 -3.19467459493065 29.1796875 -79.013671875
619.815 363.602 -87.796 723.937
-0.995912 -0.08656494 0.02580349 619.8154 -0.08274905 0.9888695 0.1236519 363.6016 -0.0362202 0.1210112 -0.9919901 -87.79633 0 0 0 1
DataSet: 62
-20.390625 37.44140625 22.67578125 1.494140625 -3.19467459493065 29.1796875 -79.013671875
622.379 363.962 -81.049 725.530
-0.9951165 -0.08868975 0.04332847 622.3795 -0.08274905 0.9888695 0.1236519 363.9623 -0.05381286 0.1194626 -0.9913793 -81.04864 0 0 0 1
DataSet: 63
-20.478515625 36.474609375 22.32421875 1.494140625 -3.19467459493065 29.1796875 -79.013671875
625.431 362.518 -73.763 726.653
-0.9939475 -0.09088971 0.06170423 625.4307 -0.08274905 0.9888695 0.1236519 362.5182 -0.07225611 0.1177975 -0.9904054 -73.76347 0 0 0 1
DataSet: 64
-20.390625 35.595703125 22.67578125 1.494140625 -3.19467459493065 29.1796875 -79.013671875
626.945 363.962 -68.789 728.190
-0.9928793 -0.09247471 0.0750947 626.9453 -0.08274905 0.9888695 0.1236519 363.9623 -0.08569352 0.1165574 -0.9894801 -68.7891 0 0 0 1
DataSet: 65
-20.390625 34.453125 22.67578125 1.494140625 -3.19467459493065 29.1796875 -79.013671875
629.574 363.962 -61.129 729.773
-0.9909824 -0.09477036 0.09472287 629.5738 -0.08274905 0.9888695 0.1236519 363.9623 -0.1053871 0.1146986 -0.9877944 -61.12885 0 0 0 1
DataSet: 66
-20.390625 33.57421875 22.67578125 1.494140625 -3.19467459493065 29.1796875 -79.013671875
631.746 363.962 -54.392 731.116
-0.9890047 -0.09674618 0.1118475 631.7462 -0.08274905 0.9888695 0.1236519 363.9623 -0.1225654 0.113037 -0.9860022 -54.39224 0 0 0 1
DataSet: 67
-20.390625 32.51953125 22.412109375 1.494140625 -3.19467459493065 29.1796875 -79.013671875
634.238 362.879 -47.529 732.256
-0.9866499 -0.09875602 0.1294965 634.2382 -0.08274905 0.9888695 0.1236519 362.8795 -0.1402664 0.1112854 -0.9838399 -47.52874 0 0 0 1
DataSet: 68
-20.390625 31.552734375 22.32421875 1.494140625 -3.19467459493065 29.1796875 -79.013671875
636.197 362.518 -41.119 733.387
-0.9842129 -0.1005705 0.1456383 636.1972 -0.08274905 0.9888695 0.1236519 362.5182 -0.156453 0.1096483 -0.9815802 -41.11937 0 0 0 1
DataSet: 69
-20.478515625 30.498046875 22.67578125 1.494140625 -3.19467459493065 29.1796875 -79.013671875
637.637 363.962 -32.775 734.931
-0.9809463 -0.1027071 0.1649107 637.6371 -0.08274905 0.9888695 0.1236519 363.9623 -0.1757751 0.1076497 -0.9785268 -32.77531 0 0 0 1
DataSet: 70
-20.478515625 29.443359375 22.67578125 1.494140625 -3.19467459493065 29.1796875 -79.013671875
639.403 363.962 -25.565 736.178
-0.9775854 -0.1046489 0.1826892 639.4028 -0.08274905 0.9888695 0.1236519 363.9623 -0.1935958 0.1057629 -0.975364 -25.56504 0 0 0 1
DataSet: 71
-20.390625 28.564453125 22.763671875 1.494140625 -3.19467459493065 29.1796875 -79.013671875
640.640 364.323 -20.486 737.272
-0.9748323 -0.1060926 0.1960774 640.6398 -0.08274905 0.9888695 0.1236519 364.3228 -0.2070135 0.1043146 -0.972761 -20.48584 0 0 0 1
DataSet: 72
-20.478515625 27.685546875 22.67578125 1.494140625 -3.19467459493065 29.1796875 -79.013671875
642.106 363.962 -13.220 738.203
-0.9711198 -0.1078747 0.2128131 642.1061 -0.08274905 0.9888695 0.1236519 363.9623 -0.2237833 0.1024707 -0.9692372 -13.22034 0 0 0 1
DataSet: 73
-20.390625 26.54296875 22.5 1.494140625 -3.19467459493065 29.1796875 -79.013671875
643.904 363.241 -6.339 739.321
-0.9668401 -0.1097409 0.2306017 643.9036 -0.08274905 0.9888695 0.1236519 363.2406 -0.2416047 0.1004695 -0.9651596 -6.339101 0 0 0 1
DataSet: 74
-20.478515625 25.48828125 22.5 1.494140625 -3.19467459493065 29.1796875 -79.013671875
645.171 363.241 2.069 740.401
-0.9618533 -0.1117138 0.2497164 645.171 -0.08274905 0.9888695 0.1236519 363.2406 -0.2607506 0.09827117 -0.9603915 2.068506 0 0 0 1
DataSet: 75
-20.478515625 24.43359375 22.763671875 1.494140625 -3.19467459493065 29.1796875 -79.013671875
645.992 364.323 10.033 741.712
-0.9565728 -0.1136133 0.268441 645.9919 -0.08274905 0.9888695 0.1236519 364.3228 -0.2795016 0.09606879 -0.955327 10.03342 0 0 0 1
DataSet: 76
-20.478515625 23.466796875 22.763671875 1.494140625 -3.19467459493065 29.1796875 -79.013671875
646.963 364.323 17.276 742.692
-0.9514112 -0.1153164 0.2855152 646.9632 -0.08274905 0.9888695 0.1236519 364.3228 -0.2965963 0.09401767 -0.9503638 17.27582 0 0 0 1
DataSet: 77
-20.478515625 22.67578125 22.763671875 1.494140625 -3.19467459493065 29.1796875 -79.013671875
647.661 364.323 23.214 743.462
-0.9469607 -0.1166823 0.299417 647.6613 -0.08274905 0.9888695 0.1236519 364.3228 -0.3105124 0.092317 -0.9460759 23.2136 0 0 0 1
DataSet: 78
-20.478515625 21.62109375 22.763671875 1.494140625 -3.19467459493065 29.1796875 -79.013671875
648.412 364.323 30.657 744.385
-0.9411055 -0.1183561 0.316721 648.412 -0.08274905 0.9888695 0.1236519 364.3228 -0.3278306 0.09016111 -0.9404244 30.65668 0 0 0 1
DataSet: 79
-20.478515625 20.654296875 22.763671875 1.494140625 -3.19467459493065 29.1796875 -79.013671875
648.933 364.323 36.863 745.120
-0.9359895 -0.1197191 0.3310453 648.9328 -0.08274905 0.9888695 0.1236519 364.3228 -0.3421641 0.08834318 -0.9354781 36.86265 0 0 0 1
DataSet: 80
-20.478515625 19.51171875 22.763671875 1.494140625 -3.19467459493065 29.1796875 -79.013671875
649.426 364.323 44.206 745.949
-0.9296619 -0.121294 0.3478742 649.426 -0.08274905 0.9888695 0.1236519 364.3228 -0.3590004 0.08616818 -0.9293513 44.20619 0 0 0 1
DataSet: 81
-20.478515625 18.544921875 22.763671875 1.494140625 -3.19467459493065 29.1796875 -79.013671875
649.740 364.323 50.426 746.616
-0.9240712 -0.1225957 0.3620258 649.7397 -0.08274905 0.9888695 0.1236519 364.3228 -0.3731555 0.08430585 -0.9239305 50.42606 0 0 0 1
DataSet: 82
-20.56640625 17.666015625 22.8515625 1.494140625 -3.19467459493065 29.1796875 -79.013671875
649.805 364.683 61.544 747.682
-0.9139723 -0.1247635 0.3861202 649.8052 -0.08274905 0.9888695 0.1236519 364.6832 -0.3972497 0.08106331 -0.9141233 61.54435 0 0 0 1
DataSet: 83
-20.478515625 16.5234375 22.763671875 1.494140625 -3.19467459493065 29.1796875 -79.013671875
650.112 364.323 68.160 748.347
-0.9069698 -0.1261459 0.4018618 650.1124 -0.08274905 0.9888695 0.1236519 364.3228 -0.4129871 0.07889485 -0.9073132 68.16032 0 0 0 1
DataSet: 84
-20.56640625 15.556640625 22.763671875 1.494140625 -3.31297969730857 29.1796875 -79.013671875
649.936 364.276 76.480 748.975
-0.8994588 -0.1274885 0.4179958 649.936 -0.08174513 0.9887009 0.1256511 364.2758 -0.429292 0.07884891 -0.8997173 76.48032 0 0 0 1
DataSet: 85
-20.56640625 14.677734375 22.8515625 1.494140625 -3.19467459493065 29.1796875 -79.013671875
649.638 364.683 81.748 749.471
-0.8931676 -0.1286266 0.4309371 649.6384 -0.08274905 0.9888695 0.1236519 364.6832 -0.4420455 0.07478222 -0.8938699 81.74837 0 0 0 1
DataSet: 86
-20.56640625 13.53515625 22.8515625 1.494140625 -3.19467459493065 29.1796875 -79.013671875
649.322 364.683 89.230 750.050
-0.8848981 -0.1299784 0.4472817 649.3224 -0.08274905 0.9888695 0.1236519 364.6832 -0.4583753 0.07240719 -0.8858044 89.22952 0 0 0 1
DataSet: 87
-20.478515625 12.568359375 22.939453125 1.494140625 -3.19467459493065 29.1796875 -78.92578125
648.959 365.044 94.742 750.587
-0.8774066 -0.1310214 0.4615096 648.9587 -0.08255927 0.9888695 0.1237787 365.0436 -0.4725904 0.07050233 -0.8784576 94.74197 0 0 0 1
DataSet: 88
-20.56640625 11.513671875 23.02734375 1.494140625 -3.19467459493065 29.1796875 -79.013671875
648.084 365.403 103.320 751.138
-0.8684788 -0.13241 0.4777155 648.0841 -0.08274905 0.9888695 0.1236519 365.4032 -0.4887711 0.06785853 -0.869769 103.3203 0 0 0 1
DataSet: 89
-20.478515625 10.458984375 24.2578125 1.494140625 -3.19467459493065 29.1796875 -79.013671875
645.612 370.421 109.737 752.375
-0.8599995 -0.1335503 0.4925091 645.6124 -0.08274905 0.9888695 0.1236519 370.4207 -0.503541 0.06558589 -0.8614784 109.7366 0 0 0 1
DataSet: 90
-20.56640625 9.580078125 24.2578125 1.494140625 -3.19467459493065 29.1796875 -79.013671875
644.686 370.421 117.317 752.725
-0.8509194 -0.1346942 0.5077338 644.6861 -0.08274905 0.9888695 0.1236519 370.4207 -0.5187376 0.06320331 -0.8525941 117.3166 0 0 0 1
DataSet: 91
-20.56640625 8.525390625 23.90625 1.494140625 -3.19467459493065 29.1796875 -79.013671875
644.229 368.991 125.101 752.885
-0.8407789 -0.1358856 0.5240476 644.2295 -0.08274905 0.9888695 0.1236519 368.9913 -0.5350171 0.06059946 -0.842665 125.1011 0 0 0 1
DataSet: 92
-20.56640625 7.55859375 24.169921875 1.494140625 -3.19467459493065 29.1796875 -79.013671875
642.745 370.064 132.142 753.346
-0.8312098 -0.1369335 0.5388315 642.7449 -0.08274905 0.9888695 0.1236519 370.0636 -0.5497661 0.05819286 -0.8332891 132.1416 0 0 0 1
DataSet: 93
-20.56640625 6.416015625 24.43359375 1.494140625 -3.19467459493065 29.1796875 -79.013671875
640.862 371.134 140.652 753.809
-0.8192465 -0.1381482 0.5565521 640.8621 -0.08274905 0.9888695 0.1236519 371.134 -0.5674396 0.05524722 -0.8215595 140.6518 0 0 0 1
DataSet: 94
-20.56640625 5.537109375 24.345703125 1.494140625 -3.19467459493065 29.1796875 -79.013671875
639.803 370.777 146.999 753.945
-0.8101248 -0.1390088 0.5695388 639.803 -0.08274905 0.9888695 0.1236519 370.7775 -0.5803882 0.05304466 -0.8126105 146.9986 0 0 0 1
DataSet: 95
-20.56640625 4.658203125 24.43359375 1.494140625 -3.19467459493065 29.1796875 -79.013671875
638.449 371.134 152.874 754.140
-0.8014147 -0.1397814 0.5815459 638.4489 -0.08274905 0.9888695 0.1236519 371.134 -0.5923572 0.05097407 -0.8040613 152.8739 0 0 0 1
DataSet: 96
-20.56640625 3.603515625 25.224609375 1.494140625 -3.19467459493065 29.1796875 -79.013671875
635.589 374.334 159.699 754.720
-0.7907294 -0.1406677 0.5957849 635.5885 -0.08274905 0.9888695 0.1236519 374.3336 -0.6065473 0.04847455 -0.7935683 159.6989 0 0 0 1
DataSet: 97
-20.654296875 2.63671875 25.6640625 1.494140625 -3.19467459493065 29.1796875 -78.92578125
633.020 376.104 167.076 755.038
-0.7786948 -0.1415213 0.6112332 633.0198 -0.08255927 0.9888695 0.1237787 376.1037 -0.6219472 0.04592284 -0.7817115 167.076 0 0 0 1
