DataSet_1
-0.4770827293395996 0.5201454758644104 0.7084071636199951 82.51069641113281 
-0.22412773966789246 -0.8514092564582825 0.47420358657836914 25.579710006713867 
0.8497992753982544 0.06746062636375427 0.5227716565132141 -1262.177490234375 
0.0 0.0 0.0 1.0

DataSet_2
0.03728813678026199 0.7251884341239929 0.6875399947166443 40.03293228149414 
-0.06892883777618408 -0.6845133304595947 0.7257343530654907 -63.8839225769043 
0.9969244599342346 -0.07445260882377625 0.024462170898914337 -1394.8057861328125 
0.0 0.0 0.0 1.0

DataSet_3
0.08238471299409866 0.7086798548698425 0.7007036805152893 42.36423873901367 
0.008576184511184692 -0.7035718560218811 0.710572361946106 -113.99205017089844 
0.996563732624054 -0.05253097414970398 -0.06404130905866623 -1417.824951171875 
0.0 0.0 0.0 1.0

DataSet_4
0.08909455686807632 0.628905177116394 0.7723603248596191 48.64859390258789 
-0.2799190878868103 -0.7283815145492554 0.6253844499588013 17.593093872070312 
0.9558804631233215 -0.2719167470932007 0.11114773154258728 -1412.381103515625 
0.0 0.0 0.0 1.0

DataSet_5
-0.03006807342171669 0.6256738901138306 0.7795049548149109 60.76411819458008 
-0.37549087405204773 -0.7298091053962708 0.5713013410568237 -34.47255325317383 
0.9263381958007812 -0.27551910281181335 0.2568788230419159 -1385.047607421875 
0.0 0.0 0.0 1.0

DataSet_6
-0.029641397297382355 0.5920462608337402 0.8053586483001709 66.75267028808594 
-0.30320224165916443 -0.7730761766433716 0.5571548938751221 -49.06898880004883 
0.9524651169776917 -0.22767171263694763 0.2024248093366623 -1401.2979736328125 
0.0 0.0 0.0 1.0

DataSet_7
-0.05060829222202301 0.6005290746688843 0.7979997396469116 76.5608901977539 
-0.038201089948415756 -0.7996028661727905 0.5993128418922424 -77.37632751464844 
0.9979877471923828 -0.0001542568061267957 0.06340739876031876 -1391.3946533203125 
0.0 0.0 0.0 1.0

DataSet_8
-0.07251197099685669 0.7031463980674744 0.7073380351066589 7.9285430908203125 
-0.25312256813049316 -0.6989591121673584 0.6688685417175293 -25.812604904174805 
0.9647128582000732 -0.13054227828979492 0.22866512835025787 -1359.7056884765625 
0.0 0.0 0.0 1.0

DataSet_9
0.021122252568602562 0.739186704158783 0.6731692552566528 -3.4461212158203125 
-0.010797916911542416 -0.6731115579605103 0.73946213722229 70.17218017578125 
0.9997186064720154 -0.022887883707880974 -0.006235979031771421 -1384.6556396484375 
0.0 0.0 0.0 1.0

DataSet_10
-0.13297808170318604 0.5865494012832642 0.7989221811294556 2.8177413940429688 
-0.4900914132595062 -0.7395497560501099 0.46138545870780945 58.704124450683594 
0.8614681363105774 -0.3301907181739807 0.38580673933029175 -1357.3778076171875 
0.0 0.0 0.0 1.0

DataSet_11
-0.11636757850646973 0.6136205196380615 0.7809792160987854 40.617271423339844 
-0.393187016248703 -0.750542938709259 0.5311208367347717 142.1467742919922 
0.9120650291442871 -0.2452656477689743 0.3286064565181732 -1373.6689453125 
0.0 0.0 0.0 1.0

DataSet_12
0.10982109606266022 0.6451417803764343 0.756129264831543 66.63463592529297 
-0.24077977240085602 -0.7208048105239868 0.6499735116958618 19.201181411743164 
0.9643466472625732 -0.25344139337539673 0.07617749273777008 -1427.882568359375 
0.0 0.0 0.0 1.0

DataSet_13
0.00401599146425724 0.5874760150909424 0.8092316389083862 35.410255432128906 
-0.4003005027770996 -0.7406272888183594 0.5396580100059509 -61.44499206542969 
0.9163751602172852 -0.3261030912399292 0.23219256103038788 -1398.7188720703125 
0.0 0.0 0.0 1.0

DataSet_14
0.01886940374970436 0.46681079268455505 0.8841558694839478 62.417335510253906 
-0.15574082732200623 -0.872146725654602 0.4637940526008606 -80.50210571289062 
0.9876177310943604 -0.1464506983757019 0.0562446154654026 -1415.3485107421875 
0.0 0.0 0.0 1.0

DataSet_15
0.12302419543266296 0.796870231628418 0.5914920568466187 46.99068832397461 
-0.1955849677324295 -0.5648612380027771 0.8016722202301025 -12.578075408935547 
0.9729396104812622 -0.21431203186511993 0.08636423945426941 -1421.0164794921875 
0.0 0.0 0.0 1.0

DataSet_16
-0.10595548897981644 0.620134711265564 0.7773070931434631 68.12137603759766 
-0.31797531247138977 -0.7617929577827454 0.5644139647483826 -30.522668838500977 
0.9421597719192505 -0.1873617321252823 0.27790367603302 -1404.9400634765625 
0.0 0.0 0.0 1.0

DataSet_17
0.05762238800525665 0.7674031853675842 0.6385703086853027 58.4488525390625 
-0.06119352579116821 -0.6357154250144958 0.7694941759109497 -2.776780128479004 
0.9964612722396851 -0.08341649174690247 0.010328665375709534 -1418.430908203125 
0.0 0.0 0.0 1.0

DataSet_18
-0.08599105477333069 0.6655537486076355 0.7413796186447144 61.68717575073242 
-0.3405957818031311 -0.7189399600028992 0.6059041619300842 139.7954864501953 
0.936269223690033 -0.20040841400623322 0.2885071933269501 -1384.182373046875 
0.0 0.0 0.0 1.0

DataSet_19
0.13019753992557526 0.6852604746818542 0.7165658473968506 40.05345916748047 
-0.4404848515987396 -0.6075014472007751 0.6609954833984375 180.1700439453125 
0.8882689476013184 -0.4016963839530945 0.2227516919374466 -1431.579833984375 
0.0 0.0 0.0 1.0

DataSet_24
-0.14011624455451965 0.5814882516860962 0.8013980388641357 67.90567016601562 
-0.4497103691101074 -0.7584567666053772 0.4717031717300415 -73.37274169921875 
0.8821156024932861 -0.2943037748336792 0.3677734434604645 -1367.7862548828125 
0.0 0.0 0.0 1.0

DataSet_25
0.06333481520414352 0.7166877388954163 0.6945123076438904 86.23812103271484 
-0.09851998090744019 -0.6880203485488892 0.7189728021621704 -38.545021057128906 
0.9931175708770752 -0.11395934224128723 0.02703242376446724 -1423.0380859375 
0.0 0.0 0.0 1.0

DataSet_26
-0.1471053808927536 0.6097689867019653 0.7788079380989075 75.4047622680664 
-0.5019459128379822 -0.7244781255722046 0.47242119908332825 -95.35877990722656 
0.8522971272468567 -0.32142379879951477 0.41264569759368896 -1366.94189453125 
0.0 0.0 0.0 1.0

DataSet_27
0.02351165935397148 0.6430240273475647 0.7654850482940674 60.299537658691406 
-0.2705901861190796 -0.7330228090286255 0.6240661144256592 54.99942398071289 
0.9624074697494507 -0.22180555760860443 0.15676140785217285 -1395.4793701171875 
0.0 0.0 0.0 1.0

DataSet_28
0.10699283331632614 0.6190384030342102 0.7780385613441467 59.72663879394531 
-0.37286749482154846 -0.7004367709159851 0.6085705757141113 88.95235443115234 
0.921695351600647 -0.35521799325942993 0.15587757527828217 -1423.22705078125 
0.0 0.0 0.0 1.0

DataSet_29
0.16529932618141174 0.7694742679595947 0.6169161796569824 48.8662109375 
0.11972732096910477 -0.6365511417388916 0.7618845105171204 -38.97026062011719 
0.9789491891860962 -0.052077267318964005 -0.19734857976436615 -1437.4215087890625 
0.0 0.0 0.0 1.0

DataSet_30
0.03587285429239273 0.6555976867675781 0.7542577981948853 9.034889221191406 
-0.24429214000701904 -0.7260934710502625 0.64273601770401 -29.117420196533203 
0.9690378904342651 -0.20731602609157562 0.13411031663417816 -1385.306640625 
0.0 0.0 0.0 1.0

DataSet_31
0.013041369616985321 0.7692345380783081 0.6388334631919861 19.281646728515625 
0.1505553126335144 -0.6331148147583008 0.7592751383781433 -126.97103881835938 
0.9885156154632568 0.0862777829170227 -0.12406904250383377 -1395.7445068359375 
0.0 0.0 0.0 1.0

DataSet_32
-0.13698047399520874 0.7246567606925964 0.6753584146499634 17.8272705078125 
-0.14506196975708008 -0.6891096234321594 0.7099894285202026 -93.98096466064453 
0.9798945784568787 -0.0007140934467315674 0.19951468706130981 -1342.3642578125 
0.0 0.0 0.0 1.0

DataSet_33
-0.007163598667830229 0.6619104743003845 0.7495486736297607 16.91059112548828 
-0.4747064411640167 -0.6619739532470703 0.5800381898880005 16.932111740112305 
0.8801150321960449 -0.35166043043136597 0.31895527243614197 -1369.1287841796875 
0.0 0.0 0.0 1.0

DataSet_34
-0.022095104679465294 0.7191451787948608 0.6945084929466248 94.05929565429688 
-0.16034726798534393 -0.6882340908050537 0.7075468897819519 9.379064559936523 
0.9868133068084717 -0.09572920948266983 0.1305195689201355 -1393.6885986328125 
0.0 0.0 0.0 1.0

DataSet_35
-0.07702232152223587 0.6306110620498657 0.7722675800323486 85.9114761352539 
-0.47385045886039734 -0.7046524882316589 0.5281388759613037 58.64012145996094 
0.8772304654121399 -0.32526087760925293 0.35308927297592163 -1379.043212890625 
0.0 0.0 0.0 1.0

DataSet_36
-0.04702968895435333 0.6322768330574036 0.7733137607574463 3.070037841796875 
-0.46944183111190796 -0.6973401308059692 0.5416097640991211 74.85796356201172 
0.8817099928855896 -0.33755412697792053 0.3296128809452057 -1363.7528076171875 
0.0 0.0 0.0 1.0

DataSet_37
-0.06554209440946579 0.7011772394180298 0.7099681496620178 42.177947998046875 
-0.19554303586483002 -0.7067279815673828 0.6799253225326538 50.46421813964844 
0.9785025715827942 -0.09426555782556534 0.1834307461977005 -1367.364013671875 
0.0 0.0 0.0 1.0

DataSet_38
0.11733629554510117 0.7158393859863281 0.6883358359336853 25.470367431640625 
-0.11374685913324356 -0.6788747906684875 0.7253900766372681 -18.23464012145996 
0.9865565896034241 -0.16341061890125275 0.0017678291769698262 -1423.875244140625 
0.0 0.0 0.0 1.0

DataSet_39
0.03496308624744415 0.7517945766448975 0.6584697961807251 86.56015014648438 
0.00528022600337863 -0.659002423286438 0.7521222829818726 -74.18502807617188 
0.9993746876716614 -0.022819606587290764 -0.027010424062609673 -1432.756103515625 
0.0 0.0 0.0 1.0

DataSet_40
-0.0389590710401535 0.862972617149353 0.5037463903427124 51.186546325683594 
0.4029100835323334 -0.44776424765586853 0.7982296943664551 -4.692026138305664 
0.9144099950790405 0.2340627908706665 -0.3302558958530426 -1417.4576416015625 
0.0 0.0 0.0 1.0

DataSet_41
0.08606022596359253 0.678580105304718 0.7294673919677734 42.412567138671875 
0.05912962555885315 -0.7343720197677612 0.6761667132377625 -147.87344360351562 
0.9945337176322937 -0.015057921409606934 -0.10332441329956055 -1437.9632568359375 
0.0 0.0 0.0 1.0

DataSet_42
0.030478114262223244 0.6864095330238342 0.7265762686729431 44.149436950683594 
-0.25972455739974976 -0.6965060234069824 0.668896496295929 -42.514076232910156 
0.9652016758918762 -0.20909643173217773 0.15704922378063202 -1408.64892578125 
0.0 0.0 0.0 1.0

DataSet_43
-0.09995795786380768 0.6332814693450928 0.7674392461776733 86.09973907470703 
-0.5359066128730774 -0.6841336488723755 0.49473756551742554 -34.04499053955078 
0.83833909034729 -0.36182281374931335 0.4077643156051636 -1391.1270751953125 
0.0 0.0 0.0 1.0

DataSet_44
-0.12469545006752014 0.7794685363769531 0.6139054298400879 99.41618347167969 
0.2982582449913025 -0.560670018196106 0.7724578380584717 86.19316101074219 
0.9463049173355103 0.2794243395328522 -0.16256991028785706 -1383.213623046875 
0.0 0.0 0.0 1.0

DataSet_45
0.07451973855495453 0.7733201384544373 0.6296210885047913 58.81147766113281 
0.04326825961470604 -0.6332894563674927 0.772704541683197 166.80125427246094 
0.9962803721427917 -0.03033911995589733 -0.08065277338027954 -1448.146240234375 
0.0 0.0 0.0 1.0

DataSet_46
0.04366198182106018 0.6317012310028076 0.7739813923835754 59.78179931640625 
-0.04518696665763855 -0.7726786136627197 0.6331870555877686 102.88775634765625 
0.9980239272117615 -0.06262010335922241 -0.005192011594772339 -1412.59130859375 
0.0 0.0 0.0 1.0

DataSet_47
-0.06646721065044403 0.5585471391677856 0.8268054127693176 63.225242614746094 
-0.44214412569999695 -0.7593284249305725 0.4774189889431 43.77346420288086 
0.894477903842926 -0.3338344395160675 0.29742875695228577 -1389.886474609375 
0.0 0.0 0.0 1.0

DataSet_48
0.0021005268208682537 0.3728555738925934 0.9278870224952698 32.66215515136719 
-0.30989688634872437 -0.8819663524627686 0.3551046550273895 -57.185791015625 
0.9507678747177124 -0.2882952094078064 0.11369418352842331 -1418.88818359375 
0.0 0.0 0.0 1.0

DataSet_49
-0.07278390228748322 0.7423112392425537 0.6660904884338379 14.412101745605469 
-0.17464323341846466 -0.6670288443565369 0.7242736220359802 -0.12162590026855469 
0.9819380044937134 -0.06361272931098938 0.17818859219551086 -1354.0731201171875 
0.0 0.0 0.0 1.0

DataSet_50
0.04001147300004959 0.7034595012664795 0.7096081972122192 7.0130462646484375 
-0.03001868724822998 -0.7090100646018982 0.7045591473579407 67.78227233886719 
0.9987481832504272 -0.04949197173118591 -0.007251612842082977 -1388.2481689453125 
0.0 0.0 0.0 1.0

DataSet_51
-0.18803152441978455 0.5637908577919006 0.8042288422584534 19.064491271972656 
-0.577667772769928 -0.7257119417190552 0.373687207698822 -76.38165283203125 
0.7943198680877686 -0.3943121135234833 0.4621405303478241 -1344.8017578125 
0.0 0.0 0.0 1.0

DataSet_52
-0.15774571895599365 0.5821630358695984 0.7976230382919312 43.279842376708984 
-0.4831116199493408 -0.7499658465385437 0.451834499835968 63.38618850708008 
0.8612313866615295 -0.31406599283218384 0.3995536267757416 -1349.225341796875 
0.0 0.0 0.0 1.0

DataSet_53
0.06075774505734444 0.5072230100631714 0.8596704602241516 14.34531021118164 
-0.6506450772285461 -0.633010745048523 0.41947394609451294 129.93838500976562 
0.7569474577903748 -0.584826648235321 0.2915618419647217 -1415.3726806640625 
0.0 0.0 0.0 1.0

DataSet_54
0.004008233547210693 0.5982692837715149 0.8012850284576416 -21.421493530273438 
-0.37389805912971497 -0.7422760725021362 0.5560813546180725 91.6759262084961 
0.9274611473083496 -0.3018278479576111 0.22071653604507446 -1381.1871337890625 
0.0 0.0 0.0 1.0

DataSet_55
0.14112967252731323 0.7281346321105957 0.6707475781440735 7.6648712158203125 
0.10891452431678772 -0.6848358511924744 0.7205119132995605 -14.487125396728516 
0.983981728553772 -0.02863141894340515 -0.17595510184764862 -1410.550048828125 
0.0 0.0 0.0 1.0

DataSet_56
-0.02194792963564396 0.6878522038459778 0.7255189418792725 86.42888641357422 
-0.16746295988559723 -0.7179701924324036 0.6756293773651123 -50.46982955932617 
0.9856340885162354 -0.10666889697313309 0.13094770908355713 -1393.8590087890625 
0.0 0.0 0.0 1.0

DataSet_57
0.05435457453131676 0.6354072093963623 0.770261824131012 62.02935028076172 
-0.1505652815103531 -0.7573665380477905 0.6353943943977356 -48.97490692138672 
0.9871047139167786 -0.15051127970218658 0.054503943771123886 -1420.7080078125 
0.0 0.0 0.0 1.0

DataSet_58
0.172214537858963 0.5238369107246399 0.8342283368110657 34.032012939453125 
-0.12092447280883789 -0.8292335867881775 0.5456637144088745 -113.19914245605469 
0.9776089787483215 -0.1948498636484146 -0.07946136593818665 -1454.8707275390625 
0.0 0.0 0.0 1.0

DataSet_59
-0.0037319064140319824 0.6994707584381104 0.7146514654159546 61.62657165527344 
-0.03357475996017456 -0.7143411636352539 0.6989917755126953 54.469966888427734 
0.9994292259216309 -0.02138569951057434 0.026150405406951904 -1395.208251953125 
0.0 0.0 0.0 1.0

DataSet_60
-0.1508837342262268 0.5233172178268433 0.83867347240448 53.7705192565918 
-0.5474265813827515 -0.7506593465805054 0.3699117600917816 53.060604095458984 
0.8231393098831177 -0.4032984673976898 0.3997400403022766 -1379.7496337890625 
0.0 0.0 0.0 1.0

DataSet_62
-0.12309856712818146 0.6760151982307434 0.7265329360961914 61.164756774902344 
-0.21631696820259094 -0.7327753305435181 0.6451722979545593 42.507835388183594 
0.9685316681861877 -0.07774165272712708 0.23643717169761658 -1351.41552734375 
0.0 0.0 0.0 1.0

DataSet_63
0.0015888212947174907 0.6833980083465576 0.7300442457199097 62.36531066894531 
-0.14892515540122986 -0.7217423915863037 0.6759505867958069 11.201335906982422 
0.9888471961021423 -0.10979592055082321 0.10062842816114426 -1401.62890625 
0.0 0.0 0.0 1.0

DataSet_64
-0.09126680344343185 0.6027781367301941 0.7926720380783081 75.266357421875 
-0.6076265573501587 -0.6643492579460144 0.4352356195449829 35.51937484741211 
0.7889615893363953 -0.441925972700119 0.4268970191478729 -1388.1600341796875 
0.0 0.0 0.0 1.0

DataSet_65
-0.09046820551156998 0.7077893018722534 0.7006067037582397 72.26775360107422 
-0.07381343096494675 -0.7063220143318176 0.7040318250656128 102.03736877441406 
0.9931601285934448 0.011978297494351864 0.11614406853914261 -1378.533935546875 
0.0 0.0 0.0 1.0

DataSet_66
0.061302799731492996 0.7236048579216003 0.6874867677688599 17.061222076416016 
-0.10629406571388245 -0.6801323890686035 0.725342333316803 -7.749462127685547 
0.9924432635307312 -0.11754125356674194 0.035220880061388016 -1391.0489501953125 
0.0 0.0 0.0 1.0

DataSet_67
-0.10516396909952164 0.4999145269393921 0.8596661686897278 52.45940399169922 
-0.6601706147193909 -0.6815937757492065 0.3156021237373352 -17.98578643798828 
0.7437171936035156 -0.5343363881111145 0.4017080068588257 -1386.698974609375 
0.0 0.0 0.0 1.0

DataSet_68
0.1213567852973938 0.780637800693512 0.6130882501602173 43.37371063232422 
-0.12086530774831772 -0.6014359593391418 0.7897255420684814 -89.63003540039062 
0.9852228760719299 -0.16993965208530426 0.02136368118226528 -1431.1082763671875 
0.0 0.0 0.0 1.0

DataSet_69
0.03421811759471893 0.6781889200210571 0.7340905070304871 43.12506866455078 
-0.493839830160141 -0.6271101832389832 0.6023744940757751 -23.135116577148438 
0.8688793182373047 -0.38313528895378113 0.3134581744670868 -1387.8795166015625 
0.0 0.0 0.0 1.0

DataSet_70
0.07139087468385696 0.8434768915176392 0.5324003100395203 48.10353088378906 
0.3655499517917633 -0.5187501311302185 0.7728334665298462 10.739463806152344 
0.9280498623847961 0.13944566249847412 -0.3453669548034668 -1413.3671875 
0.0 0.0 0.0 1.0

DataSet_71
0.10503698140382767 0.6088227033615112 0.7863218784332275 80.71542358398438 
-0.5230638384819031 -0.6386650204658508 0.5643678903579712 -73.26853942871094 
0.8457962870597839 -0.47057604789733887 0.2513697147369385 -1444.595458984375 
0.0 0.0 0.0 1.0

DataSet_72
-0.11388666182756424 0.6678451299667358 0.7355356216430664 5.955177307128906 
-0.1378738135099411 -0.7438129782676697 0.6540130376815796 -120.40217590332031 
0.9838804006576538 -0.026927735656499863 0.17678876221179962 -1351.647216796875 
0.0 0.0 0.0 1.0

DataSet_73
0.019662730395793915 0.8057213425636292 0.5919683575630188 -15.204277038574219 
0.26026251912117004 -0.5757951736450195 0.7750634551048279 -107.65058135986328 
0.9653376936912537 0.13882732391357422 -0.22102075815200806 -1391.9014892578125 
0.0 0.0 0.0 1.0

DataSet_74
0.018934188410639763 0.809232234954834 0.5871837139129639 46.84187698364258 
0.07881372421979904 -0.5866695046424866 0.8059821724891663 14.20483684539795 
0.9967095255851746 0.031017538160085678 -0.0748867318034172 -1389.2623291015625 
0.0 0.0 0.0 1.0

DataSet_75
0.13187167048454285 0.5275750160217285 0.839210569858551 41.0632209777832 
-0.1793743520975113 -0.8199276328086853 0.5436391234397888 -102.3183822631836 
0.9749023914337158 -0.22222347557544708 -0.013491789810359478 -1435.6143798828125 
0.0 0.0 0.0 1.0

DataSet_76
-0.07636299729347229 0.7791411280632019 0.6221798658370972 58.39773941040039 
-0.04636576399207115 -0.6261016726493835 0.7783616781234741 88.15010070800781 
0.9960014820098877 0.030590204522013664 0.08393646776676178 -1358.8408203125 
0.0 0.0 0.0 1.0

DataSet_77
0.05140969529747963 0.7743292450904846 0.6306911110877991 40.552982330322266 
0.2086445540189743 -0.6259177923202515 0.7514615058898926 -51.436710357666016 
0.9766393899917603 0.09295785427093506 -0.19373781979084015 -1398.56640625 
0.0 0.0 0.0 1.0

DataSet_78
0.05140671879053116 0.6107950806617737 0.7901181578636169 -14.457969665527344 
-0.3793621063232422 -0.7199171781539917 0.5812088251113892 -63.749671936035156 
0.9238191246986389 -0.3296189308166504 0.19470392167568207 -1394.8067626953125 
0.0 0.0 0.0 1.0

DataSet_79
0.036016762256622314 0.7153332233428955 0.69785475730896 -6.1908416748046875 
-0.09444347023963928 -0.6927460432052612 0.7149708867073059 27.64299774169922 
0.9948785305023193 -0.09165877103805542 0.04260808229446411 -1378.767822265625 
0.0 0.0 0.0 1.0

DataSet_80
-0.0005119889974594116 0.6805306077003479 0.7327194809913635 44.030517578125 
-0.15418925881385803 -0.7240109443664551 0.672334611415863 -80.43905639648438 
0.9880411624908447 -0.11263325810432434 0.10530121624469757 -1388.056640625 
0.0 0.0 0.0 1.0

DataSet_81
0.15007361769676208 0.7156567573547363 0.6821387410163879 24.533428192138672 
-0.11135035008192062 -0.6733280420303345 0.7309107184410095 -151.0340576171875 
0.9823843240737915 -0.18564678728580475 -0.021360119804739952 -1445.72607421875 
0.0 0.0 0.0 1.0

DataSet_82
-0.014535680413246155 0.8381210565567017 0.5452905893325806 54.368160247802734 
0.3080068826675415 -0.515076756477356 0.7998923063278198 -124.69324493408203 
0.9512730836868286 0.17958024144172668 -0.2506600618362427 -1412.3843994140625 
0.0 0.0 0.0 1.0

DataSet_83
0.04031171649694443 0.7232994437217712 0.689356803894043 60.25138854980469 
-0.19408103823661804 -0.6711094975471497 0.7155030369758606 48.695228576660156 
0.9801568388938904 -0.1626342535018921 0.11332514137029648 -1394.4932861328125 
0.0 0.0 0.0 1.0

DataSet_84
0.07890569418668747 0.6595159769058228 0.7475376725196838 -21.51648712158203 
-0.3979414701461792 -0.6667000651359558 0.6302012205123901 33.46199035644531 
0.9140112400054932 -0.34720268845558167 0.20984230935573578 -1388.5341796875 
0.0 0.0 0.0 1.0

DataSet_85
-0.008479885756969452 0.7541056871414185 0.6566982865333557 61.26744842529297 
0.021929651498794556 -0.6564237475395203 0.7540735602378845 -55.365726470947266 
0.9997235536575317 0.020795613527297974 -0.010970883071422577 -1399.1846923828125 
0.0 0.0 0.0 1.0

DataSet_86
-0.018801331520080566 0.7056024670600891 0.7083584070205688 47.765689849853516 
-0.13152694702148438 -0.704072117805481 0.6978417634963989 113.22844696044922 
0.9911342859268188 -0.08004787564277649 0.10604321956634521 -1388.27197265625 
0.0 0.0 0.0 1.0

DataSet_87
-0.07616090774536133 0.6901631355285645 0.7196348309516907 63.23474884033203 
0.039538562297821045 -0.7190730571746826 0.6938087940216064 21.045442581176758 
0.9963113069534302 0.08129441738128662 0.02747720293700695 -1370.706787109375 
0.0 0.0 0.0 1.0

DataSet_88
-0.0006569623947143555 0.7294570803642273 0.684026300907135 70.88684844970703 
-0.09058153629302979 -0.6812578439712524 0.7264177203178406 68.18790435791016 
0.9958888292312622 -0.06148293614387512 0.06652289628982544 -1398.167236328125 
0.0 0.0 0.0 1.0

DataSet_89
0.006625310052186251 0.7281602025032043 0.685374915599823 91.15398406982422 
-0.08564207702875137 -0.6824585199356079 0.7258896231651306 -61.52155685424805 
0.9963039755821228 -0.06350616365671158 0.05783965066075325 -1419.9130859375 
0.0 0.0 0.0 1.0

DataSet_90
-0.05119059607386589 0.6958545446395874 0.7163560390472412 -22.65234375 
-0.47012877464294434 -0.6496388912200928 0.5974515080451965 62.921688079833984 
0.8811120390892029 -0.3061956763267517 0.3603966236114502 -1356.9420166015625 
0.0 0.0 0.0 1.0

DataSet_91
-0.07532128691673279 0.7117703557014465 0.6983620524406433 61.12159729003906 
-0.06263083219528198 -0.7023456692695618 0.709075391292572 -128.16845703125 
0.995190441608429 0.009669482707977295 0.09748031944036484 -1391.4532470703125 
0.0 0.0 0.0 1.0

DataSet_92
0.18887822329998016 0.7460638284683228 0.6385246515274048 31.274078369140625 
-0.3097432851791382 -0.5717732310295105 0.7596936225891113 -68.75874328613281 
0.9318712949752808 -0.34126830101013184 0.12309275567531586 -1449.188720703125 
0.0 0.0 0.0 1.0

DataSet_93
0.19810989499092102 0.7656277418136597 0.6120184063911438 25.58617401123047 
-0.2066987305879593 -0.5777203440666199 0.7896295189857483 -0.18062973022460938 
0.9581378102302551 -0.28293687105178833 0.04380218684673309 -1440.081298828125 
0.0 0.0 0.0 1.0

DataSet_94
-0.03711746633052826 0.6499227285385132 0.7590933442115784 56.58641815185547 
-0.4105181396007538 -0.7024784088134766 0.5813767910003662 -19.76955795288086 
0.9110966324806213 -0.29004237055778503 0.29287928342819214 -1387.8275146484375 
0.0 0.0 0.0 1.0

DataSet_95
-0.025163834914565086 0.77241051197052 0.6346249580383301 42.61432647705078 
-0.007687687408179045 -0.6349567174911499 0.7725094556808472 -94.51445007324219 
0.9996537566184998 0.014560489915311337 0.021916024386882782 -1396.3193359375 
0.0 0.0 0.0 1.0

DataSet_96
-0.006561432033777237 0.7202807664871216 0.693651556968689 42.54782485961914 
-0.14506417512893677 -0.6870144009590149 0.7120165824890137 48.97862243652344 
0.9894004464149475 -0.09595215320587158 0.1089947447180748 -1385.29296875 
0.0 0.0 0.0 1.0

DataSet_97
0.10788804292678833 0.5869328379631042 0.8024150729179382 32.65485382080078 
-0.5407235622406006 -0.6426573991775513 0.5427793860435486 139.2196044921875 
0.8342530727386475 -0.4924441874027252 0.24803340435028076 -1426.946044921875 
0.0 0.0 0.0 1.0

DataSet_98
0.07570821791887283 0.485786497592926 0.87079256772995 17.221397399902344 
-0.46944716572761536 -0.7530951499938965 0.46094152331352234 98.07186126708984 
0.8797088265419006 -0.44368818402290344 0.17103560268878937 -1433.6287841796875 
0.0 0.0 0.0 1.0

DataSet_99
-0.014354138635098934 0.7465285658836365 0.6651985049247742 55.76031494140625 
0.00026965138386003673 -0.6652641296386719 0.7466080784797668 20.4326171875 
0.9998969435691833 0.010896234773099422 0.009348004125058651 -1386.3084716796875 
0.0 0.0 0.0 1.0

DataSet_100
-0.01513725332915783 0.6937001943588257 0.7201048135757446 36.91058349609375 
-0.2981005609035492 -0.690566897392273 0.658979058265686 -0.3033008575439453 
0.9544144868850708 -0.20468851923942566 0.2172456979751587 -1372.2406005859375 
0.0 0.0 0.0 1.0

DataSet_101
0.03961363434791565 0.6648138761520386 0.7459579706192017 30.688331604003906 
0.025577008724212646 -0.746973991394043 0.6643611192703247 -41.747520446777344 
0.9988876581192017 -0.0072383880615234375 -0.0465942919254303 -1387.9234619140625 
0.0 0.0 0.0 1.0

DataSet_102
-0.04220400005578995 0.6516856551170349 0.757314145565033 38.18779754638672 
-0.4382535517215729 -0.6932505369186401 0.572134256362915 -4.24884033203125 
0.897860050201416 -0.30774927139282227 0.3148614466190338 -1368.313232421875 
0.0 0.0 0.0 1.0

DataSet_103
-0.02726355753839016 0.7230695486068726 0.6902369856834412 37.822227478027344 
-0.020996449515223503 -0.6907555460929871 0.7227834463119507 98.02389526367188 
0.9994077086448669 0.00521311117336154 0.03401436284184456 -1371.401611328125 
0.0 0.0 0.0 1.0

DataSet_104
-0.0014069228200241923 0.7494672536849976 0.6620399355888367 40.648399353027344 
0.033296044915914536 -0.6616383790969849 0.7490834593772888 -25.411062240600586 
0.9994445443153381 0.023097215220332146 -0.024023426696658134 -1380.2554931640625 
0.0 0.0 0.0 1.0

DataSet_105
0.16623423993587494 0.7349386215209961 0.6574431657791138 7.134922027587891 
-0.22457490861415863 -0.6209825277328491 0.7509639263153076 43.789642333984375 
0.9601730704307556 -0.27248117327690125 0.06182020157575607 -1412.8426513671875 
0.0 0.0 0.0 1.0

DataSet_106
-0.06548921018838882 0.8201084136962891 0.5684482455253601 29.51140594482422 
0.34711697697639465 -0.5153690576553345 0.7835205793380737 19.233619689941406 
0.9355324506759644 0.24863018095493317 -0.25092244148254395 -1364.3807373046875 
0.0 0.0 0.0 1.0

DataSet_107
-0.03757905215024948 0.7508125901222229 0.6594454050064087 90.35971069335938 
0.010675132274627686 -0.6595723032951355 0.7515653371810913 8.316729545593262 
0.9992366433143616 0.03528276085853577 0.016771085560321808 -1386.5023193359375 
0.0 0.0 0.0 1.0

DataSet_108
0.00043015554547309875 0.7489651441574097 0.6626092195510864 65.23953247070312 
-0.16661947965621948 -0.6532931923866272 0.7385431528091431 -65.89607238769531 
0.9860211610794067 -0.11072129011154175 0.12451117485761642 -1394.220703125 
0.0 0.0 0.0 1.0

DataSet_109
-0.06247493252158165 0.8147189021110535 0.5764806866645813 58.09383010864258 
0.2629101872444153 -0.5437734127044678 0.7969872951507568 -32.93645477294922 
0.9627954363822937 0.20135438442230225 -0.1802257001399994 -1376.2894287109375 
0.0 0.0 0.0 1.0

DataSet_110
0.16602708399295807 0.6549172401428223 0.7372370958328247 34.62119674682617 
-0.11453980207443237 -0.7297453880310059 0.6740566492080688 -57.1882209777832 
0.9794466495513916 -0.19635464251041412 -0.04614339768886566 -1433.1722412109375 
0.0 0.0 0.0 1.0

DataSet_111
-0.0073821768164634705 0.7786312699317932 0.6274383068084717 4.03289794921875 
0.07663920521736145 -0.6251693367958069 0.7767173051834106 -93.48078918457031 
0.997031569480896 0.053820252418518066 -0.0550585612654686 -1396.14013671875 
0.0 0.0 0.0 1.0

DataSet_112
0.009779885411262512 0.6297069787979126 0.7767711877822876 1.0404129028320312 
0.11200746893882751 -0.772609531879425 0.624923050403595 -155.5940704345703 
0.993659257888794 0.08089250326156616 -0.07808791100978851 -1394.759521484375 
0.0 0.0 0.0 1.0

DataSet_113
-0.050806574523448944 0.830417811870575 0.5548197031021118 4.890899658203125 
0.49250903725624084 -0.462454617023468 0.7372723817825317 -106.90473937988281 
0.8688230514526367 0.31071197986602783 -0.38549256324768066 -1393.2001953125 
0.0 0.0 0.0 1.0

DataSet_114
-0.0022361092269420624 0.6625797152519226 0.7489880919456482 -8.305900573730469 
-0.05045458674430847 -0.7481107711791992 0.6616529226303101 -165.53643798828125 
0.9987238645553589 -0.03631037473678589 0.03510304167866707 -1404.1033935546875 
0.0 0.0 0.0 1.0

DataSet_115
-0.007882662117481232 0.7156032919883728 0.6984625458717346 55.92536544799805 
0.05173477530479431 -0.6972569227218628 0.7149519324302673 -124.9580307006836 
0.9986297488212585 0.04177051782608032 -0.031525321304798126 -1410.91552734375 
0.0 0.0 0.0 1.0

DataSet_116
-0.010880466550588608 0.6762838363647461 0.7365608215332031 36.03114318847656 
0.31643861532211304 -0.6964191794395447 0.6441016793251038 -141.86077880859375 
0.9485506415367126 0.24008439481258392 -0.20642493665218353 -1386.4393310546875 
0.0 0.0 0.0 1.0

DataSet_117
0.04835420101881027 0.7776409387588501 0.6268463730812073 29.609275817871094 
-0.08462324738502502 -0.6221346259117126 0.7783234715461731 -62.034847259521484 
0.9952390789985657 -0.09068095684051514 0.03572367876768112 -1412.328125 
0.0 0.0 0.0 1.0

DataSet_118
0.030676741153001785 0.7742921710014343 0.632084310054779 52.632484436035156 
0.19598862528800964 -0.6247656345367432 0.7558150291442871 -18.471349716186523 
0.9801262021064758 0.10069537162780762 -0.17091821134090424 -1407.71142578125 
0.0 0.0 0.0 1.0

DataSet_119
-0.13343119621276855 0.8440245985984802 0.5194407105445862 64.92252349853516 
0.5113787651062012 -0.39032888412475586 0.7655946612358093 85.52508544921875 
0.8489333987236023 0.36778515577316284 -0.37953412532806396 -1381.999267578125 
0.0 0.0 0.0 1.0

DataSet_120
0.02709275484085083 0.46910959482192993 0.8827243447303772 44.586509704589844 
-0.484237939119339 -0.7663653492927551 0.4221348166465759 41.97728729248047 
0.8745168447494507 -0.4388853907585144 0.20639769732952118 -1435.4931640625 
0.0 0.0 0.0 1.0

DataSet_121
-0.09352020174264908 0.7714331150054932 0.6294004321098328 70.65220642089844 
0.05902639031410217 -0.6267630457878113 0.7769710421562195 -44.822391510009766 
0.9938660860061646 0.10981371998786926 0.013080082833766937 -1379.769775390625 
0.0 0.0 0.0 1.0

DataSet_122
-0.05512041226029396 0.6720767617225647 0.7384271025657654 54.54508972167969 
-0.36150723695755005 -0.7028099894523621 0.6126750111579895 -123.05555725097656 
0.9307385683059692 -0.23317581415176392 0.2816997766494751 -1398.8553466796875 
0.0 0.0 0.0 1.0

DataSet_123
0.05929212644696236 0.7646822929382324 0.6416739225387573 43.33233642578125 
-0.03300446644425392 -0.6409517526626587 0.7668712735176086 25.924964904785156 
0.9976949095726013 -0.06664750725030899 -0.012765482999384403 -1409.0220947265625 
0.0 0.0 0.0 1.0

DataSet_124
-0.046206213533878326 0.7005666494369507 0.712089478969574 34.363121032714844 
-0.2199476808309555 -0.7024915218353271 0.6768520474433899 113.06354522705078 
0.9744167923927307 -0.12534767389297485 0.18654747307300568 -1377.9976806640625 
0.0 0.0 0.0 1.0

DataSet_125
-0.06580638140439987 0.7608969211578369 0.6455272436141968 25.40218734741211 
-0.005680769681930542 -0.6472046971321106 0.7622950673103333 -63.248329162597656 
0.997816264629364 0.046496808528900146 0.046912677586078644 -1374.3345947265625 
0.0 0.0 0.0 1.0

DataSet_126
-0.059898823499679565 0.7546195983886719 0.6534228324890137 28.855697631835938 
-0.09137585014104843 -0.6559948921203613 0.749213695526123 6.0396623611450195 
0.9940133690834045 -0.014830050989985466 0.10824735462665558 -1368.2838134765625 
0.0 0.0 0.0 1.0

DataSet_127
-0.051603902131319046 0.685775101184845 0.7259818315505981 41.33997344970703 
0.06761497259140015 -0.7228831052780151 0.6876541376113892 -62.229312896728516 
0.996376097202301 0.08457288146018982 -0.009065084159374237 -1376.76220703125 
0.0 0.0 0.0 1.0

DataSet_128
-0.006621177773922682 0.7017584443092346 0.7123841643333435 58.257259368896484 
-0.0674358531832695 -0.7110913991928101 0.6998581290245056 49.849491119384766 
0.9977016448974609 -0.04340633377432823 0.05203193426132202 -1393.3814697265625 
0.0 0.0 0.0 1.0

DataSet_129
0.051361605525016785 0.5845946669578552 0.8096981048583984 47.74625778198242 
-0.12337492406368256 -0.8008434176445007 0.5860276818275452 15.907363891601562 
0.9910300374031067 -0.12999576330184937 0.030991720035672188 -1414.43505859375 
0.0 0.0 0.0 1.0

DataSet_130
0.08461686968803406 0.811072826385498 0.5787925720214844 -7.8263092041015625 
0.20044124126434326 -0.582857072353363 0.7874648571014404 -45.061912536621094 
0.9760446548461914 0.049381107091903687 -0.21189197897911072 -1413.393798828125 
0.0 0.0 0.0 1.0

DataSet_131
-0.04348219931125641 0.6938149929046631 0.7188394069671631 7.8581390380859375 
-0.37209439277648926 -0.6789999008178711 0.6328546404838562 -39.00171661376953 
0.9271758794784546 -0.23995818197727203 0.28768905997276306 -1371.477294921875 
0.0 0.0 0.0 1.0

DataSet_132
-0.06010903790593147 0.671369194984436 0.7386814951896667 54.66371154785156 
-0.4606034755706787 -0.6751802563667297 0.5761736631393433 -114.92054748535156 
0.885568380355835 -0.30560600757598877 0.3498193919658661 -1394.7874755859375 
0.0 0.0 0.0 1.0

DataSet_133
-0.057026010006666183 0.794358491897583 0.6047665476799011 53.42015838623047 
0.15736810863018036 -0.5910279750823975 0.7911518216133118 -115.99037170410156 
0.985892117023468 0.14028720557689667 -0.09130273014307022 -1400.3284912109375 
0.0 0.0 0.0 1.0

DataSet_134
-0.05402658134698868 0.7687602043151855 0.6372509598731995 42.72707748413086 
-0.038682401180267334 -0.6393153667449951 0.7679710388183594 10.418298721313477 
0.9977899193763733 0.016840457916259766 0.06427749246358871 -1373.778564453125 
0.0 0.0 0.0 1.0

DataSet_135
-0.04034725949168205 0.7437828183174133 0.6672024726867676 87.47251892089844 
-0.10733791440725327 -0.6671085357666016 0.7371870875358582 65.80487060546875 
0.9934035539627075 -0.041872646659612656 0.10675210505723953 -1393.8662109375 
0.0 0.0 0.0 1.0

DataSet_136
-0.042209334671497345 0.8025993704795837 0.5950232148170471 73.158935546875 
0.16083884239196777 -0.5823278427124023 0.7968846559524536 9.78156566619873 
0.9860776662826538 0.129338800907135 -0.10450948029756546 -1392.767333984375 
0.0 0.0 0.0 1.0

DataSet_137
-0.014951423741877079 0.6589663028717041 0.7520238161087036 46.980064392089844 
-0.30067163705825806 -0.7202612161636353 0.6251562237739563 -81.57929229736328 
0.9536104798316956 -0.21676525473594666 0.20890140533447266 -1401.497314453125 
0.0 0.0 0.0 1.0

DataSet_138
-0.056186825037002563 0.6536315679550171 0.7547243237495422 61.769874572753906 
-0.40326282382011414 -0.7063732147216797 0.5817353129386902 -126.82689666748047 
0.9133576154708862 -0.27166637778282166 0.3032741844654083 -1405.5816650390625 
0.0 0.0 0.0 1.0

DataSet_139
-0.08824601769447327 0.47543585300445557 0.8753132820129395 74.4247055053711 
-0.5826919078826904 -0.737343966960907 0.341751366853714 9.362600326538086 
0.8078877925872803 -0.47987979650497437 0.3421002924442291 -1417.469970703125 
0.0 0.0 0.0 1.0

DataSet_140
0.01615646481513977 0.8212472200393677 0.5703437924385071 71.18138885498047 
0.30897223949432373 -0.546601414680481 0.7783077955245972 -22.427419662475586 
0.9509338736534119 0.16364571452140808 -0.2625737488269806 -1418.6285400390625 
0.0 0.0 0.0 1.0

DataSet_141
0.006818764377385378 0.7508081197738647 0.6604852676391602 43.883182525634766 
-0.06293994188308716 -0.658868670463562 0.7496203184127808 -61.114227294921875 
0.997994065284729 -0.046682391315698624 0.04276316985487938 -1401.7513427734375 
0.0 0.0 0.0 1.0

DataSet_142
-0.022880105301737785 0.7832002639770508 0.6213484406471252 51.71247100830078 
-0.1222611591219902 -0.6190381050109863 0.7757860422134399 85.43778228759766 
0.9922342300415039 -0.05821668729186058 0.10991861671209335 -1383.946533203125 
0.0 0.0 0.0 1.0

DataSet_143
-0.059193842113018036 0.764808714389801 0.641532301902771 46.71208190917969 
0.14872844517230988 -0.6287294626235962 0.7632687091827393 -96.84085083007812 
0.9871047735214233 0.14059491455554962 -0.07653187960386276 -1387.5325927734375 
0.0 0.0 0.0 1.0

DataSet_144
-0.04815976321697235 0.7371112704277039 0.6740531921386719 53.45126724243164 
-0.0988507866859436 -0.675040602684021 0.7311283946037292 53.55403518676758 
0.9939361810684204 -0.03141969442367554 0.105373814702034 -1377.29833984375 
0.0 0.0 0.0 1.0

DataSet_145
-0.05418047308921814 0.7157322764396667 0.6962699294090271 -9.472450256347656 
-0.18553483486175537 -0.6923675537109375 0.6972833275794983 -15.176008224487305 
0.9811428785324097 -0.09140318632125854 0.17030605673789978 -1365.020751953125 
0.0 0.0 0.0 1.0

DataSet_146
-0.08493124693632126 0.8108867406845093 0.5790072083473206 31.177906036376953 
0.29506319761276245 -0.5345737338066101 0.7919397354125977 -101.96793365478516 
0.9516955018043518 0.23810414969921112 -0.19386081397533417 -1384.8953857421875 
0.0 0.0 0.0 1.0

DataSet_147
0.09207387268543243 0.7727000713348389 0.6280580759048462 17.95681381225586 
0.023174045607447624 -0.6322293281555176 0.7744346857070923 -30.20952606201172 
0.9954824447631836 -0.05675056204199791 -0.07611837983131409 -1415.7813720703125 
0.0 0.0 0.0 1.0

DataSet_148
0.10286027938127518 0.7262049913406372 0.6797397136688232 44.38029098510742 
-0.08925416320562363 -0.6738694310188293 0.7334396243095398 74.53856658935547 
0.990683376789093 -0.13611143827438354 -0.0044975727796554565 -1421.836181640625 
0.0 0.0 0.0 1.0

DataSet_149
0.009267323650419712 0.7659687995910645 0.6428109407424927 66.46480560302734 
-0.0006958842859603465 -0.642833411693573 0.7660056948661804 -69.46009826660156 
0.9999568462371826 -0.007546157110482454 -0.005424328614026308 -1412.6446533203125 
0.0 0.0 0.0 1.0

DataSet_150
0.009936979971826077 0.7633785009384155 0.6458749771118164 56.76749038696289 
-0.11162512749433517 -0.6410229802131653 0.7593611478805542 69.93983459472656 
0.9937007427215576 -0.07964163273572922 0.07884238660335541 -1395.2188720703125 
0.0 0.0 0.0 1.0

DataSet_151
0.017941506579518318 0.7098745703697205 0.7040995955467224 54.461448669433594 
-0.33802521228790283 -0.6584405899047852 0.6724544167518616 -54.927879333496094 
0.9409660696983337 -0.25006821751594543 0.22814206779003143 -1403.7008056640625 
0.0 0.0 0.0 1.0

DataSet_152
-0.014281406998634338 0.7582339644432068 0.6518261432647705 72.63248443603516 
0.04298970103263855 -0.650824248790741 0.7580103874206543 -38.89179229736328 
0.9989734888076782 0.038847267627716064 -0.023301556706428528 -1401.8551025390625 
0.0 0.0 0.0 1.0

DataSet_153
-0.06424116343259811 0.7419052124023438 0.6674201488494873 90.11155700683594 
-0.13483969867229462 -0.6691215634346008 0.7308177947998047 -37.80266571044922 
0.9887827634811401 -0.043046142905950546 0.14302341639995575 -1384.778564453125 
0.0 0.0 0.0 1.0

DataSet_154
-0.08314413577318192 0.7509478330612183 0.6551064252853394 76.31534576416016 
0.022942692041397095 -0.6557658910751343 0.7546156048774719 -107.12088012695312 
0.996273398399353 0.07777178287506104 0.03729432076215744 -1388.2652587890625 
0.0 0.0 0.0 1.0

DataSet_155
-0.05198456346988678 0.7148540616035461 0.6973387002944946 -3.894500732421875 
-0.17206472158432007 -0.6942514777183533 0.6988623738288879 -60.67128372192383 
0.9837130308151245 -0.08365732431411743 0.159091517329216 -1365.284912109375 
0.0 0.0 0.0 1.0

DataSet_156
-0.06274037063121796 0.7323939204216003 0.677984356880188 47.57071304321289 
-0.1783040165901184 -0.6766190528869629 0.714418888092041 30.745075225830078 
