0.3717042 -0.2424023 0.8961457 580.0984 0.1100496 0.9700077 0.2167351 353.311 -0.9218053 0.01805918 0.3872322 -45.99255 0 0 0 1
0.08702292 -0.3042612 0.9486054 534.3892 0.1699736 0.94279 0.286803 369.2511 -0.9815987 0.1362794 0.1337607 -119.7047 0 0 0 1
0.218609 -0.3196231 0.9219822 542.0012 0.1734753 0.9425147 0.2856088 324.0634 -0.9602689 0.09750445 0.2614889 -49.43321 0 0 0 1
0.2190408 -0.2435397 0.9448331 533.5645 0.1565406 0.9645764 0.2123379 360.3299 -0.9630764 0.1013941 0.2494054 -192.2233 0 0 0 1
0.602625 -0.2663503 0.7522637 576.9938 0.1833218 0.963652 0.1943397 354.5559 -0.7766828 0.02079232 0.6295487 7.379304 0 0 0 1
-0.1384446 -0.1612185 0.97716 610.3732 -0.009220893 0.9868284 0.1615072 306.1433 -0.9903272 0.01334951 -0.1381076 -19.75875 0 0 0 1
0.2269284 -0.2784012 0.9332718 591.9402 0.05666941 0.9604227 0.2727211 349.1256 -0.9722613 -0.009000194 0.233724 -60.33984 0 0 0 1
0.1217528 -0.2310905 0.9652841 605.4552 0.101414 0.9703259 0.219506 358.0953 -0.9873659 0.07116786 0.1415757 112.7988 0 0 0 1
0.5588059 -0.1695258 0.8117863 585.7266 0.1370483 0.9843015 0.1112129 323.7614 -0.8178959 0.04910747 0.5732667 203.523 0 0 0 1
0.6570001 -0.1743472 0.7334535 610.7274 0.1370483 0.9843015 0.1112129 335.8011 -0.741329 0.02745163 0.6705801 203.8564 0 0 0 1
0.184363 -0.184608 0.9653653 602.4861 0.0737144 0.9820328 0.1737175 319.4695 -0.98009 0.03913423 0.1946588 -95.83103 0 0 0 1
0.3273288 -0.2458774 0.9123597 561.7335 0.1779052 0.9643199 0.1960532 329.8669 -0.9280116 0.09813973 0.3593926 -160.791 0 0 0 1
0.07136134 -0.226754 0.9713342 565.9925 0.06757244 0.9726788 0.2221036 356.9856 -0.995159 0.04978582 0.08473398 -22.66739 0 0 0 1
0.4046852 -0.2690031 0.873995 521.3834 0.2209182 0.9562038 0.1920143 314.9385 -0.8873698 0.115376 0.4463892 -158.2328 0 0 0 1
0.338947 -0.2934676 0.8938633 513.5779 0.2396034 0.9457021 0.219631 378.3747 -0.909783 0.1397294 0.3908588 -132.9838 0 0 0 1
0.259082 -0.2537833 0.9319177 556.0919 0.1036264 0.966597 0.2344182 336.1266 -0.9602802 0.0358378 0.2767265 7.534554 0 0 0 1
0.1026309 -0.1965034 0.9751171 559.118 -0.05382985 0.9777599 0.2027016 382.8372 -0.9932619 -0.07329386 0.08977063 97.06226 0 0 0 1
0.1906385 -0.2067772 0.9596354 598.3701 -0.02325209 0.9763382 0.2149955 362.955 -0.9813849 -0.06329994 0.1813196 33.07135 0 0 0 1
0.257097 -0.212735 0.9426796 592.6202 0.08086457 0.9767842 0.1983772 342.4738 -0.9629964 0.02522721 0.2683311 -84.66443 0 0 0 1
0.174528 -0.236356 0.9558639 556.1191 0.1092611 0.9694167 0.2197575 361.6614 -0.9785714 0.06608485 0.1950149 -31.32895 0 0 0 1
0.01519116 -0.1929709 0.9810869 599.3088 0.004534502 0.9812033 0.1929236 331.5889 -0.9998744 0.001518008 0.01578064 45.47756 0 0 0 1
0.1168412 -0.2903014 0.9497753 577.6043 0.02010166 0.956821 0.2899821 326.4236 -0.9929472 -0.01478979 0.1176317 1.091871 0 0 0 1
0.2919011 -0.2542677 0.9220313 584.9158 0.09362688 0.966982 0.2370228 318.769 -0.9518549 0.0171397 0.3060693 -72.41815 0 0 0 1
0.1098727 -0.2342169 0.9659557 588.9323 -0.02006724 0.9711187 0.2377513 319.4639 -0.9937431 -0.04550646 0.1019994 86.939 0 0 0 1
0.1071709 -0.2223097 0.969068 582.4436 -0.01425285 0.9742379 0.2250719 376.176 -0.9941385 -0.03793313 0.1012414 88.32844 0 0 0 1
0.01942752 -0.1008944 0.9947075 643.4712 -0.02482084 0.9945399 0.1013621 379.5188 -0.9995031 -0.02665869 0.01681716 83.57284 0 0 0 1
0.1162301 -0.1226665 0.9856184 602.9511 0.03686244 0.9921932 0.1191377 392.9754 -0.992538 0.02248491 0.1198445 42.25135 0 0 0 1
0.3519019 -0.09167887 0.9315364 616.4121 0.1334787 0.9899365 0.04700282 380.9813 -0.926471 0.1077999 0.3605977 11.50057 0 0 0 1
