DataSet_125
-0.06580638140439987 0.7608969211578369 0.6455272436141968 25.40218734741211 
-0.005680769681930542 -0.6472046971321106 0.7622950673103333 -63.248329162597656 
0.997816264629364 0.046496808528900146 0.046912677586078644 -1374.3345947265625 
0.0 0.0 0.0 1.0

DataSet_126
-0.059898823499679565 0.7546195983886719 0.6534228324890137 28.855697631835938 
-0.09137585014104843 -0.6559948921203613 0.749213695526123 6.0396623611450195 
0.9940133690834045 -0.014830050989985466 0.10824735462665558 -1368.2838134765625 
0.0 0.0 0.0 1.0

DataSet_127
-0.051603902131319046 0.685775101184845 0.7259818315505981 41.33997344970703 
0.06761497259140015 -0.7228831052780151 0.6876541376113892 -62.229312896728516 
0.996376097202301 0.08457288146018982 -0.009065084159374237 -1376.76220703125 
0.0 0.0 0.0 1.0

DataSet_128
-0.006621177773922682 0.7017584443092346 0.7123841643333435 58.257259368896484 
-0.0674358531832695 -0.7110913991928101 0.6998581290245056 49.849491119384766 
0.9977016448974609 -0.04340633377432823 0.05203193426132202 -1393.3814697265625 
0.0 0.0 0.0 1.0

DataSet_129
0.051361605525016785 0.5845946669578552 0.8096981048583984 47.74625778198242 
-0.12337492406368256 -0.8008434176445007 0.5860276818275452 15.907363891601562 
0.9910300374031067 -0.12999576330184937 0.030991720035672188 -1414.43505859375 
0.0 0.0 0.0 1.0

DataSet_130
0.08461686968803406 0.811072826385498 0.5787925720214844 -7.8263092041015625 
0.20044124126434326 -0.582857072353363 0.7874648571014404 -45.061912536621094 
0.9760446548461914 0.049381107091903687 -0.21189197897911072 -1413.393798828125 
0.0 0.0 0.0 1.0

DataSet_131
-0.04348219931125641 0.6938149929046631 0.7188394069671631 7.8581390380859375 
-0.37209439277648926 -0.6789999008178711 0.6328546404838562 -39.00171661376953 
0.9271758794784546 -0.23995818197727203 0.28768905997276306 -1371.477294921875 
0.0 0.0 0.0 1.0

DataSet_132
-0.06010903790593147 0.671369194984436 0.7386814951896667 54.66371154785156 
-0.4606034755706787 -0.6751802563667297 0.5761736631393433 -114.92054748535156 
0.885568380355835 -0.30560600757598877 0.3498193919658661 -1394.7874755859375 
0.0 0.0 0.0 1.0

DataSet_133
-0.057026010006666183 0.794358491897583 0.6047665476799011 53.42015838623047 
0.15736810863018036 -0.5910279750823975 0.7911518216133118 -115.99037170410156 
0.985892117023468 0.14028720557689667 -0.09130273014307022 -1400.3284912109375 
0.0 0.0 0.0 1.0

DataSet_134
-0.05402658134698868 0.7687602043151855 0.6372509598731995 42.72707748413086 
-0.038682401180267334 -0.6393153667449951 0.7679710388183594 10.418298721313477 
0.9977899193763733 0.016840457916259766 0.06427749246358871 -1373.778564453125 
0.0 0.0 0.0 1.0

DataSet_135
-0.04034725949168205 0.7437828183174133 0.6672024726867676 87.47251892089844 
-0.10733791440725327 -0.6671085357666016 0.7371870875358582 65.80487060546875 
0.9934035539627075 -0.041872646659612656 0.10675210505723953 -1393.8662109375 
0.0 0.0 0.0 1.0

DataSet_136
-0.042209334671497345 0.8025993704795837 0.5950232148170471 73.158935546875 
0.16083884239196777 -0.5823278427124023 0.7968846559524536 9.78156566619873 
0.9860776662826538 0.129338800907135 -0.10450948029756546 -1392.767333984375 
0.0 0.0 0.0 1.0

DataSet_137
-0.014951423741877079 0.6589663028717041 0.7520238161087036 46.980064392089844 
-0.30067163705825806 -0.7202612161636353 0.6251562237739563 -81.57929229736328 
0.9536104798316956 -0.21676525473594666 0.20890140533447266 -1401.497314453125 
0.0 0.0 0.0 1.0

DataSet_138
-0.056186825037002563 0.6536315679550171 0.7547243237495422 61.769874572753906 
-0.40326282382011414 -0.7063732147216797 0.5817353129386902 -126.82689666748047 
0.9133576154708862 -0.27166637778282166 0.3032741844654083 -1405.5816650390625 
0.0 0.0 0.0 1.0

DataSet_139
-0.08824601769447327 0.47543585300445557 0.8753132820129395 74.4247055053711 
-0.5826919078826904 -0.737343966960907 0.341751366853714 9.362600326538086 
0.8078877925872803 -0.47987979650497437 0.3421002924442291 -1417.469970703125 
0.0 0.0 0.0 1.0

DataSet_140
0.01615646481513977 0.8212472200393677 0.5703437924385071 71.18138885498047 
0.30897223949432373 -0.546601414680481 0.7783077955245972 -22.427419662475586 
0.9509338736534119 0.16364571452140808 -0.2625737488269806 -1418.6285400390625 
0.0 0.0 0.0 1.0

DataSet_141
0.006818764377385378 0.7508081197738647 0.6604852676391602 43.883182525634766 
-0.06293994188308716 -0.658868670463562 0.7496203184127808 -61.114227294921875 
0.997994065284729 -0.046682391315698624 0.04276316985487938 -1401.7513427734375 
0.0 0.0 0.0 1.0

DataSet_142
-0.022880105301737785 0.7832002639770508 0.6213484406471252 51.71247100830078 
-0.1222611591219902 -0.6190381050109863 0.7757860422134399 85.43778228759766 
0.9922342300415039 -0.05821668729186058 0.10991861671209335 -1383.946533203125 
0.0 0.0 0.0 1.0

DataSet_143
-0.059193842113018036 0.764808714389801 0.641532301902771 46.71208190917969 
0.14872844517230988 -0.6287294626235962 0.7632687091827393 -96.84085083007812 
0.9871047735214233 0.14059491455554962 -0.07653187960386276 -1387.5325927734375 
0.0 0.0 0.0 1.0

DataSet_144
-0.04815976321697235 0.7371112704277039 0.6740531921386719 53.45126724243164 
-0.0988507866859436 -0.675040602684021 0.7311283946037292 53.55403518676758 
0.9939361810684204 -0.03141969442367554 0.105373814702034 -1377.29833984375 
0.0 0.0 0.0 1.0

DataSet_145
-0.05418047308921814 0.7157322764396667 0.6962699294090271 -9.472450256347656 
-0.18553483486175537 -0.6923675537109375 0.6972833275794983 -15.176008224487305 
0.9811428785324097 -0.09140318632125854 0.17030605673789978 -1365.020751953125 
0.0 0.0 0.0 1.0

DataSet_146
-0.08493124693632126 0.8108867406845093 0.5790072083473206 31.177906036376953 
0.29506319761276245 -0.5345737338066101 0.7919397354125977 -101.96793365478516 
0.9516955018043518 0.23810414969921112 -0.19386081397533417 -1384.8953857421875 
0.0 0.0 0.0 1.0

DataSet_147
0.09207387268543243 0.7727000713348389 0.6280580759048462 17.95681381225586 
0.023174045607447624 -0.6322293281555176 0.7744346857070923 -30.20952606201172 
0.9954824447631836 -0.05675056204199791 -0.07611837983131409 -1415.7813720703125 
0.0 0.0 0.0 1.0

DataSet_148
0.10286027938127518 0.7262049913406372 0.6797397136688232 44.38029098510742 
-0.08925416320562363 -0.6738694310188293 0.7334396243095398 74.53856658935547 
0.990683376789093 -0.13611143827438354 -0.0044975727796554565 -1421.836181640625 
0.0 0.0 0.0 1.0

DataSet_149
0.009267323650419712 0.7659687995910645 0.6428109407424927 66.46480560302734 
-0.0006958842859603465 -0.642833411693573 0.7660056948661804 -69.46009826660156 
0.9999568462371826 -0.007546157110482454 -0.005424328614026308 -1412.6446533203125 
0.0 0.0 0.0 1.0

DataSet_150
0.009936979971826077 0.7633785009384155 0.6458749771118164 56.76749038696289 
-0.11162512749433517 -0.6410229802131653 0.7593611478805542 69.93983459472656 
0.9937007427215576 -0.07964163273572922 0.07884238660335541 -1395.2188720703125 
0.0 0.0 0.0 1.0

DataSet_151
0.017941506579518318 0.7098745703697205 0.7040995955467224 54.461448669433594 
-0.33802521228790283 -0.6584405899047852 0.6724544167518616 -54.927879333496094 
0.9409660696983337 -0.25006821751594543 0.22814206779003143 -1403.7008056640625 
0.0 0.0 0.0 1.0

DataSet_152
-0.014281406998634338 0.7582339644432068 0.6518261432647705 72.63248443603516 
0.04298970103263855 -0.650824248790741 0.7580103874206543 -38.89179229736328 
0.9989734888076782 0.038847267627716064 -0.023301556706428528 -1401.8551025390625 
0.0 0.0 0.0 1.0

DataSet_153
-0.06424116343259811 0.7419052124023438 0.6674201488494873 90.11155700683594 
-0.13483969867229462 -0.6691215634346008 0.7308177947998047 -37.80266571044922 
0.9887827634811401 -0.043046142905950546 0.14302341639995575 -1384.778564453125 
0.0 0.0 0.0 1.0

DataSet_154
-0.08314413577318192 0.7509478330612183 0.6551064252853394 76.31534576416016 
0.022942692041397095 -0.6557658910751343 0.7546156048774719 -107.12088012695312 
0.996273398399353 0.07777178287506104 0.03729432076215744 -1388.2652587890625 
0.0 0.0 0.0 1.0

DataSet_155
-0.05198456346988678 0.7148540616035461 0.6973387002944946 -3.894500732421875 
-0.17206472158432007 -0.6942514777183533 0.6988623738288879 -60.67128372192383 
0.9837130308151245 -0.08365732431411743 0.159091517329216 -1365.284912109375 
0.0 0.0 0.0 1.0

DataSet_156
-0.06274037063121796 0.7323939204216003 0.677984356880188 47.57071304321289 
-0.1783040165901184 -0.6766190528869629 0.714418888092041 30.745075225830078 
0.9819731712341309 -0.07606440782546997 0.17304010689258575 -1364.195556640625 
0.0 0.0 0.0 1.0

DataSet_157
-0.07784296572208405 0.7506964206695557 0.6560451984405518 47.842498779296875 
0.02265542559325695 -0.6565400958061218 0.753950834274292 62.190120697021484 
0.9967081546783447 0.07355277985334396 0.034099675714969635 -1361.692626953125 
0.0 0.0 0.0 1.0

DataSet_158
0.035858117043972015 0.7989141345024109 0.6003751754760742 45.98283386230469 
0.08078426122665405 -0.6011127233505249 0.7950706481933594 -26.606761932373047 
0.9960864186286926 0.019991159439086914 -0.08609447628259659 -1403.5147705078125 
0.0 0.0 0.0 1.0

DataSet_159
-0.03396018594503403 0.6549707651138306 0.7548907399177551 89.83753967285156 
-0.36858299374580383 -0.7102916240692139 0.5996935963630676 32.577110290527344 
0.9289743900299072 -0.25787416100502014 0.2655327320098877 -1395.8492431640625 
0.0 0.0 0.0 1.0

DataSet_160
0.003920852672308683 0.8264696598052979 0.5629675984382629 37.62471389770508 
0.2863970100879669 -0.5403173565864563 0.7912230491638184 -39.437068939208984 
0.9581030011177063 0.1581300050020218 -0.23881696164608002 -1397.1376953125 
0.0 0.0 0.0 1.0

DataSet_161
-0.08289983123540878 0.6797757148742676 0.7287197709083557 58.226463317871094 
-0.19691532850265503 -0.7279930710792542 0.6566965579986572 -103.80721282958984 
0.976909339427948 -0.08905607461929321 0.1942087858915329 -1389.0113525390625 
0.0 0.0 0.0 1.0

DataSet_162
-0.07098650932312012 0.735061764717102 0.6742737889289856 60.00816345214844 
0.026580097153782845 -0.674345076084137 0.7379378080368042 -30.031139373779297 
0.9971230626106262 0.07030588388442993 0.028331400826573372 -1381.45263671875 
0.0 0.0 0.0 1.0

DataSet_163
-0.08872240781784058 0.7086682915687561 0.6999411582946777 56.437660217285156 
-0.08554156124591827 -0.7055372595787048 0.7034911513328552 48.93509292602539 
0.992376446723938 0.0025413627736270428 0.12321755290031433 -1371.6259765625 
0.0 0.0 0.0 1.0

DataSet_164
-0.11590509116649628 0.7303443551063538 0.6731739640235901 55.730892181396484 
0.076832115650177 -0.6691185832023621 0.7391732931137085 -59.24555969238281 
0.9902842044830322 0.13739532232284546 0.02144034206867218 -1368.565673828125 
0.0 0.0 0.0 1.0

DataSet_165
-0.04654490202665329 0.724301278591156 0.6879107356071472 59.04319763183594 
-0.06750836223363876 -0.6893635392189026 0.7212631702423096 5.572460651397705 
0.9966323971748352 -0.012868611142039299 0.08098272979259491 -1374.061279296875 
0.0 0.0 0.0 1.0

DataSet_166
-0.0406009778380394 0.7527729868888855 0.6570269465446472 55.64374542236328 
0.03583580255508423 -0.6560490131378174 0.7538670301437378 -23.915136337280273 
0.9985325932502747 0.054152846336364746 -0.0003400072455406189 -1374.929443359375 
0.0 0.0 0.0 1.0

DataSet_167
0.00041444035014137626 0.6847990155220032 0.7287318706512451 34.20440673828125 
-0.2882032096385956 -0.6977294683456421 0.6558296084403992 49.38739776611328 
0.9575691819190979 -0.2102946639060974 0.1970721334218979 -1377.5338134765625 
0.0 0.0 0.0 1.0

DataSet_168
-0.04560060054063797 0.758168637752533 0.6504621505737305 27.108688354492188 
0.04765009880065918 -0.648747444152832 0.7595105767250061 12.709205627441406 
0.9978227019309998 0.06562870740890503 -0.006543524097651243 -1362.732666015625 
0.0 0.0 0.0 1.0

DataSet_169
-0.020321249961853027 0.6877710223197937 0.7256432175636292 63.386253356933594 
-0.06336739659309387 -0.7252198457717896 0.6855951547622681 -116.38933563232422 
0.9977834224700928 -0.03204995393753052 0.05831962451338768 -1403.6768798828125 
0.0 0.0 0.0 1.0

DataSet_170
-0.03034108504652977 0.7175566554069519 0.695838987827301 48.16333770751953 
-0.1597919762134552 -0.6906881928443909 0.7052775025367737 -22.4423828125 
0.9866843223571777 -0.08979058265686035 0.1356160044670105 -1381.3533935546875 
0.0 0.0 0.0 1.0

DataSet_171
0.03213063254952431 0.7674057483673096 0.640356183052063 -26.14427947998047 
0.01972496323287487 -0.6410490274429321 0.767246425151825 2.5004682540893555 
0.9992890357971191 -0.012021093629300594 -0.035734374076128006 -1385.8626708984375 
0.0 0.0 0.0 1.0

DataSet_172
-0.04241405427455902 0.7807489633560181 0.6234036684036255 41.2442741394043 
0.10090255737304688 -0.6174275279045105 0.7801294326782227 -50.60063552856445 
0.9939918518066406 0.09599146246910095 -0.0525919646024704 -1382.124267578125 
0.0 0.0 0.0 1.0

DataSet_173
0.041177380830049515 0.7518685460090637 0.6580259203910828 35.92705535888672 
-0.09866469353437424 -0.6523057818412781 0.7515068054199219 -33.08881378173828 
0.9942684173583984 -0.09586896747350693 0.04732261970639229 -1400.4293212890625 
0.0 0.0 0.0 1.0

DataSet_174
-0.012665435671806335 0.6966315507888794 0.7173172831535339 86.05132293701172 
0.05436977744102478 -0.7158337831497192 0.6961507797241211 10.285881042480469 
0.9984405636787415 0.0478174090385437 -0.028809353709220886 -1398.49169921875 
0.0 0.0 0.0 1.0

DataSet_175
-0.05358407646417618 0.6766566038131714 0.7343464493751526 70.63773345947266 
-0.13774186372756958 -0.7333815097808838 0.6657167077064514 139.66818237304688 
0.9890177249908447 -0.06547844409942627 0.1325015127658844 -1391.2357177734375 
0.0 0.0 0.0 1.0

DataSet_176
0.05456022173166275 0.7112522125244141 0.7008162140846252 76.29813385009766 
-0.027089297771453857 -0.7005490064620972 0.7130900025367737 11.2306547164917 
0.9981428980827332 -0.05789098143577576 -0.018954776227474213 -1416.7188720703125 
0.0 0.0 0.0 1.0

DataSet_177
0.012757513672113419 0.6946344375610352 0.7192497849464417 74.06592559814453 
-0.1580619215965271 -0.7088636159896851 0.6874073147773743 -21.85205078125 
0.9873467683792114 -0.12245559692382812 0.10075190663337708 -1413.8753662109375 
0.0 0.0 0.0 1.0

DataSet_178
0.11726865917444229 0.8233409523963928 0.5552996397018433 58.892486572265625 
0.35160332918167114 -0.557361364364624 0.7521458864212036 -28.06031608581543 
0.9287750720977783 0.10704207420349121 -0.3548504114151001 -1446.9849853515625 
0.0 0.0 0.0 1.0

DataSet_179
0.11103717982769012 0.5561155676841736 0.8236542344093323 56.07781982421875 
-0.36622294783592224 -0.7475591897964478 0.5541083216667175 -35.05467224121094 
0.92387855052948 -0.3631676733493805 0.12065540254116058 -1450.3836669921875 
0.0 0.0 0.0 1.0

DataSet_180
0.09525911509990692 0.5324795246124268 0.8410655856132507 35.8408317565918 
-0.46123671531677246 -0.7251294255256653 0.5113198757171631 -99.5828857421875 
0.882148802280426 -0.436638206243515 0.17652390897274017 -1451.232666015625 
0.0 0.0 0.0 1.0

DataSet_181
-0.06475485116243362 0.7220214605331421 0.6888336539268494 46.32573699951172 
-0.013617574237287045 -0.6908575296401978 0.7228626608848572 -2.464583396911621 
0.9978082776069641 0.037428613752126694 0.0545685775578022 -1375.9244384765625 
0.0 0.0 0.0 1.0

DataSet_182
-0.0018787904409691691 0.7171416282653809 0.6969249844551086 41.97123336791992 
-0.16887986660003662 -0.6871435046195984 0.7066211700439453 118.2838134765625 
0.9856349229812622 -0.11636900156736374 0.12240177392959595 -1396.4542236328125 
0.0 0.0 0.0 1.0

DataSet_183
-0.027749717235565186 0.7629899382591248 0.6458144783973694 15.727169036865234 
0.059063345193862915 -0.6436830163002014 0.7630096673965454 -5.910691261291504 
0.9978684782981873 0.05931729078292847 -0.027202725410461426 -1380.8515625 
0.0 0.0 0.0 1.0

DataSet_184
0.006864107679575682 0.81772780418396 0.5755641460418701 39.054931640625 
0.26866665482521057 -0.5559226274490356 0.7866182327270508 -61.37700653076172 
0.9632087349891663 0.14923547208309174 -0.22351211309432983 -1409.6734619140625 
0.0 0.0 0.0 1.0

DataSet_185
0.002692300593480468 0.8363776206970215 0.5481470823287964 74.40406799316406 
0.3641001284122467 -0.5113435983657837 0.7784335613250732 7.120212554931641 
0.9313559532165527 0.19748465716838837 -0.3059019148349762 -1419.2041015625 
0.0 0.0 0.0 1.0

DataSet_186
-0.013779275119304657 0.7375015616416931 0.675204873085022 80.91026306152344 
0.026494711637496948 -0.6747626066207886 0.7375591397285461 68.78421020507812 
0.9995539784431458 0.028052419424057007 -0.010242156684398651 -1404.5821533203125 
0.0 0.0 0.0 1.0

DataSet_187
-0.0811564028263092 0.7542544007301331 0.651547372341156 77.26276397705078 
0.07245796918869019 -0.6475092768669128 0.7586050629615784 -7.038331985473633 
0.9940641522407532 0.10877543687820435 -0.0021022260189056396 -1382.3668212890625 
0.0 0.0 0.0 1.0

DataSet_188
-0.09309627115726471 0.7054386734962463 0.702630341053009 67.53974914550781 
-0.10504599660634995 -0.7087156176567078 0.697629988193512 -19.932003021240234 
0.9901002049446106 -0.008861749432981014 0.14008226990699768 -1359.8111572265625 
0.0 0.0 0.0 1.0

DataSet_189
-0.0778338685631752 0.7517431974411011 0.6548466086387634 58.04151916503906 
0.08491373062133789 -0.6494537591934204 0.7556450963020325 -93.83926391601562 
0.9933436512947083 0.11442023515701294 -0.013283826410770416 -1372.468505859375 
0.0 0.0 0.0 1.0

DataSet_190
-0.07670506089925766 0.7465122938156128 0.6609355211257935 14.990196228027344 
0.0654657706618309 -0.6576871871948242 0.7504410743713379 -51.59431838989258 
0.9949023127555847 0.1008312925696373 0.0015769301680848002 -1362.1805419921875 
0.0 0.0 0.0 1.0

DataSet_191
-0.047911807894706726 0.7100269198417664 0.7025427222251892 66.03274536132812 
-0.14048480987548828 -0.7011491656303406 0.6990377902984619 77.52789306640625 
0.9889228940010071 -0.06520441174507141 0.13334132730960846 -1380.6795654296875 
0.0 0.0 0.0 1.0

DataSet_192
-0.10578940808773041 0.8047370910644531 0.5841290950775146 62.35771560668945 
0.2624794840812683 -0.5439929366111755 0.7969794273376465 117.9913558959961 
0.95912104845047 0.2376338690519333 -0.1536782830953598 -1370.4998779296875 
0.0 0.0 0.0 1.0

DataSet_193
0.08800216764211655 0.7108582854270935 0.6978080868721008 47.14219665527344 
-0.1066712737083435 -0.6897725462913513 0.7161250114440918 54.22032165527344 
0.99039226770401 -0.13745662569999695 0.015126671642065048 -1414.794189453125 
0.0 0.0 0.0 1.0

DataSet_194
-0.04059679061174393 0.7655013203620911 0.6421523690223694 37.565608978271484 
0.10887879133224487 -0.6354659199714661 0.7644138336181641 -49.69084167480469 
0.9932257533073425 0.10094952583312988 -0.05754900723695755 -1379.2066650390625 
0.0 0.0 0.0 1.0

DataSet_195
-0.00789486151188612 0.7313231229782104 0.6819854378700256 4.600425720214844 
-0.11007767170667648 -0.6784974932670593 0.7263085246086121 -15.086204528808594 
0.9938915967941284 -0.06933730095624924 0.08585900813341141 -1376.955322265625 
0.0 0.0 0.0 1.0

DataSet_196
0.12186038494110107 0.6917598843574524 0.7117711901664734 59.55796813964844 
-0.17361468076705933 -0.6912038922309875 0.7014948725700378 42.24427032470703 
0.977245032787323 -0.20905834436416626 0.0358692966401577 -1430.8179931640625 
0.0 0.0 0.0 1.0

DataSet_197
0.009263350628316402 0.7618067264556885 0.6477380990982056 52.40281677246094 
0.09445785731077194 -0.6455360651016235 0.7578660249710083 -61.17157745361328 
0.995485782623291 0.05416357144713402 -0.07793847471475601 -1398.6219482421875 
0.0 0.0 0.0 1.0

DataSet_198
0.015429009683430195 0.7919009923934937 0.6104545593261719 53.883033752441406 
0.22029463946819305 -0.598217248916626 0.7704585790634155 0.04796791076660156 
0.9753113389015198 0.12259245663881302 -0.1836814433336258 -1390.8450927734375 
0.0 0.0 0.0 1.0

DataSet_199
-0.021600380539894104 0.7476770281791687 0.6637111306190491 60.00205612182617 
-0.07370349764823914 -0.6632504463195801 0.7447594404220581 95.10069274902344 
0.9970462322235107 -0.032830774784088135 0.06943289935588837 -1378.5894775390625 
0.0 0.0 0.0 1.0

DataSet_200
-0.044195059686899185 0.7610390782356262 0.6471988558769226 62.73923110961914 
0.10734743624925613 -0.6404634118080139 0.7604492902755737 -26.89385414123535 
0.9932388067245483 0.10308323055505753 -0.0533902682363987 -1375.9588623046875 
0.0 0.0 0.0 1.0

DataSet_201
-0.026694387197494507 0.7461252808570862 0.665270209312439 61.78052520751953 
-0.03524595499038696 -0.6657961010932922 0.7453007698059082 -22.889747619628906 
0.9990221261978149 -0.003552734851837158 0.044070929288864136 -1385.15234375 
0.0 0.0 0.0 1.0

DataSet_202
-0.053408678621053696 0.6519144773483276 0.756409227848053 63.092872619628906 
-0.4608026146888733 -0.6881055235862732 0.5605102181434631 -21.816043853759766 
0.8858941197395325 -0.3186192810535431 0.33715471625328064 -1380.1741943359375 
0.0 0.0 0.0 1.0

DataSet_203
-0.05203281342983246 0.7187321782112122 0.6933373808860779 56.83204650878906 
-0.04372134804725647 -0.6952516436576843 0.7174354791641235 158.74905395507812 
0.9976878762245178 0.007016539573669434 0.06759984791278839 -1383.854736328125 
0.0 0.0 0.0 1.0

DataSet_204
0.15840531885623932 0.6930118203163147 0.7033081650733948 56.01069641113281 
-0.23929539322853088 -0.6641209125518799 0.7082945108413696 180.9151153564453 
0.9579381346702576 -0.2804960310459137 0.060634270310401917 -1448.19287109375 
0.0 0.0 0.0 1.0

DataSet_205
-0.005963444709777832 0.7396290898323059 0.6729882955551147 96.43840789794922 
0.031868964433670044 -0.6725178360939026 0.7393944263458252 10.673097610473633 
0.9994742274284363 0.025856763124465942 -0.019560694694519043 -1405.3924560546875 
0.0 0.0 0.0 1.0

DataSet_206
0.1675613969564438 0.7757791876792908 0.6083500981330872 56.928802490234375 
0.03072073683142662 -0.6208836436271667 0.783300518989563 -40.21061706542969 
0.9853828549385071 -0.11256198585033417 -0.1278686225414276 -1449.970458984375 
0.0 0.0 0.0 1.0

DataSet_207
-0.2502683103084564 0.7467630505561829 0.6162067651748657 70.43328094482422 
0.030390262603759766 -0.6300883293151855 0.7759285569190979 26.676490783691406 
0.9676994681358337 0.2129170298576355 0.13499681651592255 -1316.283203125 
0.0 0.0 0.0 1.0

DataSet_208
-0.04303716868162155 0.7592567801475525 0.6493666172027588 96.33053588867188 
0.0020535290241241455 -0.6499001979827881 0.7600167989730835 -28.564725875854492 
0.9990713596343994 0.03404244780540466 0.026410706341266632 -1397.588623046875 
0.0 0.0 0.0 1.0

DataSet_209
-0.047753047198057175 0.738947868347168 0.6720682382583618 48.0086669921875 
-0.08716564625501633 -0.6733518242835999 0.7341658473014832 -96.73912048339844 
0.9950487017631531 -0.02352258376777172 0.09656546264886856 -1384.45458984375 
0.0 0.0 0.0 1.0

DataSet_210
-0.048351746052503586 0.702675998210907 0.7098652124404907 51.974361419677734 
-0.1284034252166748 -0.709172248840332 0.6932440400123596 -59.394500732421875 
0.9905426502227783 -0.05762958526611328 0.12451572716236115 -1372.5372314453125 
0.0 0.0 0.0 1.0

DataSet_211
-0.03348958492279053 0.7650384902954102 0.6431131362915039 40.9061164855957 
0.1027410626411438 -0.6374298334121704 0.763627827167511 -76.06190490722656 
0.9941442012786865 0.0916476845741272 -0.05725359916687012 -1421.984130859375 
0.0 0.0 0.0 1.0

DataSet_212
0.04002610221505165 0.750049352645874 0.6601696014404297 43.16640853881836 
-0.19808363914489746 -0.6416298151016235 0.7409952878952026 -165.16856384277344 
0.9793675541877747 -0.16042792797088623 0.12289056926965714 -1475.008056640625 
0.0 0.0 0.0 1.0

DataSet_213
0.04749561473727226 0.7795168161392212 0.6245779991149902 8.103073120117188 
-0.07828360050916672 -0.6204555034637451 0.7803246974945068 -86.58551025390625 
0.9957990646362305 -0.08595620840787888 0.03155447170138359 -1448.8004150390625 
0.0 0.0 0.0 1.0

DataSet_214
-0.03205811604857445 0.7585273385047913 0.6508522033691406 25.983856201171875 
0.008923052810132504 -0.6509436964988708 0.7590735554695129 -224.45408630371094 
0.9994462132453918 0.03014206700026989 0.014099656604230404 -1475.483154296875 
0.0 0.0 0.0 1.0

DataSet_215
-0.04205704107880592 0.8394935131072998 0.5417396426200867 46.170433044433594 
0.3912167549133301 -0.4850867986679077 0.7820743322372437 -5.772560119628906 
0.9193370938301086 0.24482934176921844 -0.3080225884914398 -1421.9527587890625 
0.0 0.0 0.0 1.0

DataSet_216
-0.11170326918363571 0.6734225749969482 0.7307697534561157 0.06229400634765625 
-0.3550652861595154 -0.7138761878013611 0.6035805344581604 -39.09551239013672 
0.9281438589096069 -0.192049041390419 0.3188512623310089 -1379.8546142578125 
0.0 0.0 0.0 1.0

DataSet_217
0.007726586889475584 0.7050662040710449 0.7090994119644165 45.83844757080078 
0.030937133356928825 -0.7089496850967407 0.7045801877975464 -88.14901733398438 
0.9994913935661316 0.016493499279022217 -0.027290483936667442 -1406.3994140625 
0.0 0.0 0.0 1.0

DataSet_218
-0.05313927307724953 0.701391339302063 0.7107928395271301 62.8383674621582 
-0.14062751829624176 -0.7099611759185791 0.6900572776794434 35.179298400878906 
0.9886354804039001 -0.06328790634870529 0.136361762881279 -1379.653564453125 
0.0 0.0 0.0 1.0

DataSet_219
-0.1147802546620369 0.7240530848503113 0.6801269054412842 46.12964630126953 
-0.005759685765951872 -0.6851253509521484 0.7284023761749268 145.42784118652344 
0.993374228477478 0.0796888992190361 0.08280918747186661 -1400.557861328125 
0.0 0.0 0.0 1.0

DataSet_220
-0.12470089644193649 0.7790752053260803 0.6144034266471863 23.154747009277344 
0.3514743447303772 -0.5443967580795288 0.7616416215896606 182.97421264648438 
0.9278553128242493 0.3109244108200073 -0.2059382051229477 -1385.68408203125 
0.0 0.0 0.0 1.0

DataSet_221
-0.13520805537700653 0.8007290959358215 0.5835680365562439 44.14857482910156 
0.4348398447036743 -0.48127055168151855 0.7611129283905029 166.78392028808594 
0.8902994394302368 0.3566672205924988 -0.28311726450920105 -1362.132568359375 
0.0 0.0 0.0 1.0

DataSet_222
-0.10359694063663483 0.6996757984161377 0.7069098353385925 39.25324630737305 
-0.0976189374923706 -0.7144551277160645 0.6928379535675049 102.72555541992188 
0.9898172616958618 0.002768099308013916 0.14231696724891663 -1369.9254150390625 
0.0 0.0 0.0 1.0

DataSet_223
-0.09446065872907639 0.7236114740371704 0.6837130188941956 7.569091796875 
-0.03816240653395653 -0.6889111399650574 0.7238404750823975 -132.30419921875 
0.9947968125343323 0.042282309383153915 0.09268974512815475 -1394.1971435546875 
0.0 0.0 0.0 1.0

DataSet_224
-0.040880605578422546 0.7727712988853455 0.633366584777832 6.970085144042969 
0.09696793556213379 -0.6278358101844788 0.7722820043563843 -208.1090850830078 
0.9944475889205933 0.09298762679100037 -0.04926775395870209 -1440.1234130859375 
0.0 0.0 0.0 1.0

DataSet_225
-0.038619015365839005 0.7372248768806458 0.6745428442955017 38.31597137451172 
-0.20475688576698303 -0.6665608286857605 0.7167783975601196 -49.58228302001953 
0.978050708770752 -0.11043605208396912 0.17669381201267242 -1436.0791015625 
0.0 0.0 0.0 1.0

DataSet_226
-0.034740641713142395 0.8165381550788879 0.576245129108429 -15.552291870117188 
0.16425681114196777 -0.5640870332717896 0.809212863445282 -182.83863830566406 
0.9858056306838989 0.12276475876569748 -0.114525206387043 -1468.302001953125 
0.0 0.0 0.0 1.0

DataSet_227
-0.007584698498249054 0.8238515853881836 0.5667547583580017 45.544212341308594 
0.08507522940635681 -0.5641844868659973 0.8212539553642273 -159.59031677246094 
0.9963456392288208 0.054445743560791016 -0.06581021100282669 -1493.7686767578125 
0.0 0.0 0.0 1.0

DataSet_228
-0.019815929234027863 0.7793000936508179 0.6263375282287598 20.34600830078125 
-0.026858896017074585 -0.6266493201255798 0.7788383960723877 -10.888025283813477 
0.9994428157806396 -0.00138932466506958 0.03334879130125046 -1436.1357421875 
0.0 0.0 0.0 1.0

DataSet_229
-0.05198417976498604 0.706333339214325 0.7059680819511414 67.20695495605469 
-0.1384703516960144 -0.7051934003829956 0.6953619122505188 108.8673324584961 
0.9890013337135315 -0.061607807874679565 0.13446511328220367 -1448.6651611328125 
0.0 0.0 0.0 1.0

DataSet_230
-0.06490474939346313 0.6941466331481934 0.7169015407562256 59.82148361206055 
-0.034087661653757095 -0.7195393443107605 0.6936146020889282 25.96999168395996 
0.9973090887069702 0.02058139629662037 0.0703633576631546 -1401.37548828125 
0.0 0.0 0.0 1.0

DataSet_231
-0.06976861506700516 0.7260710597038269 0.6840710043907166 30.18463134765625 
0.013866662979125977 -0.6849699020385742 0.7284393906593323 -123.55616760253906 
0.9974668622016907 0.060307979583740234 0.03772120922803879 -1407.8455810546875 
0.0 0.0 0.0 1.0

DataSet_232
-0.039088137447834015 0.7657859921455383 0.6419064402580261 40.76490020751953 
-0.11097034811973572 -0.6417504549026489 0.7588425278663635 -57.54788589477539 
0.9930547475814819 -0.041570842266082764 0.11006437987089157 -1445.5223388671875 
0.0 0.0 0.0 1.0

DataSet_233
-0.08211246877908707 0.6996350884437561 0.7097663283348083 28.468360900878906 
-0.24737834930419922 -0.7041916251182556 0.6655209064483643 32.266170501708984 
0.9654333591461182 -0.12093325704336166 0.23089750111103058 -1389.8109130859375 
0.0 0.0 0.0 1.0

DataSet_234
0.012564383447170258 0.6984415650367737 0.7155567407608032 25.715412139892578 
-0.1000998318195343 -0.7111398577690125 0.6958879828453064 -12.219270706176758 
0.9948980212211609 -0.08037048578262329 0.06097885221242905 -1408.993408203125 
0.0 0.0 0.0 1.0

DataSet_235
-0.029841279610991478 0.7376742362976074 0.6744970679283142 11.985488891601562 
0.07413995265960693 -0.671305239200592 0.7374635934829712 -101.65542602539062 
0.9968012571334839 0.07201406359672546 -0.0346585288643837 -1403.9688720703125 
0.0 0.0 0.0 1.0

DataSet_236
-0.036134734749794006 0.694639265537262 0.7184500694274902 21.994384765625 
-0.14597773551940918 -0.7148772478103638 0.6838428378105164 81.80367279052734 
0.9886277318000793 -0.0801672637462616 0.12723378837108612 -1393.05126953125 
0.0 0.0 0.0 1.0

DataSet_237
-0.04095979034900665 0.7178439497947693 0.6949981451034546 70.87616729736328 
-0.11443427205085754 -0.6943750977516174 0.7104561924934387 91.61720275878906 
0.992586076259613 -0.05043143033981323 0.11058740317821503 -1420.350830078125 
0.0 0.0 0.0 1.0

DataSet_238
-0.21112704277038574 0.604952335357666 0.7677617073059082 79.51284790039062 
-0.1916801929473877 -0.795840322971344 0.5743665099143982 14.820924758911133 
0.9584801197052002 -0.02590039372444153 0.2839807868003845 -1352.5823974609375 
0.0 0.0 0.0 1.0

DataSet_239
-0.1684303730726242 0.6224684715270996 0.764306366443634 78.41151428222656 
-0.05681819096207619 -0.7802255749702454 0.6229123473167419 -10.448442459106445 
0.9840746521949768 0.06149083748459816 0.1667812168598175 -1398.303955078125 
0.0 0.0 0.0 1.0

DataSet_240
-0.18117587268352509 0.6868835687637329 0.7038225531578064 66.20309448242188 
0.1209666058421135 -0.6946670413017273 0.7090872526168823 -73.97309875488281 
0.9759827256202698 0.2136085480451584 0.042766936123371124 -1389.002685546875 
0.0 0.0 0.0 1.0

