-0.1348538 0.2444966 0.960227 778.5845 -0.1261106 0.9569632 -0.2613764 363.8375 -0.9828075 -0.1563424 -0.09821649 86.20315 0 0 0 1
0.1395244 -0.2464284 0.9590652 617.9725 0.1148699 0.9660279 0.2315062 342.547 -0.9835334 0.07786694 0.1630916 -20.25517 0 0 0 1
0.1936959 -0.2892582 0.9374495 598.3959 0.08703545 0.9568448 0.2772596 350.969 -0.9771933 0.02788731 0.2105126 -78.10572 0 0 0 1
-0.06617902 -0.3059019 0.9497601 596.3076 -0.009234582 0.9519938 0.3059779 349.6342 -0.997765 0.01147868 -0.0658269 52.7756 0 0 0 1
-0.1948748 -0.2000039 0.9602199 635.3307 -0.00815652 0.9792855 0.2023197 362.4467 -0.9807942 0.03159496 -0.1924694 -3.611546 0 0 0 1
-0.1453896 -0.209623 0.9669126 623.829 -0.07732137 0.9767153 0.2001218 372.7964 -0.9863485 -0.04566738 -0.1582126 -25.99516 0 0 0 1
0.1165534 -0.1626011 0.9797837 639.4847 -0.1053679 0.9789155 0.1749914 382.0901 -0.9875793 -0.1236336 0.09696305 -57.03233 0 0 0 1
-0.02406971 -0.1321213 0.9909413 648.7958 0.05194145 0.9897244 0.1332207 307.9399 -0.99836 0.05467751 -0.01695981 1.213683 0 0 0 1
0.2179854 -0.2199915 0.9508344 611.2287 0.05042288 0.9755009 0.2141387 295.2309 -0.9746486 0.001264682 0.2237376 80.76244 0 0 0 1
-0.3336885 -0.1127913 0.9359114 647.7429 -0.09536157 0.9917622 0.08552206 298.3423 -0.9378476 -0.06071224 -0.3416956 67.04211 0 0 0 1
-0.1909676 -0.1025445 0.9762254 635.5755 -0.09536157 0.9917622 0.08552206 337.2857 -0.9769532 -0.07676244 -0.1991733 164.4854 0 0 0 1
-0.02516221 -0.3197422 0.9471704 587.6183 0.002626453 0.947446 0.319905 370.9058 -0.9996799 0.01053721 -0.02300004 42.95168 0 0 0 1
-0.1466664 -0.2512082 0.9567567 611.3505 -0.0144787 0.9676577 0.2518509 340.7886 -0.9890801 0.02308546 -0.14556 12.91784 0 0 0 1
0.03791631 -0.2588394 0.9651759 604.0092 -0.1984682 0.9446781 0.261139 371.08 -0.9793736 -0.2014582 -0.01555268 -17.10796 0 0 0 1
0.1193665 -0.3249491 0.9381683 583.9614 0.2819187 0.9171237 0.2817905 348.5146 -0.951984 0.2308508 0.2010831 67.89962 0 0 0 1
-0.09799076 -0.1289868 0.9867929 617.4167 0.03156497 0.9906632 0.1326272 382.0136 -0.9946866 0.04414433 -0.09300438 37.82191 0 0 0 1
0.2304659 -0.2769075 0.9328492 589.0657 0.1964223 0.9521605 0.2341126 363.6819 -0.9530497 0.1292774 0.2738313 79.02239 0 0 0 1
-0.1090435 -0.1354239 0.9847689 621.9995 0.02617466 0.9899417 0.1390336 361.953 -0.9936923 0.0409367 -0.104402 176.0782 0 0 0 1
-0.172908 -0.3184528 0.9320357 557.198 0.1266874 0.9312375 0.3416826 341.0895 -0.9767565 0.1771568 -0.1206744 223.4627 0 0 0 1
-0.2781455 -0.1223757 0.9527115 661.0216 -0.06799861 0.9918712 0.1075534 370.4192 -0.958129 -0.03486755 -0.2842059 -43.12297 0 0 0 1
0.1238436 -0.2741182 0.9536886 602.5654 0.08634509 0.9604188 0.2648401 393.5579 -0.988538 0.04954758 0.1426105 -7.507477 0 0 0 1
-0.3041408 -0.1026988 0.9470751 666.455 0.002585532 0.9940793 0.1086262 379.7427 -0.9526236 0.03548634 -0.3020745 -41.01223 0 0 0 1
0.005351145 -0.2446351 0.9696004 608.8398 -0.006317286 0.9695867 0.2446665 358.9997 -0.9999657 -0.007434489 0.003642969 116.6651 0 0 0 1
-0.08243018 -0.3279735 0.9410837 574.3259 -0.007551142 0.9444758 0.3284943 360.563 -0.9965683 0.01997158 -0.08032988 147.9227 0 0 0 1
0.3622769 -0.3795905 0.8512734 570.1063 0.1840886 0.9244636 0.333884 354.2261 -0.9137105 0.03575132 0.4047901 14.9593 0 0 0 1
0.01408597 -0.2549773 0.9668444 613.1201 0.0336404 0.9665138 0.2544 308.9295 -0.9993348 0.02894156 0.02219182 27.67646 0 0 0 1
0.3825087 -0.232018 0.894346 615.1151 0.1607614 0.9699056 0.1828632 326.7963 -0.9098587 0.07382958 0.4082969 -80.44363 0 0 0 1
0.1207142 -0.07693015 0.9897019 672.2834 0.1138789 0.9914837 0.06317882 317.4178 -0.9861337 0.1050796 0.1284468 -40.1249 0 0 0 1
-0.1941138 -0.2106367 0.9580981 627.8127 0.0562475 0.9726788 0.2252382 313.0515 -0.9793651 0.09761246 -0.1769626 81.21702 0 0 0 1
0.09080176 -0.189316 0.9777088 633.8508 0.06695461 0.9807037 0.1836776 396.5655 -0.9936157 0.04878386 0.1017252 41.61327 0 0 0 1
-0.2357944 -0.150642 0.9600562 643.7293 -0.02876496 0.9885615 0.14805 384.7459 -0.9713772 0.00729337 -0.2374304 99.15746 0 0 0 1
-0.2208788 -0.1749887 0.9594746 630.3624 -0.0264791 0.9844859 0.1734546 298.4241 -0.9749417 0.01290642 -0.2220856 112.2283 0 0 0 1
0.04552386 -0.1394129 0.9891874 646.4255 0.01620115 0.9901868 0.1388082 339.8383 -0.9988319 0.009706885 0.04733577 69.39556 0 0 0 1
0.128322 -0.3201084 0.9386501 582.2444 0.08096715 0.946697 0.3117837 331.3913 -0.9884219 0.03599111 0.1474003 4.380678 0 0 0 1
0.2511503 -0.2489276 0.9353922 598.7594 0.1091758 0.9674844 0.2281546 400.2557 -0.9617714 0.04482106 0.2701608 -44.09417 0 0 0 1
0.6456481 -0.2316595 0.7276486 601.2684 0.1961158 0.9712171 0.1351887 361.9125 -0.7380224 0.05541905 0.6724965 14.15238 0 0 0 1
0.2766433 -0.2858152 0.9174847 584.3947 0.01878327 0.9561718 0.2922034 358.5088 -0.9607891 -0.06360275 0.269887 -120.2519 0 0 0 1
-0.004417834 -0.2383673 0.971165 607.9933 0.04339498 0.9702139 0.2383313 351.8265 -0.9990482 0.0431966 0.006057702 -14.88486 0 0 0 1
-0.332245 -0.1266642 0.9346493 644.9337 -0.01156738 0.9914144 0.1302451 393.8522 -0.9431222 0.03246185 -0.3308576 -7.106269 0 0 0 1
0.5453342 -0.08659147 0.8337341 651.0522 0.0410254 0.996215 0.07663254 402.0782 -0.8372142 -0.007586069 0.5468225 100.9435 0 0 0 1
0.309672 -0.2578311 0.9152193 566.6619 0.06701899 0.9660589 0.249477 370.5591 -0.9484786 -0.01591897 0.316441 165.95 0 0 0 1
0.204661 -0.2340071 0.9504496 595.2629 -0.09327028 0.9619225 0.2569157 359.3867 -0.9743791 -0.1412293 0.1750422 130.8772 0 0 0 1
-0.2382917 -0.1927912 0.9518659 627.443 -0.1195111 0.9784709 0.1682612 362.5461 -0.9638123 -0.07366326 -0.2562022 68.7785 0 0 0 1
-0.1680005 -0.3080095 0.9364325 591.6276 -0.3271066 0.9135304 0.2417921 334.4071 -0.9299339 -0.2656921 -0.2542256 -47.65596 0 0 0 1
0.1018494 -0.1352828 0.9855584 651.6699 0.101786 0.9869279 0.124952 311.1737 -0.9895788 0.08758972 0.1142879 33.42152 0 0 0 1
0.2253767 -0.2404984 0.9441217 606.2462 0.01974035 0.9699821 0.2423735 304.3817 -0.9740717 -0.03598806 0.2233589 91.73084 0 0 0 1
-0.4051106 -0.09847385 0.908949 669.252 -0.05252781 0.9950473 0.08439039 318.2984 -0.9127575 -0.01355766 -0.4082768 -25.31681 0 0 0 1
-0.2528965 -0.1041997 0.9618658 654.6558 -0.07857076 0.9931115 0.08692652 336.2098 -0.9642977 -0.05359112 -0.2593414 124.7909 0 0 0 1
-0.3788911 -0.337637 0.8616512 563.4287 -0.1213464 0.9411576 0.3154323 312.6949 -0.9174511 0.01495624 -0.3975672 182.825 0 0 0 1
-0.09980731 -0.2372962 0.9662966 594.8335 -0.06116854 0.9707721 0.2320773 274.6427 -0.9931248 -0.03594394 -0.1114052 144.2144 0 0 0 1
0.3639834 -0.3444291 0.8653812 581.8165 0.1053287 0.9383746 0.3291793 307.8266 -0.9254307 -0.02866638 0.377831 35.96534 0 0 0 1
0.09281202 -0.198149 0.9757679 632.9225 0.06107232 0.9792855 0.1930543 390.6944 -0.9938089 0.04167464 0.1029909 5.142198 0 0 0 1
0.119376 -0.2767826 0.9534887 593.3629 0.02618133 0.9608997 0.275656 371.0487 -0.9925039 -0.007943102 0.1219549 29.25231 0 0 0 1
0.1193223 -0.3844434 0.9154046 556.4758 -0.08339122 0.9148532 0.3950818 349.6474 -0.9893473 -0.1234788 0.07710321 -41.98177 0 0 0 1
0.2470196 -0.2130461 0.9453003 607.9445 0.05904137 0.9770281 0.2047685 363.2001 -0.9672101 0.00522999 0.2539237 118.7766 0 0 0 1
-0.3569217 -0.1559192 0.9210299 626.0121 -0.1120215 0.9860006 0.1235069 354.7104 -0.9273932 -0.05909288 -0.3693913 111.2959 0 0 0 1
0.06563476 -0.1013064 0.9926878 658.2168 0.02539435 0.9946803 0.09983075 356.2368 -0.9975205 0.01865629 0.06785821 112.6876 0 0 0 1
0.1312261 -0.2267163 0.96508 605.8292 0.06976203 0.9731969 0.2191373 366.1135 -0.9888948 0.03856941 0.143525 83.86847 0 0 0 1
-0.3685436 -0.1667055 0.9145408 624.995 0.005899297 0.98335 0.1816256 377.8663 -0.9295918 0.07233208 -0.3614239 109.1998 0 0 0 1
0.1933901 -0.1298463 0.9724917 629.4672 0.05358556 0.9911221 0.1216778 372.0957 -0.9796575 0.02858023 0.1986311 150.3723 0 0 0 1
0.1478477 -0.2763835 0.9496069 607.599 0.09970119 0.9594327 0.2637205 315.6983 -0.9839719 0.05568646 0.1694057 27.52515 0 0 0 1
-0.4934062 -0.2199832 0.8415211 628.2557 -0.1425065 0.9748608 0.1712844 352.699 -0.8580456 -0.03540944 -0.5123514 17.29021 0 0 0 1
0.1444906 -0.3292655 0.9331167 581.3406 0.2305584 0.9282598 0.2918503 351.3078 -0.9622709 0.1729682 0.2100397 -43.743 0 0 0 1
-0.2389843 -0.2354794 0.9420382 622.555 0.0907336 0.9604898 0.2631098 343.3062 -0.966775 0.1483536 -0.2081761 16.84943 0 0 0 1
0.5919482 -0.3204835 0.7395185 591.9203 0.2240879 0.9468098 0.2309456 349.3485 -0.7741976 0.02900935 0.6322788 48.52323 0 0 0 1
-0.2877756 -0.3267918 0.900218 579.8393 0.03273264 0.9360757 0.3502724 392.128 -0.9571384 0.1302664 -0.258683 -29.82354 0 0 0 1
0.07690355 -0.1050889 0.9914848 660.3474 0.04021295 0.9939476 0.1022309 308.2899 -0.9962273 0.03200861 0.08066403 -76.33973 0 0 0 1
0.4921448 -0.2505747 0.8336701 606.3769 0.1940418 0.9651587 0.1755463 290.03 -0.8486114 0.07537261 0.5236198 -66.1366 0 0 0 1
0.3565662 -0.2517217 0.8997204 617.5107 0.2025855 0.9609387 0.188563 344.6346 -0.9120415 0.1150351 0.3936334 57.83813 0 0 0 1
0.008479178 -0.3657938 0.9306573 575.5344 -0.1101957 0.9246805 0.3644486 349.2592 -0.9938737 -0.1056446 -0.03246837 -71.55825 0 0 0 1
0.274666 -0.1449808 0.9505467 646.9154 0.1299838 0.9850914 0.1126902 352.0496 -0.9527134 0.09260346 0.2894163 143.7876 0 0 0 1
0.431026 -0.2689228 0.8613345 611.1644 0.1392702 0.9629455 0.2309543 343.0101 -0.8915271 0.02041091 0.4525074 -18.09109 0 0 0 1
-0.1588161 -0.2844934 0.9454316 599.2367 -0.001008179 0.9576313 0.2879951 288.1171 -0.9873077 0.04478509 -0.1523741 -28.82242 0 0 0 1
0.1717045 -0.2510457 0.9526246 609.6134 0.07289326 0.9675727 0.2418464 289.7453 -0.982448 0.02791381 0.1844361 69.44809 0 0 0 1
0.09333985 -0.2196681 0.9710992 626.6792 0.07419469 0.97418 0.2132336 347.3925 -0.992866 0.05214721 0.107228 -19.56806 0 0 0 1
0.1117257 -0.352718 0.9290357 565.9947 0.1751725 0.9272397 0.3309699 338.1113 -0.9781779 0.1257637 0.165383 -96.75514 0 0 0 1
0.5476528 -0.2413753 0.8011332 608.5829 0.2522939 0.9605584 0.1169414 363.9513 -0.797762 0.1380776 0.5869501 -71.60901 0 0 0 1
0.1175142 -0.2600232 0.9584249 607.0992 0.1144676 0.9622259 0.2470194 357.9394 -0.986452 0.08068032 0.1428394 118.3988 0 0 0 1
-0.1042348 -0.2965859 0.9493008 589.6454 0.06928551 0.9500157 0.3044169 275.163 -0.9921364 0.09750363 -0.07847564 98.14458 0 0 0 1
0.3233046 -0.21821 0.9207923 616.907 0.1724862 0.970338 0.1693888 366.2625 -0.9304422 0.1040597 0.351353 33.63756 0 0 0 1
0.1488486 -0.202777 0.9678459 605.9827 0.07288855 0.9783365 0.1937652 346.1423 -0.9861701 0.04170319 0.1604042 169.0072 0 0 0 1
0.2971584 -0.1378485 0.9448252 639.2296 0.0412486 0.9904533 0.1315324 363.3027 -0.9539368 -0.0001132416 0.3000076 92.64218 0 0 0 1
0.1969912 -0.2217269 0.9550035 605.3627 0.1192959 0.9722734 0.201129 371.2177 -0.9731202 0.07430734 0.2179804 139.7578 0 0 0 1
0.1980082 -0.2286757 0.9531528 606.6754 0.1546476 0.9675154 0.199995 401.0263 -0.967924 0.1078021 0.2269401 28.49808 0 0 0 1
-0.1749573 -0.158843 0.9716784 621.1396 0.1180872 0.976391 0.1808758 272.1593 -0.9774688 0.1463883 -0.1520694 140.0995 0 0 0 1
0.2154635 -0.1451973 0.9656569 637.8492 0.1289057 0.9844592 0.1192622 371.6693 -0.9679663 0.09878206 0.2308318 -40.22519 0 0 0 1
-0.02128047 -0.3717552 0.9280869 557.3304 0.2755216 0.8901699 0.3628847 338.1589 -0.9610593 0.2634303 0.08348334 18.29079 0 0 0 1
0.09376714 -0.3991671 0.9120709 552.3653 0.2750941 0.8908291 0.3615891 327.1177 -0.9568338 0.2170002 0.193339 84.54443 0 0 0 1
-0.1180097 -0.1977044 0.9731324 623.0292 0.06898691 0.97598 0.2066488 359.3265 -0.9906132 0.09151996 -0.1015361 67.63015 0 0 0 1
0.2759992 -0.1987996 0.940374 620.8297 0.2114916 0.9669585 0.1423471 349.1115 -0.9376011 0.1595935 0.3089242 -7.156078 0 0 0 1
0.1479715 -0.2180966 0.9646441 610.6301 0.1143244 0.9726148 0.2023619 340.992 -0.9823616 0.08033856 0.1688531 123.3489 0 0 0 1
-0.2836831 -0.3450578 0.8946837 555.7928 -0.003006617 0.9333292 0.3590091 332.0948 -0.9589134 0.09915484 -0.2658072 193.2303 0 0 0 1
-0.2437739 -0.3635179 0.8991268 548.3883 -0.1474159 0.9302115 0.3361176 319.3016 -0.9585629 -0.05060891 -0.2803496 141.7103 0 0 0 1
0.2908518 -0.2108155 0.9332535 617.5452 0.1378741 0.9744771 0.1771586 355.2888 -0.9467819 0.07714456 0.3124944 99.78336 0 0 0 1
-0.05262288 -0.2008687 0.9782038 635.0953 0.06795717 0.9765699 0.2041889 334.2206 -0.9962995 0.07722097 -0.03773945 36.67403 0 0 0 1
0.2280196 -0.2491177 0.9412478 617.9476 -0.003255235 0.9665139 0.2565934 330.6467 -0.9736511 -0.06157231 0.2195732 -12.6531 0 0 0 1
-0.2109153 -0.1858489 0.9596744 640.4333 0.02732329 0.9802552 0.1958396 335.5304 -0.9771224 0.06752701 -0.2016728 33.2288 0 0 0 1
0.2551255 -0.1853024 0.9489858 624.7817 0.04179847 0.9826606 0.1806407 332.1068 -0.9660041 -0.006419898 0.2584471 145.5929 0 0 0 1
0.2695393 -0.2204871 0.9374081 628.3472 0.1157647 0.9737951 0.1957591 339.4638 -0.9560058 0.05575399 0.2880007 9.5456 0 0 0 1
0.04314057 -0.3656093 0.9297681 575.126 0.160616 0.9210675 0.3547355 304.3905 -0.9860737 0.1340321 0.09845807 81.01559 0 0 0 1
0.5878806 -0.1882747 0.7867332 638.045 0.163533 0.980119 0.1123554 325.3774 -0.7922458 0.06260528 0.606982 57.79343 0 0 0 1
0.2652786 -0.187584 0.9457482 636.0509 0.1056537 0.9806404 0.1648692 390.7917 -0.9583656 0.05618547 0.2799618 49.86621 0 0 0 1
0.08938593 -0.2139976 0.9727359 626.3049 0.1584535 0.9672622 0.1982329 368.6613 -0.9833121 0.1364142 0.1203683 -19.79023 0 0 0 1
0.5132192 -0.1886243 0.8372735 639.1122 0.1806707 0.9774342 0.1094554 357.8972 -0.8390257 0.0950962 0.5357169 6.573452 0 0 0 1
0.0977406 -0.3814117 0.9192235 570.5956 0.04881501 0.9243716 0.3783573 339.0387 -0.994014 0.00789104 0.1089673 -24.41926 0 0 0 1
0.3250297 -0.2208269 0.9195603 609.0195 0.1527935 0.9718429 0.1793756 311.5956 -0.9332791 0.08220042 0.3496187 -58.14653 0 0 0 1
0.2848952 -0.2086115 0.9355832 613.3609 -0.06097468 0.9701106 0.2348777 310.9799 -0.9566174 -0.1239624 0.2636599 -131.4168 0 0 0 1
0.6948777 -0.2107454 0.6875545 612.611 0.169466 0.9771568 0.1282417 313.4841 -0.698875 0.02740477 0.7147187 -78.31309 0 0 0 1
0.1559002 -0.2190851 0.9631702 602.8049 0.01095055 0.9754163 0.2200981 305.1594 -0.9877121 -0.02376611 0.1544667 -132.5519 0 0 0 1
0.2754922 -0.2130823 0.93739 612.5322 0.06521631 0.9770203 0.2029243 367.4724 -0.9590886 0.005229072 0.2830579 -90.73476 0 0 0 1
0.4835351 -0.1638328 0.8598561 633.2567 -0.03135857 0.9784551 0.2040644 345.0156 -0.8747631 -0.1256362 0.4679798 -117.7995 0 0 0 1
0.1657289 -0.2678551 0.9490983 596.2827 0.1686781 0.9559239 0.2403273 336.6184 -0.9716386 0.1202629 0.2036055 -30.40717 0 0 0 1
0.4177008 -0.2535343 0.8724943 604.8999 0.1142949 0.9673126 0.2263692 357.0244 -0.9013671 0.00516705 0.4330249 5.29642 0 0 0 1
0.7309914 -0.1578376 0.6638817 633.006 0.149509 0.9862888 0.06986745 364.9357 -0.6658068 0.04818378 0.7445667 104.0702 0 0 0 1
-0.3069718 -0.3332876 0.8914526 570.289 -0.2141489 0.9368452 0.2765163 348.1414 -0.9273126 -0.1060208 -0.3589582 50.98002 0 0 0 1
0.3106843 -0.1413637 0.9399423 644.2098 0.1242569 0.9864331 0.1072844 374.3112 -0.9423563 0.0834627 0.3240347 -9.688286 0 0 0 1
-0.1350211 -0.1728529 0.9756491 625.8756 0.05735331 0.9816516 0.1818535 365.621 -0.9891815 0.08051077 -0.12263 -81.78179 0 0 0 1
0.2143982 -0.2813289 0.9353542 596.0373 0.1309323 0.9572574 0.257905 344.8846 -0.9679309 0.06717373 0.2420693 50.46777 0 0 0 1
0.0246891 -0.1687717 0.9853459 624.1917 0.01354456 0.9856123 0.168478 331.6012 -0.9996034 0.009186508 0.02661982 130.4359 0 0 0 1
0.2542921 -0.1647797 0.9529864 635.0197 0.1276444 0.9824766 0.1358186 328.1562 -0.958667 0.08710576 0.2708693 -26.79453 0 0 0 1
0.1724196 -0.1653917 0.9710392 637.0992 0.1086385 0.9829819 0.1481358 327.5593 -0.9790144 0.07995072 0.1874532 35.71049 0 0 0 1
0.2737778 -0.1687021 0.9468819 636.5444 0.001350259 0.9845631 0.1750252 343.6802 -0.9617921 -0.04663948 0.2697793 -35.85985 0 0 0 1
0.1846201 -0.2159175 0.9587988 616.0052 0.01909432 0.9761727 0.2161534 357.4488 -0.9826245 -0.02159864 0.1843439 69.91113 0 0 0 1
0.08641489 -0.2820002 0.9555147 592.5035 -0.1206657 0.9490789 0.2910137 348.209 -0.9889248 -0.1404458 0.04798679 27.66864 0 0 0 1
0.4388447 -0.3281452 0.8365023 576.6147 0.1980167 0.9433644 0.2661821 295.6913 -0.8764729 0.04882882 0.4789687 -19.56975 0 0 0 1
-0.1140845 -0.180816 0.9768778 628.9755 0.06589236 0.9797554 0.1890438 308.6247 -0.9912835 0.08593576 -0.09986048 -6.381947 0 0 0 1
-0.2166784 -0.1708854 0.9611704 627.6389 0.06589236 0.9797554 0.1890438 364.1694 -0.9740168 0.1042955 -0.2010318 -71.49994 0 0 0 1
0.4262847 -0.195993 0.8831014 618.7358 0.1709896 0.976105 0.134095 362.8721 -0.8882814 0.0938385 0.4496114 -74.52173 0 0 0 1
0.2415948 -0.1792967 0.9536691 633.3585 0.120463 0.9807212 0.1538655 341.5359 -0.962871 0.07770872 0.2585357 40.1582 0 0 0 1
0.1587281 -0.1851228 0.9698118 624.6196 0.07382499 0.9817402 0.1753169 388.4909 -0.9845584 0.04376862 0.1694965 88.16817 0 0 0 1
0.4253275 -0.2055978 0.8813774 623.1569 0.1528027 0.9761879 0.1539759 374.9336 -0.892047 0.06918663 0.4466154 38.49262 0 0 0 1
-0.068681 -0.2236398 0.972249 613.0325 0.01797462 0.9741147 0.2253387 353.9918 -0.9974768 0.03295229 -0.06288333 -49.76673 0 0 0 1
-0.1720269 -0.1864547 0.9672856 619.1635 0.03373776 0.9802327 0.1949505 374.0464 -0.9845144 0.06617077 -0.1623358 -86.27554 0 0 0 1
-0.4190221 -0.2549491 0.8714479 599.4747 -0.2080526 0.9611935 0.1811661 378.1067 -0.8838182 -0.1053944 -0.4558041 24.37929 0 0 0 1
0.5417516 -0.2731388 0.7949216 596.0005 0.1817844 0.9614202 0.2064596 377.0302 -0.8206459 0.03265454 0.5705033 4.842678 0 0 0 1
0.2055863 -0.2422946 0.9481707 607.7514 0.1251904 0.9674178 0.2200687 348.8851 -0.9705986 0.07345872 0.2292208 -26.77252 0 0 0 1
0.1784087 -0.2032516 0.9627352 619.5511 0.1373943 0.9739931 0.1801673 350.0533 -0.9743168 0.100131 0.2016945 110.2241 0 0 0 1
0.4060413 -0.1846894 0.8949974 627.2114 0.1182727 0.9817486 0.1489333 352.8096 -0.9061689 0.04538067 0.4204742 -61.37357 0 0 0 1
0.1705878 -0.1825524 0.9682842 629.3254 0.06611057 0.9825942 0.1736033 351.1621 -0.9831222 0.03439922 0.1796873 76.71263 0 0 0 1
0.07340359 -0.1783017 0.9812341 626.6571 0.06611057 0.9825942 0.1736033 289.01 -0.9951087 0.05212684 0.08391356 13.63054 0 0 0 1
0.5564604 -0.1859408 0.8098011 624.6122 0.1796016 0.9785135 0.1012648 337.2467 -0.8112306 0.08909171 0.5778993 -61.76162 0 0 0 1
0.2789824 -0.3297417 0.9019086 579.1245 0.1603226 0.94201 0.2948113 319.9928 -0.9468186 0.06234918 0.3156693 -3.139918 0 0 0 1
0.1704561 -0.324486 0.930405 576.5463 0.07315186 0.9457851 0.316448 344.3129 -0.9826462 0.01412036 0.1849516 89.2878 0 0 0 1
0.2593406 -0.2511529 0.9325581 603.3604 0.1487614 0.9644597 0.2183746 373.4746 -0.9542602 0.08209528 0.2874854 -32.4734 0 0 0 1
0.1713722 -0.2385412 0.9558921 608.8693 0.1155884 0.9684129 0.2209431 355.8587 -0.9784022 0.07262652 0.1935316 93.42909 0 0 0 1
-0.06704895 -0.2450526 0.9671885 607.5025 0.1052221 0.9622277 0.25109 359.1065 -0.9921858 0.1186049 -0.0387314 -16.50257 0 0 0 1
0.3020236 -0.2302976 0.9250647 613.6001 0.117192 0.9719903 0.2037179 376.5377 -0.9460697 0.0468826 0.320553 -6.543252 0 0 0 1
0.1768129 -0.1846777 0.9667633 632.3981 0.1640185 0.9740331 0.1560688 391.1304 -0.9704819 0.130972 0.2025122 48.18038 0 0 0 1
0.322444 -0.1673079 0.9316856 634.5129 0.1799842 0.9771367 0.1131796 382.2299 -0.92932 0.1311946 0.3451846 -19.64943 0 0 0 1
0.1259647 -0.1944166 0.9727976 624.8978 0.1366882 0.9746568 0.1770888 294.9308 -0.9825727 0.110663 0.1493468 21.79751 0 0 0 1
0.1464832 -0.1866959 0.9714357 628.9044 0.1365297 0.976446 0.1670714 341.9641 -0.979746 0.1081566 0.1685225 114.5524 0 0 0 1
0.3373427 -0.1754943 0.9248793 627.776 0.1277266 0.9819173 0.1397298 341.5714 -0.9326767 0.07099481 0.3536579 137.8466 0 0 0 1
0.3812358 -0.298105 0.8750958 593.2725 0.2418936 0.9457722 0.2168002 345.0871 -0.8922706 0.1290281 0.432672 56.6832 0 0 0 1
-0.07841135 -0.2273893 0.9706419 608.8486 0.05167516 0.9714037 0.2317423 389.4288 -0.9955809 0.0683293 -0.0644187 113.7843 0 0 0 1
0.5628808 -0.2830856 0.7765486 598.6705 0.2551355 0.9531475 0.1625288 337.1901 -0.786175 0.1066408 0.6087337 43.03982 0 0 0 1
0.09443014 -0.1683338 0.9811965 627.3424 0.1161851 0.980729 0.157072 366.0706 -0.9887285 0.09916811 0.1121683 -4.848196 0 0 0 1
0.329916 -0.1842242 0.9258601 622.4448 0.1447646 0.9790457 0.1432222 361.9724 -0.9328444 0.08678049 0.349672 60.38322 0 0 0 1
0.2062599 -0.1669623 0.9641475 622.4506 0.09589924 0.9840406 0.1498915 354.4033 -0.9737865 0.06154441 0.2189797 122.1795 0 0 0 1
0.2259598 -0.2105492 0.9511105 623.0591 0.1155303 0.9752639 0.188449 355.179 -0.9672616 0.06730019 0.2446953 83.74892 0 0 0 1
0.2833613 -0.2141124 0.934806 629.424 0.1158193 0.9752639 0.1882716 352.4528 -0.9519938 0.05491965 0.3011504 8.897171 0 0 0 1
-0.03265997 -0.2485006 0.968081 613.5175 0.03395889 0.9677625 0.2495645 327.5896 -0.9988894 0.04102572 -0.02316829 82.78668 0 0 0 1
0.3018987 -0.2077177 0.9304357 630.1774 0.11139 0.9769754 0.1819648 320.7702 -0.9468101 0.04870627 0.3180853 43.12193 0 0 0 1
0.1573159 -0.2322512 0.9598495 611.1543 0.04968717 0.9725824 0.2271886 370.5522 -0.9862975 0.01195183 0.1645426 -79.88544 0 0 0 1
0.09366924 -0.2201685 0.9709541 621.6686 0.07282156 0.9741448 0.2138668 346.9903 -0.9929366 0.05067364 0.1072804 7.774437 0 0 0 1
0.2797408 -0.2814857 0.9178839 590.2756 0.1332614 0.9581835 0.2532306 270.9178 -0.950782 0.05147957 0.3055542 24.94636 0 0 0 1
0.3634094 -0.2219853 0.9047962 619.8093 0.14991 0.9724752 0.1783788 341.3319 -0.9194893 0.07081346 0.3866844 -17.95269 0 0 0 1
0.1638397 -0.2925562 0.942108 595.9966 0.138524 0.9523736 0.2716536 335.3566 -0.9767127 0.08599693 0.1965626 -1.642871 0 0 0 1
0.2656384 -0.230975 0.9359951 613.6256 0.01266925 0.9716285 0.2361727 386.0514 -0.9639895 -0.05087817 0.2610281 30.33026 0 0 0 1
0.1353884 -0.1891904 0.9725621 605.7549 -0.03817444 0.9798751 0.1959271 366.933 -0.9900569 -0.06365328 0.1254415 169.8511 0 0 0 1
0.2182077 -0.3026971 0.9277714 589.2108 0.0582861 0.9530258 0.297228 376.3603 -0.9741602 -0.01078127 0.2256006 35.05807 0 0 0 1
0.09061855 -0.2666993 0.9595101 596.1398 0.04188309 0.9636424 0.2638923 377.8199 -0.9950046 0.01627372 0.09849407 4.544091 0 0 0 1
0.5567877 -0.381058 0.7380937 555.4429 0.2112033 0.9243103 0.3178736 364.2271 -0.8033559 -0.02110028 0.5951253 -8.74778 0 0 0 1
-0.1301658 -0.3890408 0.9119781 552.7653 -0.09876624 0.9203163 0.378501 361.65 -0.9865608 -0.04080478 -0.1582178 -15.7236 0 0 0 1
-0.2277251 -0.3911704 0.891699 550.1819 -0.09876624 0.9203163 0.378501 344.9886 -0.9687035 -0.00187558 -0.2482136 -70.55034 0 0 0 1
0.2379152 -0.188058 0.9529064 626.3174 0.04896621 0.9821519 0.1816041 345.1606 -0.9700509 0.003453834 0.2428773 20.98133 0 0 0 1
0.09689129 -0.2386602 0.9662574 596.9474 0.02762605 0.971096 0.2370851 339.2836 -0.9949115 0.003722393 0.100684 127.7898 0 0 0 1
0.3218706 -0.231564 0.9180291 609.5201 0.1096248 0.9722226 0.2067982 314.049 -0.9404157 0.03407647 0.338315 17.76689 0 0 0 1
0.5122949 -0.2859237 0.8098158 590.3052 0.2006037 0.956706 0.2108833 343.1303 -0.8350522 0.05441759 0.547473 -31.02196 0 0 0 1
0.5964573 -0.2900356 0.7484103 587.5375 0.2006037 0.956706 0.2108833 378.0535 -0.7771723 0.02435097 0.6288165 30.0465 0 0 0 1
0.2869143 -0.2325518 0.9293007 602.8849 0.04862097 0.9723716 0.2283186 381.3081 -0.9567216 -0.02032438 0.2902942 84.06796 0 0 0 1
0.3372227 -0.1796019 0.9241342 629.3409 0.08827949 0.9833409 0.1588947 378.2502 -0.9372767 0.02799919 0.3474601 20.88216 0 0 0 1
0.1824815 -0.1742953 0.9676371 642.7951 0.08863997 0.9830707 0.1603591 363.0139 -0.9792055 0.05650876 0.1948417 53.32393 0 0 0 1
0.3533634 -0.1891207 0.9161701 635.4103 0.1671625 0.9763547 0.1370704 358.292 -0.9204298 0.1047137 0.3766219 -27.54882 0 0 0 1
0.3688435 -0.1908606 0.909685 626.666 0.1671625 0.9763547 0.1370704 312.4269 -0.9143364 0.1015077 0.3920268 38.56044 0 0 0 1
0.159552 -0.2194698 0.9624844 606.6082 0.09587691 0.9738101 0.2061587 361.2787 -0.9825227 0.059387 0.1764154 148.719 0 0 0 1
0.5633323 -0.189673 0.8041647 612.8103 0.1809295 0.9779896 0.1039275 356.1478 -0.806177 0.08695138 0.5852506 181.5759 0 0 0 1
0.1868925 -0.3500218 0.9179084 564.2012 0.1283775 0.9350611 0.330424 342.4484 -0.973956 0.05608505 0.2196908 126.1355 0 0 0 1
0.4104182 -0.2331384 0.8815914 613.9537 0.1945472 0.9668943 0.1651269 335.8428 -0.8909031 0.1037401 0.4421874 40.87568 0 0 0 1
0.1987826 -0.2607342 0.9447238 600.0947 0.1632739 0.9593 0.230402 299.4316 -0.9663473 0.1084488 0.2332632 71.59965 0 0 0 1
0.1252209 -0.3830464 0.9152023 552.689 0.1205055 0.9215055 0.3691966 356.6609 -0.9847833 0.06405582 0.1615509 115.9074 0 0 0 1
0.3694168 -0.2778399 0.886756 599.7766 0.1976988 0.9559092 0.2171471 352.5825 -0.9079903 0.09509285 0.4080576 24.79254 0 0 0 1
0.4908596 -0.288283 0.8221616 600.062 0.1976988 0.9559092 0.2171471 349.4685 -0.8485116 0.05595168 0.5262104 72.90745 0 0 0 1
0.2377117 -0.2466467 0.9394991 602.6006 0.1272135 0.9667981 0.221626 351.3914 -0.9629693 0.06683386 0.261196 164.8705 0 0 0 1
0.3857242 -0.2281996 0.8939473 622.8471 0.1626333 0.9705738 0.1775865 358.5724 -0.9081669 0.07688625 0.4114866 47.66708 0 0 0 1
0.2163819 -0.2371395 0.9470711 617.5776 0.1154774 0.9694599 0.2163618 359.7326 -0.9694554 0.06254856 0.2371579 10.27526 0 0 0 1
-0.2307896 -0.2180258 0.948262 624.3194 0.01901712 0.973375 0.2284282 361.124 -0.9728178 0.07075208 -0.2204987 13.88391 0 0 0 1
0.240372 -0.1939117 0.9511149 602.6241 0.006699522 0.9801512 0.1981384 351.0731 -0.9706577 -0.04125493 0.2369 191.2347 0 0 0 1
0.06822756 -0.3950471 0.9161238 529.7726 0.0427069 0.9185783 0.3929249 354.0719 -0.9967553 0.0123165 0.07954359 209.6826 0 0 0 1
0.2747832 -0.2574896 0.9263873 604.5081 0.09113763 0.9661121 0.2414981 396.7246 -0.9571772 0.01806913 0.2889383 38.85884 0 0 0 1
0.2623998 -0.4293427 0.8641824 546.0293 0.2119466 0.8993376 0.3824531 357.6648 -0.9413952 0.08280493 0.3269837 -8.106913 0 0 0 1
0.3277594 -0.03075701 0.9442605 690.6267 0.09264901 0.9956988 0.0002733759 362.831 -0.9402074 0.0873952 0.3291992 63.6756 0 0 0 1
0.3092665 -0.2445995 0.9189805 606.8423 0.1915646 0.9625701 0.1917338 395.8467 -0.9314812 0.1167473 0.3445473 60.80416 0 0 0 1
0.2017664 -0.2298013 0.9520933 615.4641 0.1915646 0.9625701 0.1917338 347.9413 -0.9605172 0.1437019 0.2382361 -9.70967 0 0 0 1
0.7218086 -0.2279048 0.653492 547.345 0.1100496 0.9700077 0.2167351 347.8577 -0.6832873 -0.08452466 0.7252407 242.2427 0 0 0 1
