-0.03348958492279053 0.7650384902954102 0.6431131362915039 40.9061164855957 
0.1027410626411438 -0.6374298334121704 0.763627827167511 -76.06190490722656 
0.9941442012786865 0.0916476845741272 -0.05725359916687012 -1421.984130859375 
0.0 0.0 0.0 1.0
0.04002610221505165 0.750049352645874 0.6601696014404297 43.16640853881836 
-0.19808363914489746 -0.6416298151016235 0.7409952878952026 -165.16856384277344 
0.9793675541877747 -0.16042792797088623 0.12289056926965714 -1475.008056640625 
0.0 0.0 0.0 1.0
0.04749561473727226 0.7795168161392212 0.6245779991149902 8.103073120117188 
-0.07828360050916672 -0.6204555034637451 0.7803246974945068 -86.58551025390625 
0.9957990646362305 -0.08595620840787888 0.03155447170138359 -1448.8004150390625 
0.0 0.0 0.0 1.0
-0.03205811604857445 0.7585273385047913 0.6508522033691406 25.983856201171875 
0.008923052810132504 -0.6509436964988708 0.7590735554695129 -224.45408630371094 
0.9994462132453918 0.03014206700026989 0.014099656604230404 -1475.483154296875 
0.0 0.0 0.0 1.0
-0.04205704107880592 0.8394935131072998 0.5417396426200867 46.170433044433594 
0.3912167549133301 -0.4850867986679077 0.7820743322372437 -5.772560119628906 
0.9193370938301086 0.24482934176921844 -0.3080225884914398 -1421.9527587890625 
0.0 0.0 0.0 1.0
-0.11170326918363571 0.6734225749969482 0.7307697534561157 0.06229400634765625 
-0.3550652861595154 -0.7138761878013611 0.6035805344581604 -39.09551239013672 
0.9281438589096069 -0.192049041390419 0.3188512623310089 -1379.8546142578125 
0.0 0.0 0.0 1.0
0.007726586889475584 0.7050662040710449 0.7090994119644165 45.83844757080078 
0.030937133356928825 -0.7089496850967407 0.7045801877975464 -88.14901733398438 
0.9994913935661316 0.016493499279022217 -0.027290483936667442 -1406.3994140625 
0.0 0.0 0.0 1.0
-0.05313927307724953 0.701391339302063 0.7107928395271301 62.8383674621582 
-0.14062751829624176 -0.7099611759185791 0.6900572776794434 35.179298400878906 
0.9886354804039001 -0.06328790634870529 0.136361762881279 -1379.653564453125 
0.0 0.0 0.0 1.0
-0.12470089644193649 0.7790752053260803 0.6144034266471863 23.154747009277344 
0.3514743447303772 -0.5443967580795288 0.7616416215896606 182.97421264648438 
0.9278553128242493 0.3109244108200073 -0.2059382051229477 -1385.68408203125 
0.0 0.0 0.0 1.0
-0.13520805537700653 0.8007290959358215 0.5835680365562439 44.14857482910156 
0.4348398447036743 -0.48127055168151855 0.7611129283905029 166.78392028808594 
0.8902994394302368 0.3566672205924988 -0.28311726450920105 -1362.132568359375 
0.0 0.0 0.0 1.0
-0.09446065872907639 0.7236114740371704 0.6837130188941956 7.569091796875 
-0.03816240653395653 -0.6889111399650574 0.7238404750823975 -132.30419921875 
0.9947968125343323 0.042282309383153915 0.09268974512815475 -1394.1971435546875 
0.0 0.0 0.0 1.0
-0.040880605578422546 0.7727712988853455 0.633366584777832 6.970085144042969 
0.09696793556213379 -0.6278358101844788 0.7722820043563843 -208.1090850830078 
0.9944475889205933 0.09298762679100037 -0.04926775395870209 -1440.1234130859375 
0.0 0.0 0.0 1.0
-0.038619015365839005 0.7372248768806458 0.6745428442955017 38.31597137451172 
-0.20475688576698303 -0.6665608286857605 0.7167783975601196 -49.58228302001953 
0.978050708770752 -0.11043605208396912 0.17669381201267242 -1436.0791015625 
0.0 0.0 0.0 1.0
-0.034740641713142395 0.8165381550788879 0.576245129108429 -15.552291870117188 
0.16425681114196777 -0.5640870332717896 0.809212863445282 -182.83863830566406 
0.9858056306838989 0.12276475876569748 -0.114525206387043 -1468.302001953125 
0.0 0.0 0.0 1.0
-0.007584698498249054 0.8238515853881836 0.5667547583580017 45.544212341308594 
0.08507522940635681 -0.5641844868659973 0.8212539553642273 -159.59031677246094 
0.9963456392288208 0.054445743560791016 -0.06581021100282669 -1493.7686767578125 
0.0 0.0 0.0 1.0
-0.019815929234027863 0.7793000936508179 0.6263375282287598 20.34600830078125 
-0.026858896017074585 -0.6266493201255798 0.7788383960723877 -10.888025283813477 
0.9994428157806396 -0.00138932466506958 0.03334879130125046 -1436.1357421875 
0.0 0.0 0.0 1.0
-0.05198417976498604 0.706333339214325 0.7059680819511414 67.20695495605469 
-0.1384703516960144 -0.7051934003829956 0.6953619122505188 108.8673324584961 
0.9890013337135315 -0.061607807874679565 0.13446511328220367 -1448.6651611328125 
0.0 0.0 0.0 1.0
-0.06490474939346313 0.6941466331481934 0.7169015407562256 59.82148361206055 
-0.034087661653757095 -0.7195393443107605 0.6936146020889282 25.96999168395996 
0.9973090887069702 0.02058139629662037 0.0703633576631546 -1401.37548828125 
0.0 0.0 0.0 1.0
-0.06976861506700516 0.7260710597038269 0.6840710043907166 30.18463134765625 
0.013866662979125977 -0.6849699020385742 0.7284393906593323 -123.55616760253906 
0.9974668622016907 0.060307979583740234 0.03772120922803879 -1407.8455810546875 
0.0 0.0 0.0 1.0
-0.039088137447834015 0.7657859921455383 0.6419064402580261 40.76490020751953 
-0.11097034811973572 -0.6417504549026489 0.7588425278663635 -57.54788589477539 
0.9930547475814819 -0.041570842266082764 0.11006437987089157 -1445.5223388671875 
0.0 0.0 0.0 1.0
-0.08211246877908707 0.6996350884437561 0.7097663283348083 28.468360900878906 
-0.24737834930419922 -0.7041916251182556 0.6655209064483643 32.266170501708984 
0.9654333591461182 -0.12093325704336166 0.23089750111103058 -1389.8109130859375 
0.0 0.0 0.0 1.0
0.012564383447170258 0.6984415650367737 0.7155567407608032 25.715412139892578 
-0.1000998318195343 -0.7111398577690125 0.6958879828453064 -12.219270706176758 
0.9948980212211609 -0.08037048578262329 0.06097885221242905 -1408.993408203125 
0.0 0.0 0.0 1.0
-0.029841279610991478 0.7376742362976074 0.6744970679283142 11.985488891601562 
0.07413995265960693 -0.671305239200592 0.7374635934829712 -101.65542602539062 
0.9968012571334839 0.07201406359672546 -0.0346585288643837 -1403.9688720703125 
0.0 0.0 0.0 1.0
-0.036134734749794006 0.694639265537262 0.7184500694274902 21.994384765625 
-0.14597773551940918 -0.7148772478103638 0.6838428378105164 81.80367279052734 
0.9886277318000793 -0.0801672637462616 0.12723378837108612 -1393.05126953125 
0.0 0.0 0.0 1.0
-0.04095979034900665 0.7178439497947693 0.6949981451034546 70.87616729736328 
-0.11443427205085754 -0.6943750977516174 0.7104561924934387 91.61720275878906 
0.992586076259613 -0.05043143033981323 0.11058740317821503 -1420.350830078125 
0.0 0.0 0.0 1.0
-0.21112704277038574 0.604952335357666 0.7677617073059082 79.51284790039062 
-0.1916801929473877 -0.795840322971344 0.5743665099143982 14.820924758911133 
0.9584801197052002 -0.02590039372444153 0.2839807868003845 -1352.5823974609375 
0.0 0.0 0.0 1.0
-0.1684303730726242 0.6224684715270996 0.764306366443634 78.41151428222656 
-0.05681819096207619 -0.7802255749702454 0.6229123473167419 -10.448442459106445 
0.9840746521949768 0.06149083748459816 0.1667812168598175 -1398.303955078125 
0.0 0.0 0.0 1.0
-0.18117587268352509 0.6868835687637329 0.7038225531578064 66.20309448242188 
0.1209666058421135 -0.6946670413017273 0.7090872526168823 -73.97309875488281 
0.9759827256202698 0.2136085480451584 0.042766936123371124 -1389.002685546875 
0.0 0.0 0.0 1.0
