DataSet: 211
30.322265625 -41.1328125 1.93359375 3.955078125 -2.7660088485077 13.798828125 -74.53125
580.098 353.311 -45.993 680.778
0.3717042 -0.2424023 0.8961457 580.0984 0.1100496 0.9700077 0.2167351 353.311 -0.9218053 0.01805918 0.3872322 -45.99255 0 0 0 1
DataSet: 212
41.1328125 -42.1875 7.734375 3.955078125 -7.29612172392086 18.10546875 -81.73828125
534.389 369.251 -119.705 660.490
0.08702292 -0.3042612 0.9486054 534.3892 0.1699736 0.94279 0.286803 369.2511 -0.9815987 0.1362794 0.1337607 -119.7047 0 0 0 1
DataSet: 213
35.5078125 -44.736328125 -2.4609375 3.955078125 -7.64238258482683 18.017578125 -82.177734375
542.001 324.063 -49.433 633.424
0.218609 -0.3196231 0.9219822 542.0012 0.1734753 0.9425147 0.2856088 324.0634 -0.9602689 0.09750445 0.2614889 -49.43321 0 0 0 1
DataSet: 214
48.33984375 -44.6484375 3.955078125 3.955078125 -4.03766448393941 14.765625 -69.08203125
533.565 360.330 -192.223 671.922
0.2190408 -0.2435397 0.9448331 533.5645 0.1565406 0.9645764 0.2123379 360.3299 -0.9630764 0.1013941 0.2494054 -192.2233 0 0 0 1
DataSet: 215
24.609375 -39.287109375 2.724609375 3.955078125 -4.15380653648036 14.94140625 -62.40234375
576.994 354.556 7.379 677.264
0.602625 -0.2663503 0.7522637 576.9938 0.1833218 0.963652 0.1943397 354.5559 -0.7766828 0.02079232 0.6295487 7.379304 0 0 0 1
DataSet: 216
26.630859375 -39.287109375 -10.107421875 3.955078125 -2.1811603611894 9.052734375 -106.875
610.373 306.143 -19.759 683.132
-0.1384446 -0.1612185 0.97716 610.3732 -0.009220893 0.9868284 0.1615072 306.1433 -0.9903272 0.01334951 -0.1381076 -19.75875 0 0 0 1
DataSet: 217
20.126953125 -25.13671875 1.7578125 3.955078125 0.231122061640351 16.171875 -77.431640625
591.940 349.126 -60.340 689.872
0.2269284 -0.2784012 0.9332718 591.9402 0.05666941 0.9604227 0.2727211 349.1256 -0.9722613 -0.009000194 0.233724 -60.33984 0 0 0 1
DataSet: 218
-22.587890625 22.67578125 2.98828125 3.955078125 -3.22638068919865 13.623046875 -78.662109375
605.455 358.095 112.799 712.413
0.1217528 -0.2310905 0.9652841 605.4552 0.101414 0.9703259 0.219506 358.0953 -0.9873659 0.07116786 0.1415757 112.7988 0 0 0 1
DataSet: 1
-40.078125 36.03515625 -5.888671875 3.955078125 -2.87125331303061 9.755859375 -55.546875
585.727 323.761 203.523 699.513
0.5588059 -0.1695258 0.8117863 585.7266 0.1370483 0.9843015 0.1112129 323.7614 -0.8178959 0.04910747 0.5732667 203.523 0 0 0 1
DataSet: 2
-26.89453125 15.64453125 -3.1640625 3.955078125 -2.87125331303061 9.755859375 -55.546875
610.727 335.801 203.856 726.160
0.6570001 -0.1743472 0.7334535 610.7274 0.1370483 0.9843015 0.1112129 335.8011 -0.741329 0.02745163 0.6705801 203.8564 0 0 0 1
DataSet: 1
31.376953125 -35.419921875 -6.6796875 3.955078125 -2.29853550901045 10.634765625 -79.27734375
602.486 319.470 -95.831 688.646
0.184363 -0.184608 0.9653653 602.4861 0.0737144 0.9820328 0.1737175 319.4695 -0.98009 0.03913423 0.1946588 -95.83103 0 0 0 1
DataSet: 2
39.0234375 -35.68359375 -2.900390625 3.955078125 -3.9227043846649 14.853515625 -62.75390625
561.734 329.867 -160.791 670.977
0.3273288 -0.2458774 0.9123597 561.7335 0.1779052 0.9643199 0.1960532 329.8669 -0.9280116 0.09813973 0.3593926 -160.791 0 0 0 1
DataSet: 3
35.68359375 -50.625 2.548828125 3.955078125 -5.40827595900401 12.3046875 -97.03125
565.992 356.986 -22.667 669.552
0.07136134 -0.226754 0.9713342 565.9925 0.06757244 0.9726788 0.2221036 356.9856 -0.995159 0.04978582 0.08473398 -22.66739 0 0 0 1
DataSet: 4
49.5703125 -50.009765625 -5.625 3.955078125 -5.89107089257591 15.99609375 -61.5234375
521.383 314.938 -158.233 629.337
0.4046852 -0.2690031 0.873995 521.3834 0.2209182 0.9562038 0.1920143 314.9385 -0.8873698 0.115376 0.4463892 -158.2328 0 0 0 1
DataSet: 5
48.603515625 -50.80078125 9.580078125 3.955078125 -7.86638691526462 17.314453125 -67.412109375
513.578 378.375 -132.984 651.624
0.338947 -0.2934676 0.8938633 513.5779 0.2396034 0.9457021 0.219631 378.3747 -0.909783 0.1397294 0.3908588 -132.9838 0 0 0 1
DataSet: 6
33.046875 -51.328125 -1.669921875 3.955078125 -5.76107279457459 13.7109375 -89.208984375
556.092 336.127 7.535 649.828
0.259082 -0.2537833 0.9319177 556.0919 0.1036264 0.966597 0.2344182 336.1266 -0.9602802 0.0358378 0.2767265 7.534554 0 0 0 1
DataSet: 7
22.32421875 -52.646484375 7.998046875 3.955078125 -1.26569138934445 12.041015625 -110.91796875
559.118 382.837 97.062 684.542
0.1026309 -0.1965034 0.9751171 559.118 -0.05382985 0.9777599 0.2027016 382.8372 -0.9932619 -0.07329386 0.08977063 97.06226 0 0 0 1
DataSet: 8
18.896484375 -37.79296875 3.603515625 3.955078125 0.460436784600607 12.48046875 -94.04296875
598.370 362.955 33.071 700.626
0.1906385 -0.2067772 0.9596354 598.3701 -0.02325209 0.9763382 0.2149955 362.955 -0.9813849 -0.06329994 0.1813196 33.07135 0 0 0 1
DataSet: 9
31.552734375 -37.705078125 -1.0546875 3.955078125 -1.95634563759312 12.216796875 -76.9921875
592.620 342.474 -84.664 689.678
0.257097 -0.212735 0.9426796 592.6202 0.08086457 0.9767842 0.1983772 342.4738 -0.9629964 0.02522721 0.2683311 -84.66443 0 0 0 1
DataSet: 10
38.408203125 -52.734375 3.8671875 3.955078125 -6.33094966061896 12.744140625 -90.263671875
556.119 361.661 -31.329 664.115
0.174528 -0.236356 0.9558639 556.1191 0.1092611 0.9694167 0.2197575 361.6614 -0.9785714 0.06608485 0.1950149 -31.32895 0 0 0 1
DataSet: 11
21.4453125 -40.341796875 -3.8671875 3.955078125 -2.9882306181271 10.72265625 -104.326171875
599.309 331.589 45.478 686.433
0.01519116 -0.1929709 0.9810869 599.3088 0.004534502 0.9812033 0.1929236 331.5889 -0.9998744 0.001518008 0.01578064 45.47756 0 0 0 1
DataSet: 12
20.56640625 -33.92578125 -3.076171875 3.955078125 -1.96598665803502 16.787109375 -92.8125
577.604 326.424 1.092 663.461
0.1168412 -0.2903014 0.9497753 577.6043 0.02010166 0.956821 0.2899821 326.4236 -0.9929472 -0.01478979 0.1176317 1.091871 0 0 0 1
DataSet: 13
27.7734375 -34.013671875 -5.625 3.955078125 -1.61505084150145 14.677734375 -74.794921875
584.916 318.769 -72.418 670.063
0.2919011 -0.2542677 0.9220313 584.9158 0.09362688 0.966982 0.2370228 318.769 -0.9518549 0.0171397 0.3060693 -72.41815 0 0 0 1
DataSet: 14
12.3046875 -33.837890625 -5.80078125 3.955078125 -1.61341289621198 13.7109375 -101.6015625
588.932 319.464 86.939 675.616
0.1098727 -0.2342169 0.9659557 588.9323 -0.02006724 0.9711187 0.2377513 319.4639 -0.9937431 -0.04550646 0.1019994 86.939 0 0 0 1
DataSet: 15
16.171875 -39.814453125 6.767578125 3.955078125 -2.30286031599146 12.83203125 -103.88671875
582.444 376.176 88.328 698.964
0.1071709 -0.2223097 0.969068 582.4436 -0.01425285 0.9742379 0.2250719 376.176 -0.9941385 -0.03793313 0.1012414 88.32844 0 0 0 1
DataSet: 16
-26.3671875 27.685546875 5.888671875 3.955078125 2.06265010420208 5.625 -83.583984375
643.471 379.519 83.573 751.714
0.01942752 -0.1008944 0.9947075 643.4712 -0.02482084 0.9945399 0.1013621 379.5188 -0.9995031 -0.02665869 0.01681716 83.57284 0 0 0 1
DataSet: 17
-34.365234375 47.197265625 9.140625 3.955078125 0.802705199437102 7.119140625 -66.357421875
602.951 392.975 42.251 720.947
0.1162301 -0.1226665 0.9856184 602.9511 0.03686244 0.9921932 0.1191377 392.9754 -0.992538 0.02248491 0.1198445 42.25135 0 0 0 1
DataSet: 18
-28.828125 46.93359375 6.591796875 3.955078125 -3.78402500199232 7.20703125 -47.197265625
616.412 380.981 11.501 724.736
0.3519019 -0.09167887 0.9315364 616.4121 0.1334787 0.9899365 0.04700282 380.9813 -0.926471 0.1077999 0.3605977 11.50057 0 0 0 1