DataSet: 1
-13.974609375 2.548828125 5.361328125 3.955078125 11.0455539838501 -12.83203125 -105.556640625
778.585 363.838 86.203 863.714
-0.1348538 0.2444966 0.960227 778.5845 -0.1261106 0.9569632 -0.2613764 363.8375 -0.9828075 -0.1563424 -0.09821649 86.20315 0 0 0 1
DataSet: 2
1.494140625 2.548828125 -0.17578125 3.955078125 -2.5381190578215 14.765625 -73.4765625
617.972 342.547 -20.255 706.851
0.1395244 -0.2464284 0.9590652 617.9725 0.1148699 0.9660279 0.2315062 342.547 -0.9835334 0.07786694 0.1630916 -20.25517 0 0 0 1
DataSet: 3
10.283203125 -6.064453125 2.4609375 3.955078125 0.809630570513656 16.875 -69.78515625
598.396 350.969 -78.106 698.110
0.1936959 -0.2892582 0.9374495 598.3959 0.08703545 0.9568448 0.2772596 350.969 -0.9771933 0.02788731 0.2105126 -78.10572 0 0 0 1
DataSet: 4
-0.87890625 -5.9765625 2.548828125 3.955078125 -1.62110461918559 17.75390625 -97.03125
596.308 349.634 52.776 693.262
-0.06617902 -0.3059019 0.9497601 596.3076 -0.009234582 0.9519938 0.3059779 349.6342 -0.997765 0.01147868 -0.0658269 52.7756 0 0 0 1
DataSet: 5
4.21875 -5.888671875 3.251953125 3.955078125 -1.38022856338138 11.6015625 -99.140625
635.331 362.447 -3.612 731.455
-0.1948748 -0.2000039 0.9602199 635.3307 -0.00815652 0.9792855 0.2023197 362.4467 -0.9807942 0.03159496 -0.1924694 -3.611546 0 0 0 1
DataSet: 6
12.216796875 -18.984375 5.80078125 3.955078125 2.07141871754147 12.216796875 -101.42578125
623.829 372.796 -25.995 727.197
-0.1453896 -0.209623 0.9669126 623.829 -0.07732137 0.9767153 0.2001218 372.7964 -0.9863485 -0.04566738 -0.1582126 -25.99516 0 0 0 1
DataSet: 7
12.48046875 -18.984375 7.734375 3.955078125 6.77412645975661 9.66796875 -85.78125
639.485 382.090 -57.032 747.119
0.1165534 -0.1626011 0.9797837 639.4847 -0.1053679 0.9789155 0.1749914 382.0901 -0.9875793 -0.1236336 0.09696305 -57.03233 0 0 0 1
DataSet: 8
12.83203125 -18.896484375 -9.931640625 3.955078125 -3.44055308003369 7.470703125 -93.515625
648.796 307.940 1.214 718.167
-0.02406971 -0.1321213 0.9909413 648.7958 0.05194145 0.9897244 0.1332207 307.9399 -0.99836 0.05467751 -0.01695981 1.213683 0 0 0 1
DataSet: 9
5.009765625 -19.423828125 -11.689453125 3.955078125 -2.41720698517279 12.48046875 -87.802734375
611.229 295.231 80.762 683.582
0.2179854 -0.2199915 0.9508344 611.2287 0.05042288 0.9755009 0.2141387 295.2309 -0.9746486 0.001264682 0.2237376 80.76244 0 0 0 1
DataSet: 10
4.306640625 -19.423828125 -12.3046875 3.955078125 2.17861790916442 7.03125 -120.849609375
647.743 298.342 67.042 716.292
-0.3336885 -0.1127913 0.9359114 647.7429 -0.09536157 0.9917622 0.08552206 298.3423 -0.9378476 -0.06071224 -0.3416956 67.04211 0 0 0 1
DataSet: 11
-4.21875 -19.423828125 -3.427734375 3.955078125 2.17861790916442 7.03125 -120.849609375
635.576 337.286 164.485 738.088
-0.1909676 -0.1025445 0.9762254 635.5755 -0.09536157 0.9917622 0.08552206 337.2857 -0.9769532 -0.07676244 -0.1991733 164.4854 0 0 0 1
DataSet: 12
3.69140625 -11.953125 7.734375 3.955078125 -2.08653281854387 18.544921875 -96.064453125
587.618 370.906 42.952 696.212
-0.02516221 -0.3197422 0.9471704 587.6183 0.002626453 0.947446 0.319905 370.9058 -0.9996799 0.01053721 -0.02300004 42.95168 0 0 0 1
DataSet: 13
-11.07421875 15.46875 -0.703125 3.955078125 0.807458415266049 14.58984375 -90.087890625
611.351 340.789 12.918 700.038
-0.1466664 -0.2512082 0.9567567 611.3505 -0.0144787 0.9676577 0.2518509 340.7886 -0.9890801 0.02308546 -0.14556 12.91784 0 0 0 1
DataSet: 14
-15.205078125 15.556640625 7.998046875 3.955078125 13.128372628687 14.0625 -83.408203125
604.009 371.080 -17.108 709.098
0.03791631 -0.2588394 0.9651759 604.0092 -0.1984682 0.9446781 0.261139 371.08 -0.9793736 -0.2014582 -0.01555268 -17.10796 0 0 0 1
DataSet: 15
-9.580078125 15.556640625 5.09765625 3.955078125 -10.5825741941558 21.09375 -72.421875
583.961 348.515 67.900 683.435
0.1193665 -0.3249491 0.9381683 583.9614 0.2819187 0.9171237 0.2817905 348.5146 -0.951984 0.2308508 0.2010831 67.89962 0 0 0 1
DataSet: 16
-28.740234375 40.341796875 6.767578125 3.955078125 -0.458862477642377 7.822265625 -79.98046875
617.417 382.014 37.822 727.027
-0.09799076 -0.1289868 0.9867929 617.4167 0.03156497 0.9906632 0.1326272 382.0136 -0.9946866 0.04414433 -0.09300438 37.82191 0 0 0 1
DataSet: 17
-20.126953125 25.83984375 5.712890625 3.955078125 -4.858719385585 17.138671875 -66.09375
589.066 363.682 79.022 696.784
0.2304659 -0.2769075 0.9328492 589.0657 0.1964223 0.9521605 0.2341126 363.6819 -0.9530497 0.1292774 0.2738313 79.02239 0 0 0 1
DataSet: 18
-30.9375 25.83984375 2.28515625 3.955078125 -2.52352177082298 7.734375 -97.470703125
621.999 361.953 176.078 740.876
-0.1090435 -0.1354239 0.9847689 621.9995 0.02617466 0.9899417 0.1390336 361.953 -0.9936923 0.0409367 -0.104402 176.0782 0 0 0 1
DataSet: 19
-30.849609375 25.83984375 2.28515625 3.955078125 -11.1169990280565 18.369140625 -101.6015625
557.198 341.090 223.463 690.469
-0.172908 -0.3184528 0.9320357 557.198 0.1266874 0.9312375 0.3416826 341.0895 -0.9767565 0.1771568 -0.1206744 223.4627 0 0 0 1
DataSet: 24
7.822265625 -9.4921875 4.04296875 3.955078125 2.29317391633203 6.943359375 -103.974609375
661.022 370.419 -43.123 758.959
-0.2781455 -0.1223757 0.9527115 661.0216 -0.06799861 0.9918712 0.1075534 370.4192 -0.958129 -0.03486755 -0.2842059 -43.12297 0 0 0 1
DataSet: 25
7.294921875 -9.404296875 11.865234375 3.955078125 -2.42617820164782 15.99609375 -80.68359375
602.565 393.558 -7.507 719.742
0.1238436 -0.2741182 0.9536886 602.5654 0.08634509 0.9604188 0.2648401 393.5579 -0.988538 0.04954758 0.1426105 -7.507477 0 0 0 1
DataSet: 26
0 5.625 5.9765625 3.955078125 -1.03157409610336 6.15234375 -98.173828125
666.455 379.743 -41.012 768.146
-0.3041408 -0.1026988 0.9470751 666.455 0.002585532 0.9940793 0.1086262 379.7427 -0.9526236 0.03548634 -0.3020745 -41.01223 0 0 0 1
DataSet: 27
-14.150390625 5.712890625 3.251953125 3.955078125 -0.691784519254546 14.150390625 -94.306640625
608.840 359.000 116.665 716.364
0.005351145 -0.2446351 0.9696004 608.8398 -0.006317286 0.9695867 0.2446665 358.9997 -0.9999657 -0.007434489 0.003642969 116.6651 0 0 0 1
DataSet: 28
-15.99609375 5.80078125 5.625 3.955078125 -3.36317984830615 18.896484375 -101.6015625
574.326 360.563 147.923 694.073
-0.08243018 -0.3279735 0.9410837 574.3259 -0.007551142 0.9444758 0.3284943 360.563 -0.9965683 0.01997158 -0.08032988 147.9227 0 0 0 1
DataSet: 29
-4.658203125 5.80078125 5.80078125 3.955078125 -0.11663754014327 22.412109375 -61.435546875
570.106 354.226 14.959 671.358
0.3622769 -0.3795905 0.8512734 570.1063 0.1840886 0.9244636 0.333884 354.2261 -0.9137105 0.03575132 0.4047901 14.9593 0 0 0 1
DataSet: 30
-5.888671875 5.80078125 -7.822265625 3.955078125 -0.69230731857842 14.853515625 -85.166015625
613.120 308.929 27.676 687.110
0.01408597 -0.2549773 0.9668444 613.1201 0.0336404 0.9665138 0.2544 308.9295 -0.9993348 0.02894156 0.02219182 27.67646 0 0 0 1
DataSet: 31
4.21875 5.80078125 -4.04296875 3.955078125 -0.922292681158961 14.0625 -52.470703125
615.115 326.796 -80.444 701.166
0.3825087 -0.232018 0.894346 615.1151 0.1607614 0.9699056 0.1828632 326.7963 -0.9098587 0.07382958 0.4082969 -80.44363 0 0 0 1
DataSet: 32
1.845703125 5.80078125 -7.91015625 3.955078125 -5.04118335484957 5.537109375 -71.455078125
672.283 317.418 -40.125 744.533
0.1207142 -0.07693015 0.9897019 672.2834 0.1138789 0.9914837 0.06317882 317.4178 -0.9861337 0.1050796 0.1284468 -40.1249 0 0 0 1
DataSet: 33
-8.26171875 5.80078125 -7.3828125 3.955078125 -5.40827595900401 12.3046875 -99.931640625
627.813 313.052 81.217 706.220
-0.1941138 -0.2106367 0.9580981 627.8127 0.0562475 0.9726788 0.2252382 313.0515 -0.9793651 0.09761246 -0.1769626 81.21702 0 0 0 1
DataSet: 34
2.8125 -8.701171875 10.8984375 3.955078125 -3.21828636911341 10.810546875 -86.66015625
633.851 396.566 41.613 748.841
0.09080176 -0.189316 0.9777088 633.8508 0.06695461 0.9807037 0.1836776 396.5655 -0.9936157 0.04878386 0.1017252 41.61327 0 0 0 1
DataSet: 35
-3.076171875 -8.701171875 7.55859375 3.955078125 -1.60665716329628 8.525390625 -111.708984375
643.729 384.746 99.157 756.471
-0.2357944 -0.150642 0.9600562 643.7293 -0.02876496 0.9885615 0.14805 384.7459 -0.9713772 0.00729337 -0.2374304 99.15746 0 0 0 1
DataSet: 36
-4.04296875 -8.701171875 -11.689453125 3.955078125 -2.29718865728028 9.84375 -111.884765625
630.362 298.424 112.228 706.406
-0.2208788 -0.1749887 0.9594746 630.3624 -0.0264791 0.9844859 0.1734546 298.4241 -0.9749417 0.01290642 -0.2220856 112.2283 0 0 0 1
DataSet: 37
6.240234375 -19.3359375 -2.724609375 3.955078125 -1.83541327579773 7.822265625 -96.591796875
646.426 339.838 69.396 733.602
0.04552386 -0.1394129 0.9891874 646.4255 0.01620115 0.9901868 0.1388082 339.8383 -0.9988319 0.009706885 0.04733577 69.39556 0 0 0 1
DataSet: 38
14.501953125 -22.67578125 -1.142578125 3.955078125 -3.59283238600029 18.45703125 -86.66015625
582.244 331.391 4.381 669.961
0.128322 -0.3201084 0.9386501 582.2444 0.08096715 0.946697 0.3117837 331.3913 -0.9884219 0.03599111 0.1474003 4.380678 0 0 0 1
DataSet: 39
18.720703125 -22.67578125 12.83203125 3.955078125 -2.65246942849922 14.4140625 -74.970703125
598.759 400.256 -44.094 721.569
0.2511503 -0.2489276 0.9353922 598.7594 0.1091758 0.9674844 0.2281546 400.2557 -0.9617714 0.04482106 0.2701608 -44.09417 0 0 0 1
DataSet: 40
20.302734375 -31.9921875 3.779296875 3.955078125 -5.06563976234538 12.83203125 -56.337890625
601.268 361.913 14.152 701.929
0.6456481 -0.2316595 0.7276486 601.2684 0.1961158 0.9712171 0.1351887 361.9125 -0.7380224 0.05541905 0.6724965 14.15238 0 0 0 1
DataSet: 41
23.37890625 -24.9609375 4.21875 3.955078125 4.50775475150506 16.435546875 -70.751953125
584.395 358.509 -120.252 696.065
0.2766433 -0.2858152 0.9174847 584.3947 0.01878327 0.9561718 0.2922034 358.5088 -0.9607891 -0.06360275 0.269887 -120.2519 0 0 0 1
DataSet: 42
17.841796875 -25.048828125 1.58203125 3.955078125 -3.34159256022235 13.623046875 -93.603515625
607.993 351.827 -14.885 702.609
-0.004417834 -0.2383673 0.971165 607.9933 0.04339498 0.9702139 0.2383313 351.8265 -0.9990482 0.0431966 0.006057702 -14.88486 0 0 0 1
DataSet: 43
16.787109375 -24.9609375 9.404296875 3.955078125 -2.40803716325808 7.119140625 -113.818359375
644.934 393.852 -7.106 755.718
-0.332245 -0.1266642 0.9346493 644.9337 -0.01156738 0.9914144 0.1302451 393.8522 -0.9431222 0.03246185 -0.3308576 -7.106269 0 0 0 1
DataSet: 44
6.240234375 -24.43359375 10.8984375 3.955078125 -0.801948394525577 4.921875 -71.103515625
651.052 402.078 100.943 771.833
0.5453342 -0.08659147 0.8337341 651.0522 0.0410254 0.996215 0.07663254 402.0782 -0.8372142 -0.007586069 0.5468225 100.9435 0 0 0 1
DataSet: 45
6.240234375 -33.57421875 6.15234375 3.955078125 -5.1870403384478 14.0625 -95.44921875
566.662 370.559 165.950 697.108
0.309672 -0.2578311 0.9152193 566.6619 0.06701899 0.9660589 0.249477 370.5591 -0.9484786 -0.01591897 0.316441 165.95 0 0 0 1
DataSet: 46
-6.064453125 -15.029296875 3.955078125 3.955078125 3.92503081331644 15.380859375 -95.44921875
595.263 359.387 130.877 707.549
0.204661 -0.2340071 0.9504496 595.2629 -0.09327028 0.9619225 0.2569157 359.3867 -0.9743791 -0.1412293 0.1750422 130.8772 0 0 0 1
DataSet: 47
1.0546875 -14.94140625 3.33984375 3.955078125 2.30050320420262 11.689453125 -114.169921875
627.443 362.546 68.778 727.911
-0.2382917 -0.1927912 0.9518659 627.443 -0.1195111 0.9784709 0.1682612 362.5461 -0.9638123 -0.07366326 -0.2562022 68.7785 0 0 0 1
DataSet: 48
5.009765625 -14.94140625 2.197265625 3.955078125 14.2600348259962 19.51171875 -106.259765625
591.628 334.407 -47.656 681.265
-0.1680005 -0.3080095 0.9364325 591.6276 -0.3271066 0.9135304 0.2417921 334.4071 -0.9299339 -0.2656921 -0.2542256 -47.65596 0 0 0 1
DataSet: 49
8.61328125 -14.94140625 -8.96484375 3.955078125 -5.38986807088748 7.55859375 -86.484375
651.670 311.174 33.422 722.924
0.1018494 -0.1352828 0.9855584 651.6699 0.101786 0.9869279 0.124952 311.1737 -0.9895788 0.08758972 0.1142879 33.42152 0 0 0 1
DataSet: 50
0.263671875 -15.029296875 -9.140625 3.955078125 -0.576434817317136 14.0625 -87.71484375
606.246 304.382 91.731 684.542
0.2253767 -0.2404984 0.9441217 606.2462 0.01974035 0.9699821 0.2423735 304.3817 -0.9740717 -0.03598806 0.2233589 91.73084 0 0 0 1
DataSet: 51
-1.23046875 3.33984375 -7.998046875 3.955078125 1.3750725738765 5.537109375 -107.9296875
669.252 318.298 -25.317 741.521
-0.4051106 -0.09847385 0.908949 669.252 -0.05252781 0.9950473 0.08439039 318.2984 -0.9127575 -0.01355766 -0.4082768 -25.31681 0 0 0 1
DataSet: 52
-14.58984375 3.251953125 -3.779296875 3.955078125 2.29250553332388 6.328125 -112.1484375
654.656 336.210 124.791 746.448
-0.2528965 -0.1041997 0.9618658 654.6558 -0.07857076 0.9931115 0.08692652 336.2098 -0.9642977 -0.05359112 -0.2593414 124.7909 0 0 0 1
DataSet: 53
-17.40234375 3.251953125 -4.921875 3.955078125 -4.52496024475389 19.248046875 -124.541015625
563.429 312.695 182.825 669.817
-0.3788911 -0.337637 0.8616512 563.4287 -0.1213464 0.9411576 0.3154323 312.6949 -0.9174511 0.01495624 -0.3975672 182.825 0 0 0 1
DataSet: 54
-15.908203125 3.33984375 -16.083984375 3.955078125 0 13.88671875 -104.765625
594.833 274.643 144.214 670.860
-0.09980731 -0.2372962 0.9662966 594.8335 -0.06116854 0.9707721 0.2320773 274.6427 -0.9931248 -0.03594394 -0.1114052 144.2144 0 0 0 1
DataSet: 55
-6.591796875 3.251953125 -5.80078125 3.955078125 1.97525965100736 20.126953125 -66.533203125
581.817 307.827 35.965 659.213
0.3639834 -0.3444291 0.8653812 581.8165 0.1053287 0.9383746 0.3291793 307.8266 -0.9254307 -0.02866638 0.377831 35.96534 0 0 0 1
DataSet: 56
-2.109375 3.33984375 9.66796875 3.955078125 -1.38022856338138 11.6015625 -79.27734375
632.923 390.694 5.142 743.814
0.09281202 -0.198149 0.9757679 632.9225 0.06107232 0.9792855 0.1930543 390.6944 -0.9938089 0.04167464 0.1029909 5.142198 0 0 0 1
DataSet: 57
-17.578125 22.060546875 6.6796875 3.955078125 2.88765846572225 15.8203125 -74.091796875
593.363 371.049 29.252 700.437
0.119376 -0.2767826 0.9534887 593.3629 0.02618133 0.9608997 0.275656 371.0487 -0.9925039 -0.007943102 0.1219549 29.25231 0 0 0 1
DataSet: 58
-15.029296875 21.97265625 5.537109375 3.955078125 11.9688284473683 20.7421875 -71.015625
556.476 349.647 -41.982 658.545
0.1193223 -0.3844434 0.9154046 556.4758 -0.08339122 0.9148532 0.3950818 349.6474 -0.9893473 -0.1234788 0.07710321 -41.98177 0 0 0 1
DataSet: 59
-24.697265625 22.1484375 3.603515625 3.955078125 0 12.3046875 -73.916015625
607.945 363.200 118.777 718.066
0.2470196 -0.2130461 0.9453003 607.9445 0.05904137 0.9770281 0.2047685 363.2001 -0.9672101 0.00522999 0.2539237 118.7766 0 0 0 1
DataSet: 60
-25.927734375 22.060546875 0.966796875 3.955078125 3.44358649078317 8.96484375 -111.09375
626.012 354.710 111.296 728.078
-0.3569217 -0.1559192 0.9210299 626.0121 -0.1120215 0.9860006 0.1235069 354.7104 -0.9273932 -0.05909288 -0.3693913 111.2959 0 0 0 1
DataSet: 62
-18.017578125 13.359375 0.615234375 3.955078125 -1.14601998877481 5.80078125 -86.923828125
658.217 356.237 112.688 756.870
0.06563476 -0.1013064 0.9926878 658.2168 0.02539435 0.9946803 0.09983075 356.2368 -0.9975205 0.01865629 0.06785821 112.6876 0 0 0 1
DataSet: 63
-22.587890625 24.873046875 4.5703125 3.955078125 -0.806364385694974 13.271484375 -75.849609375
605.829 366.113 83.868 712.813
0.1312261 -0.2267163 0.96508 605.8292 0.06976203 0.9731969 0.2191373 366.1135 -0.9888948 0.03856941 0.143525 83.86847 0 0 0 1
DataSet: 64
-23.642578125 24.78515625 6.416015625 3.955078125 -3.3310101395925 9.931640625 -106.787109375
624.995 377.866 109.200 738.462
-0.3685436 -0.1667055 0.9145408 624.995 0.005899297 0.98335 0.1816256 377.8663 -0.9295918 0.07233208 -0.3614239 109.1998 0 0 0 1
DataSet: 65
-28.4765625 24.873046875 4.482421875 3.955078125 -1.6056854035645 7.470703125 -78.3984375
629.467 372.096 150.372 746.523
0.1933901 -0.1298463 0.9724917 629.4672 0.05358556 0.9911221 0.1216778 372.0957 -0.9796575 0.02858023 0.1986311 150.3723 0 0 0 1
DataSet: 66
1.93359375 -5.185546875 -5.712890625 3.955078125 -3.11962521062709 16.083984375 -80.419921875
607.599 315.698 27.525 685.273
0.1478477 -0.2763835 0.9496069 607.599 0.09970119 0.9594327 0.2637205 315.6983 -0.9839719 0.05568646 0.1694057 27.52515 0 0 0 1
DataSet: 67
0.087890625 -5.09765625 1.40625 3.955078125 1.8421587099154 12.744140625 -121.46484375
628.256 352.699 17.290 720.695
-0.4934062 -0.2199832 0.8415211 628.2557 -0.1425065 0.9748608 0.1712844 352.699 -0.8580456 -0.03540944 -0.5123514 17.29021 0 0 0 1
DataSet: 68
11.07421875 -5.09765625 4.833984375 3.955078125 -6.97632951894925 20.7421875 -70.751953125
581.341 351.308 -43.743 680.652
0.1444906 -0.3292655 0.9331167 581.3406 0.2305584 0.9282598 0.2918503 351.3078 -0.9622709 0.1729682 0.2100397 -43.743 0 0 0 1
DataSet: 69
5.361328125 -5.009765625 0.439453125 3.955078125 -7.72274401704115 14.23828125 -99.84375
622.555 343.306 16.849 711.138
-0.2389843 -0.2354794 0.9420382 622.555 0.0907336 0.9604898 0.2631098 343.3062 -0.966775 0.1483536 -0.2081761 16.84943 0 0 0 1
DataSet: 70
-0.703125 -4.921875 2.900390625 3.955078125 -2.31864406151771 18.6328125 -53.0859375
591.920 349.349 48.523 689.035
0.5919482 -0.3204835 0.7395185 591.9203 0.2240879 0.9468098 0.2309456 349.3485 -0.7741976 0.02900935 0.6322788 48.52323 0 0 0 1
DataSet: 71
8.61328125 -4.921875 13.53515625 3.955078125 -5.22642758232205 19.951171875 -99.66796875
579.839 392.128 -29.824 700.619
-0.2877756 -0.3267918 0.900218 579.8393 0.03273264 0.9360757 0.3502724 392.128 -0.9571384 0.1302664 -0.258683 -29.82354 0 0 0 1
DataSet: 72
9.4921875 -4.833984375 -10.1953125 3.955078125 -0.916991661123977 6.240234375 -76.904296875
660.347 308.290 -76.340 732.754
0.07690355 -0.1050889 0.9914848 660.3474 0.04021295 0.9939476 0.1022309 308.2899 -0.9962273 0.03200861 0.08066403 -76.33973 0 0 0 1
DataSet: 73
9.931640625 -4.833984375 -12.041015625 3.955078125 -2.07727682823996 15.029296875 -50.09765625
606.377 290.030 -66.137 675.414
0.4921448 -0.2505747 0.8336701 606.3769 0.1940418 0.9651587 0.1755463 290.03 -0.8486114 0.07537261 0.5236198 -66.1366 0 0 0 1
DataSet: 74
0.966796875 -4.833984375 0.703125 3.955078125 -6.80375317228845 14.58984375 -68.291015625
617.511 344.635 57.838 709.533
0.3565662 -0.2517217 0.8997204 617.5107 0.2025855 0.9609387 0.188563 344.6346 -0.9120415 0.1150351 0.3936334 57.83813 0 0 0 1
DataSet: 75
5.09765625 -4.833984375 4.658203125 3.955078125 8.14046321936746 20.91796875 -84.990234375
575.534 349.259 -71.558 677.010
0.008479178 -0.3657938 0.9306573 575.5344 -0.1101957 0.9246805 0.3644486 349.2592 -0.9938737 -0.1056446 -0.03246837 -71.55825 0 0 0 1
DataSet: 76
-6.6796875 -4.833984375 0.439453125 3.955078125 -6.42147550409563 7.55859375 -81.474609375
646.915 352.050 143.788 750.409
0.274666 -0.1449808 0.9505467 646.9154 0.1299838 0.9850914 0.1126902 352.0496 -0.9527134 0.09260346 0.2894163 143.7876 0 0 0 1
DataSet: 77
4.39453125 -4.833984375 0.17578125 3.955078125 -0.230977079585759 15.64453125 -59.765625
611.164 343.010 -18.091 701.074
0.431026 -0.2689228 0.8613345 611.1644 0.1392702 0.9629455 0.2309543 343.0101 -0.8915271 0.02041091 0.4525074 -18.09109 0 0 0 1
DataSet: 78
5.9765625 -4.833984375 -11.865234375 3.955078125 -1.15635319712298 16.69921875 -94.21875
599.237 288.117 -28.822 665.527
-0.1588161 -0.2844934 0.9454316 599.2367 -0.001008179 0.9576313 0.2879951 288.1171 -0.9873077 0.04478509 -0.1523741 -28.82242 0 0 0 1
DataSet: 79
-2.548828125 -4.833984375 -12.3046875 3.955078125 -2.53715428581683 14.4140625 -83.3203125
609.613 289.745 69.448 678.531
0.1717045 -0.2510457 0.9526246 609.6134 0.07289326 0.9675727 0.2418464 289.7453 -0.982448 0.02791381 0.1844361 69.44809 0 0 0 1
DataSet: 80
-2.28515625 7.20703125 0.263671875 3.955078125 -1.03648757853624 13.0078125 -75.41015625
626.679 347.392 -19.568 716.792
0.09333985 -0.2196681 0.9710992 626.6792 0.07419469 0.97418 0.2132336 347.3925 -0.992866 0.05214721 0.107228 -19.56806 0 0 0 1
DataSet: 81
6.240234375 7.119140625 1.93359375 3.955078125 -0.932376823201284 21.97265625 -64.599609375
565.995 338.111 -96.755 666.356
0.1117257 -0.352718 0.9290357 565.9947 0.1751725 0.9272397 0.3309699 338.1113 -0.9781779 0.1257637 0.165383 -96.75514 0 0 0 1
DataSet: 82
4.482421875 7.20703125 5.09765625 3.955078125 -4.04168196522706 15.64453125 -39.55078125
608.583 363.951 -71.609 712.714
0.5476528 -0.2413753 0.8011332 608.5829 0.2522939 0.9605584 0.1169414 363.9513 -0.797762 0.1380776 0.5869501 -71.60901 0 0 0 1
DataSet: 83
-12.744140625 7.294921875 3.603515625 3.955078125 -5.19193896974657 14.94140625 -84.55078125
607.099 357.939 118.399 714.639
0.1175142 -0.2600232 0.9584249 607.0992 0.1144676 0.9622259 0.2470194 357.9394 -0.986452 0.08068032 0.1428394 118.3988 0 0 0 1
DataSet: 84
-10.634765625 7.294921875 -14.23828125 3.955078125 -5.6694956630364 17.314453125 -95.625
589.645 275.163 98.145 658.049
-0.1042348 -0.2965859 0.9493008 589.6454 0.06928551 0.9500157 0.3044169 275.163 -0.9921364 0.09750363 -0.07847564 98.14458 0 0 0 1
DataSet: 85
-13.974609375 21.005859375 4.833984375 3.955078125 -3.57169724682083 13.53515625 -59.4140625
616.907 366.262 33.638 718.230
0.3233046 -0.21821 0.9207923 616.907 0.1724862 0.970338 0.1693888 366.2625 -0.9304422 0.1040597 0.351353 33.63756 0 0 0 1
DataSet: 86
-27.0703125 21.005859375 -0.3515625 3.955078125 -2.87536042176216 11.6015625 -83.408203125
605.983 346.142 169.007 718.048
0.1488486 -0.202777 0.9678459 605.9827 0.07288855 0.9783365 0.1937652 346.1423 -0.9861701 0.04170319 0.1604042 169.0072 0 0 0 1
DataSet: 87
-22.32421875 21.62109375 2.548828125 3.955078125 0.458885220753353 7.91015625 -69.2578125
639.230 363.303 92.642 741.071
0.2971584 -0.1378485 0.9448252 639.2296 0.0412486 0.9904533 0.1315324 363.3027 -0.9539368 -0.0001132416 0.3000076 92.64218 0 0 0 1
DataSet: 88
-23.994140625 21.533203125 5.80078125 3.955078125 -4.03006104196218 12.919921875 -76.81640625
605.363 371.218 139.758 723.739
0.1969912 -0.2217269 0.9550035 605.3627 0.1192959 0.9722734 0.201129 371.2177 -0.9731202 0.07430734 0.2179804 139.7578 0 0 0 1
DataSet: 89
-13.88671875 21.796875 13.0078125 3.955078125 -3.45899008464325 14.23828125 -66.09375
606.675 401.026 28.498 727.798
0.1980082 -0.2286757 0.9531528 606.6754 0.1546476 0.9675154 0.199995 401.0263 -0.967924 0.1078021 0.2269401 28.49808 0 0 0 1
DataSet: 90
-22.060546875 21.796875 -17.138671875 3.955078125 -7.92143769033175 9.66796875 -96.50390625
621.140 272.159 140.099 692.469
-0.1749573 -0.158843 0.9716784 621.1396 0.1180872 0.976391 0.1808758 272.1593 -0.9774688 0.1463883 -0.1520694 140.0995 0 0 0 1
DataSet: 91
-8.525390625 21.796875 4.921875 3.955078125 -2.98590673693793 9.66796875 -60.029296875
637.849 371.669 -40.225 739.329
0.2154635 -0.1451973 0.9656569 637.8492 0.1289057 0.9844592 0.1192622 371.6693 -0.9679663 0.09878206 0.2308318 -40.22519 0 0 0 1
DataSet: 92
-8.525390625 21.796875 4.921875 3.955078125 -9.03317575210865 25.6640625 -72.94921875
557.330 338.159 18.291 652.153
-0.02128047 -0.3717552 0.9280869 557.3304 0.2755216 0.8901699 0.3628847 338.1589 -0.9610593 0.2634303 0.08348334 18.29079 0 0 0 1
DataSet: 93
-15.380859375 21.796875 2.373046875 3.955078125 -9.03150887130222 25.576171875 -72.94921875
552.365 327.118 84.544 647.504
0.09376714 -0.3991671 0.9120709 552.3653 0.2750941 0.8908291 0.3615891 327.1177 -0.9568338 0.2170002 0.193339 84.54443 0 0 0 1
DataSet: 94
-17.666015625 21.796875 2.8125 3.955078125 -3.6817328123802 12.041015625 -88.681640625
623.029 359.327 67.630 722.395
-0.1180097 -0.1977044 0.9731324 623.0292 0.06898691 0.97598 0.2066488 359.3265 -0.9906132 0.09151996 -0.1015361 67.63015 0 0 0 1
DataSet: 95
-9.4921875 21.796875 1.23046875 3.955078125 -5.76056306181921 13.623046875 -57.12890625
620.830 349.111 -7.156 712.292
0.2759992 -0.1987996 0.940374 620.8297 0.2114916 0.9669585 0.1423471 349.1115 -0.9376011 0.1595935 0.3089242 -7.156078 0 0 0 1
DataSet: 96
-22.5 21.62109375 -1.0546875 3.955078125 -4.02972658681777 12.83203125 -78.134765625
610.630 340.992 123.349 710.183
0.1479715 -0.2180966 0.9646441 610.6301 0.1143244 0.9726148 0.2023619 340.992 -0.9823616 0.08033856 0.1688531 123.3489 0 0 0 1
DataSet: 97
-26.630859375 19.86328125 0.087890625 3.955078125 -7.08272776696067 19.86328125 -110.56640625
555.793 332.095 193.230 675.670
-0.2836831 -0.3450578 0.8946837 555.7928 -0.003006617 0.9333292 0.3590091 332.0948 -0.9589134 0.09915484 -0.2658072 193.2303 0 0 0 1
DataSet: 98
-26.89453125 20.0390625 -2.548828125 3.955078125 1.97948055931397 21.4453125 -108.28125
548.388 319.302 141.710 650.204
-0.2437739 -0.3635179 0.8991268 548.3883 -0.1474159 0.9302115 0.3361176 319.3016 -0.9585629 -0.05060891 -0.2803496 141.7103 0 0 0 1
DataSet: 99
-19.599609375 20.0390625 2.021484375 3.955078125 -3.56810236090534 12.48046875 -68.203125
617.545 355.289 99.783 719.409
0.2908518 -0.2108155 0.9332535 617.5452 0.1378741 0.9744771 0.1771586 355.2888 -0.9467819 0.07714456 0.3124944 99.78336 0 0 0 1
DataSet: 100
2.548828125 -6.328125 -2.900390625 3.955078125 -4.48522589684443 11.6015625 -92.900390625
635.095 334.221 36.674 718.606
-0.05262288 -0.2008687 0.9782038 635.0953 0.06795717 0.9765699 0.2041889 334.2206 -0.9962995 0.07722097 -0.03773945 36.67403 0 0 0 1
DataSet: 101
2.548828125 -6.328125 -2.900390625 3.955078125 3.69023840829813 14.4140625 -76.201171875
617.948 330.647 -12.653 700.961
0.2280196 -0.2491177 0.9412478 617.9476 -0.003255235 0.9665139 0.2565934 330.6467 -0.9736511 -0.06157231 0.2195732 -12.6531 0 0 0 1
DataSet: 102
2.548828125 -6.328125 -2.900390625 3.955078125 -3.90752947578316 10.72265625 -102.216796875
640.433 335.530 33.229 723.768
-0.2109153 -0.1858489 0.9596744 640.4333 0.02732329 0.9802552 0.1958396 335.5304 -0.9771224 0.06752701 -0.2016728 33.2288 0 0 0 1
DataSet: 103
-8.7890625 -6.328125 -3.8671875 3.955078125 -1.72381052268826 10.546875 -86.30859375
624.782 332.107 145.593 722.388
0.2551255 -0.1853024 0.9489858 624.7817 0.04179847 0.9826606 0.1806407 332.1068 -0.9660041 -0.006419898 0.2584471 145.5929 0 0 0 1
DataSet: 104
4.130859375 -6.328125 -1.494140625 3.955078125 -2.87852105041225 12.83203125 -72.158203125
628.347 339.464 9.546 714.246
0.2695393 -0.2204871 0.9374081 628.3472 0.1157647 0.9737951 0.1957591 339.4638 -0.9560058 0.05575399 0.2880007 9.5456 0 0 0 1
DataSet: 105
0.52734375 -6.240234375 -5.185546875 3.955078125 -8.95759539149139 21.181640625 -89.208984375
575.126 304.391 81.016 655.734
0.04314057 -0.3656093 0.9297681 575.126 0.160616 0.9210675 0.3547355 304.3905 -0.9860737 0.1340321 0.09845807 81.01559 0 0 0 1
DataSet: 106
0.3515625 -6.240234375 -5.185546875 3.955078125 -4.02243362284724 10.72265625 -55.1953125
638.045 325.377 57.793 718.549
0.5878806 -0.1882747 0.7867332 638.045 0.163533 0.980119 0.1123554 325.3774 -0.7922458 0.06260528 0.606982 57.79343 0 0 0 1
DataSet: 107
0.791015625 -6.240234375 9.580078125 3.955078125 -3.5628055116496 10.72265625 -75.849609375
636.051 390.792 49.866 748.175
0.2652786 -0.187584 0.9457482 636.0509 0.1056537 0.9806404 0.1648692 390.7917 -0.9583656 0.05618547 0.2799618 49.86621 0 0 0 1
DataSet: 108
8.7890625 -6.240234375 5.625 3.955078125 -6.56378480813212 13.18359375 -78.134765625
626.305 368.661 -19.790 727.022
0.08938593 -0.2139976 0.9727359 626.3049 0.1584535 0.9672622 0.1982329 368.6613 -0.9833121 0.1364142 0.1203683 -19.79023 0 0 0 1
DataSet: 109
5.44921875 -6.240234375 2.373046875 3.955078125 -4.94331442615481 11.162109375 -55.283203125
639.112 357.897 6.573 732.529
0.5132192 -0.1886243 0.8372735 639.1122 0.1806707 0.9774342 0.1094554 357.8972 -0.8390257 0.0950962 0.5357169 6.573452 0 0 0 1
DataSet: 110
5.44921875 -6.240234375 2.373046875 3.955078125 0.816459398166693 22.412109375 -80.5078125
570.596 339.039 -24.419 664.171
0.0977406 -0.3814117 0.9192235 570.5956 0.04881501 0.9243716 0.3783573 339.0387 -0.994014 0.00789104 0.1089673 -24.41926 0 0 0 1
DataSet: 111
21.533203125 -23.466796875 -7.646484375 3.955078125 -4.37541442446456 12.919921875 -68.466796875
609.020 311.596 -58.147 686.569
0.3250297 -0.2208269 0.9195603 609.0195 0.1527935 0.9718429 0.1793756 311.5956 -0.9332791 0.08220042 0.3496187 -58.14653 0 0 0 1
DataSet: 112
21.533203125 -23.466796875 -7.646484375 3.955078125 7.7046267810915 11.77734375 -71.015625
613.361 310.980 -131.417 700.136
0.2848952 -0.2086115 0.9355832 613.3609 -0.06097468 0.9701106 0.2348777 310.9799 -0.9566174 -0.1239624 0.2636599 -131.4168 0 0 0 1
DataSet: 113
21.533203125 -23.37890625 -7.646484375 3.955078125 -1.15080977720459 12.216796875 -42.5390625
612.611 313.484 -78.313 692.602
0.6948777 -0.2107454 0.6875545 612.611 0.169466 0.9771568 0.1282417 313.4841 -0.698875 0.02740477 0.7147187 -78.31309 0 0 0 1
DataSet: 114
24.609375 -23.466796875 -9.404296875 3.955078125 2.53230295005438 12.48046875 -75.5859375
602.805 305.159 -132.552 688.525
0.1559002 -0.2190851 0.9631702 602.8049 0.01095055 0.9754163 0.2200981 305.1594 -0.9877121 -0.02376611 0.1544667 -132.5519 0 0 0 1
DataSet: 115
21.97265625 -23.466796875 4.5703125 3.955078125 0.230181939005597 12.3046875 -71.103515625
612.532 367.472 -90.735 720.045
0.2754922 -0.2130823 0.93739 612.5322 0.06521631 0.9770203 0.2029243 367.4724 -0.9590886 0.005229072 0.2830579 -90.73476 0 0 0 1
DataSet: 116
20.302734375 -23.37890625 -0.615234375 3.955078125 7.46076285382262 9.31640625 -59.765625
633.257 345.016 -117.799 730.703
0.4835351 -0.1638328 0.8598561 633.2567 -0.03135857 0.9784551 0.2040644 345.0156 -0.8747631 -0.1256362 0.4679798 -117.7995 0 0 0 1
DataSet: 117
20.302734375 -23.37890625 -0.703125 3.955078125 -6.9272074756033 15.64453125 -79.189453125
596.283 336.618 -30.407 685.412
0.1657289 -0.2678551 0.9490983 596.2827 0.1686781 0.9559239 0.2403273 336.6184 -0.9716386 0.1202629 0.2036055 -30.40717 0 0 0 1
DataSet: 118
13.974609375 -23.37890625 2.98828125 3.955078125 -1.73024237627497 14.58984375 -70.048828125
604.900 357.024 5.296 702.423
0.4177008 -0.2535343 0.8724943 604.8999 0.1142949 0.9673126 0.2263692 357.0244 -0.9013671 0.00516705 0.4330249 5.29642 0 0 0 1
DataSet: 119
7.294921875 -23.73046875 3.251953125 3.955078125 -4.70388108148467 8.26171875 -54.84375
633.006 364.936 104.070 738.042
0.7309914 -0.1578376 0.6638817 633.006 0.149509 0.9862888 0.06986745 364.9357 -0.6658068 0.04818378 0.7445667 104.0702 0 0 0 1
DataSet: 120
7.20703125 -23.818359375 3.427734375 3.955078125 1.8598429731751 20.390625 -122.431640625
570.289 348.141 50.980 670.098
-0.3069718 -0.3332876 0.8914526 570.289 -0.2141489 0.9368452 0.2765163 348.1414 -0.9273126 -0.1060208 -0.3589582 50.98002 0 0 0 1
DataSet: 121
16.69921875 -22.1484375 5.361328125 3.955078125 -5.04718427548152 7.998046875 -73.212890625
644.210 374.311 -9.688 745.123
0.3106843 -0.1413637 0.9399423 644.2098 0.1242569 0.9864331 0.1072844 374.3112 -0.9423563 0.0834627 0.3240347 -9.688286 0 0 0 1
DataSet: 122
22.587890625 -22.1484375 3.779296875 3.955078125 -3.90622317183524 10.283203125 -93.427734375
625.876 365.621 -81.782 729.443
-0.1350211 -0.1728529 0.9756491 625.8756 0.05735331 0.9816516 0.1818535 365.621 -0.9891815 0.08051077 -0.12263 -81.78179 0 0 0 1
DataSet: 123
11.337890625 -22.236328125 1.0546875 3.955078125 -6.00465231891668 15.732421875 -84.287109375
596.037 344.885 50.468 690.473
0.2143982 -0.2813289 0.9353542 596.0373 0.1309323 0.9572574 0.257905 344.8846 -0.9679309 0.06717373 0.2420693 50.46777 0 0 0 1
DataSet: 124
2.98828125 -22.236328125 -4.21875 3.955078125 -3.0998073285238 9.228515625 -104.0625
624.192 331.601 130.436 718.741
0.0246891 -0.1687717 0.9853459 624.1917 0.01354456 0.9856123 0.168478 331.6012 -0.9996034 0.009186508 0.02661982 130.4359 0 0 0 1
DataSet: 125
18.10546875 -21.97265625 -4.74609375 3.955078125 -5.05192824633137 9.4921875 -74.970703125
635.020 328.156 -26.795 715.300
0.2542921 -0.1647797 0.9529864 635.0197 0.1276444 0.9824766 0.1358186 328.1562 -0.958667 0.08710576 0.2708693 -26.79453 0 0 0 1
DataSet: 126
12.744140625 -21.97265625 -4.921875 3.955078125 -5.50940787909543 9.052734375 -85.25390625
637.099 327.559 35.710 717.263
0.1724196 -0.1653917 0.9710392 637.0992 0.1086385 0.9829819 0.1481358 327.5593 -0.9790144 0.07995072 0.1874532 35.71049 0 0 0 1
DataSet: 127
14.94140625 -21.97265625 -1.40625 3.955078125 2.1823363245403 9.84375 -76.9921875
636.544 343.680 -35.860 724.286
0.2737778 -0.1687021 0.9468819 636.5444 0.001350259 0.9845631 0.1750252 343.6802 -0.9617921 -0.04663948 0.2697793 -35.85985 0 0 0 1
DataSet: 128
6.6796875 -21.533203125 2.373046875 3.955078125 -1.15108385472939 12.48046875 -90.263671875
616.005 357.449 69.911 715.625
0.1846201 -0.2159175 0.9587988 616.0052 0.01909432 0.9761727 0.2161534 357.4488 -0.9826245 -0.02159864 0.1843439 69.91113 0 0 0 1
DataSet: 129
6.6796875 -21.533203125 2.4609375 3.955078125 5.09354588768556 17.666015625 -96.15234375
592.503 348.209 27.669 687.805
0.08641489 -0.2820002 0.9555147 592.5035 -0.1206657 0.9490789 0.2910137 348.209 -0.9889248 -0.1404458 0.04798679 27.66864 0 0 0 1
DataSet: 130
16.083984375 -21.533203125 -8.96484375 3.955078125 -3.48002372054547 19.072265625 -63.896484375
576.615 295.691 -19.570 648.306
0.4388447 -0.3281452 0.8365023 576.6147 0.1980167 0.9433644 0.2661821 295.6913 -0.8764729 0.04882882 0.4789687 -19.56975 0 0 0 1
DataSet: 131
16.083984375 -21.533203125 -8.96484375 3.955078125 -5.28446660331584 10.283203125 -98.173828125
628.976 308.625 -6.382 700.643
-0.1140845 -0.180816 0.9768778 628.9755 0.06589236 0.9797554 0.1890438 308.6247 -0.9912835 0.08593576 -0.09986048 -6.381947 0 0 0 1
DataSet: 132
21.97265625 -21.4453125 3.603515625 3.955078125 -5.28446660331584 10.283203125 -98.173828125
627.639 364.169 -71.500 729.152
-0.2166784 -0.1708854 0.9611704 627.6389 0.06589236 0.9797554 0.1890438 364.1694 -0.9740168 0.1042955 -0.2010318 -71.49994 0 0 0 1
DataSet: 133
21.97265625 -21.533203125 3.603515625 3.955078125 -4.60054425741733 11.689453125 -59.765625
618.736 362.872 -74.522 721.154
0.4262847 -0.195993 0.8831014 618.7358 0.1709896 0.976105 0.134095 362.8721 -0.8882814 0.0938385 0.4496114 -74.52173 0 0 0 1
DataSet: 134
12.041015625 -21.533203125 -1.58203125 3.955078125 -5.51237710703732 9.84375 -81.38671875
633.358 341.536 40.158 720.696
0.2415948 -0.1792967 0.9536691 633.3585 0.120463 0.9807212 0.1538655 341.5359 -0.962871 0.07770872 0.2585357 40.1582 0 0 0 1
DataSet: 135
7.03125 -21.533203125 8.96484375 3.955078125 -4.47966398243247 10.01953125 -91.40625
624.620 388.491 88.168 740.843
0.1587281 -0.1851228 0.9698118 624.6196 0.07382499 0.9817402 0.1753169 388.4909 -0.9845584 0.04376862 0.1694965 88.16817 0 0 0 1
DataSet: 136
11.513671875 -20.91796875 6.328125 3.955078125 -5.17428005443937 11.42578125 -69.78515625
623.157 374.934 38.493 728.273
0.4253275 -0.2055978 0.8813774 623.1569 0.1528027 0.9761879 0.1539759 374.9336 -0.892047 0.06918663 0.4466154 38.49262 0 0 0 1
DataSet: 137
19.3359375 -23.37890625 1.7578125 3.955078125 -1.95761199157736 12.919921875 -94.130859375
613.032 353.992 -49.767 709.645
-0.068681 -0.2236398 0.972249 613.0325 0.01797462 0.9741147 0.2253387 353.9918 -0.9974768 0.03295229 -0.06288333 -49.76673 0 0 0 1
DataSet: 138
23.291015625 -23.291015625 5.80078125 3.955078125 -3.10379338889763 10.986328125 -96.064453125
619.163 374.046 -86.276 728.504
-0.1720269 -0.1864547 0.9672856 619.1635 0.03373776 0.9802327 0.1949505 374.0464 -0.9845144 0.06617077 -0.1623358 -86.27554 0 0 0 1
DataSet: 139
9.052734375 -23.291015625 8.26171875 3.955078125 3.46439394831104 15.64453125 -126.298828125
599.475 378.107 24.379 709.175
-0.4190221 -0.2549491 0.8714479 599.4747 -0.2080526 0.9611935 0.1811661 378.1067 -0.8838182 -0.1053944 -0.4558041 24.37929 0 0 0 1
DataSet: 140
14.677734375 -23.203125 7.998046875 3.955078125 -3.23346603942284 15.64453125 -60.46875
596.000 377.030 4.843 705.260
0.5417516 -0.2731388 0.7949216 596.0005 0.1817844 0.9614202 0.2064596 377.0302 -0.8206459 0.03265454 0.5705033 4.842678 0 0 0 1
DataSet: 141
18.28125 -22.8515625 1.142578125 3.955078125 -4.4952166597488 13.974609375 -78.3984375
607.751 348.885 -26.773 701.284
0.2055863 -0.2422946 0.9481707 607.7514 0.1251904 0.9674178 0.2200687 348.8851 -0.9705986 0.07345872 0.2292208 -26.77252 0 0 0 1
DataSet: 142
7.822265625 -22.939453125 0.87890625 3.955078125 -8.04023833134034 10.37109375 -90.791015625
619.551 350.053 110.224 720.090
0.1784087 -0.2032516 0.9627352 619.5511 0.1373943 0.9739931 0.1801673 350.0533 -0.9743168 0.100131 0.2016945 110.2241 0 0 0 1
DataSet: 143
19.51171875 -21.62109375 0.87890625 3.955078125 -2.29869194499232 10.72265625 -63.720703125
627.211 352.810 -61.374 722.243
0.4060413 -0.1846894 0.8949974 627.2114 0.1182727 0.9817486 0.1489333 352.8096 -0.9061689 0.04538067 0.4204742 -61.37357 0 0 0 1
DataSet: 144
7.822265625 -21.62109375 0.439453125 3.955078125 -3.79062156015853 10.01953125 -90
629.325 351.162 76.713 724.741
0.1705878 -0.1825524 0.9682842 629.3254 0.06611057 0.9825942 0.1736033 351.1621 -0.9831222 0.03439922 0.1796873 76.71263 0 0 0 1
DataSet: 145
13.447265625 -21.62109375 -13.7109375 3.955078125 -3.79062156015853 10.01953125 -90
626.657 289.010 13.631 690.226
0.07340359 -0.1783017 0.9812341 626.6571 0.06611057 0.9825942 0.1736033 289.01 -0.9951087 0.05212684 0.08391356 13.63054 0 0 0 1
DataSet: 146
20.830078125 -21.62109375 -2.373046875 3.955078125 -4.59787763690672 10.986328125 -52.294921875
624.612 337.247 -61.762 712.524
0.5564604 -0.1859408 0.8098011 624.6122 0.1796016 0.9785135 0.1012648 337.2467 -0.8112306 0.08909171 0.5778993 -61.76162 0 0 0 1
DataSet: 147
15.205078125 -21.62109375 -3.33984375 3.955078125 -4.63975446057083 19.072265625 -75.41015625
579.124 319.993 -3.140 661.657
0.2789824 -0.3297417 0.9019086 579.1245 0.1603226 0.94201 0.2948113 319.9928 -0.9468186 0.06234918 0.3156693 -3.139918 0 0 0 1
DataSet: 148
6.240234375 -21.708984375 1.845703125 3.955078125 -4.75093299826492 18.369140625 -91.7578125
576.546 344.313 89.288 677.443
0.1704561 -0.324486 0.930405 576.5463 0.07315186 0.9457851 0.316448 344.3129 -0.9826462 0.01412036 0.1849516 89.2878 0 0 0 1
DataSet: 149
18.193359375 -21.62109375 6.943359375 3.955078125 -4.72874902892463 14.58984375 -73.916015625
603.360 373.475 -32.473 710.339
0.2593406 -0.2511529 0.9325581 603.3604 0.1487614 0.9644597 0.2183746 373.4746 -0.9542602 0.08209528 0.2874854 -32.4734 0 0 0 1
DataSet: 150
7.55859375 -21.62109375 2.63671875 3.955078125 -6.67663410286359 12.83203125 -90.17578125
608.869 355.859 93.429 711.397
0.1713722 -0.2385412 0.9558921 608.8693 0.1155884 0.9684129 0.2209431 355.8587 -0.9784022 0.07262652 0.1935316 93.42909 0 0 0 1
DataSet: 151
17.666015625 -21.181640625 3.8671875 3.955078125 -6.91640784054621 14.23828125 -93.515625
607.503 359.106 -16.503 705.896
-0.06704895 -0.2450526 0.9671885 607.5025 0.1052221 0.9622277 0.25109 359.1065 -0.9921858 0.1186049 -0.0387314 -16.50257 0 0 0 1
DataSet: 152
14.677734375 -21.09375 7.03125 3.955078125 -3.34014484939412 13.18359375 -74.443359375
613.600 376.538 -6.543 719.950
0.3020236 -0.2302976 0.9250647 613.6001 0.117192 0.9719903 0.2037179 376.5377 -0.9460697 0.0468826 0.320553 -6.543252 0 0 0 1
DataSet: 153
-9.66796875 13.7109375 10.1953125 3.955078125 -6.09464992229193 11.6015625 -71.54296875
632.398 391.130 48.180 745.139
0.1768129 -0.1846777 0.9667633 632.3981 0.1640185 0.9740331 0.1560688 391.1304 -0.9704819 0.130972 0.2025122 48.18038 0 0 0 1
DataSet: 154
-6.064453125 16.787109375 7.91015625 3.955078125 -4.94366827927533 11.25 -56.07421875
634.513 382.230 -19.649 741.008
0.322444 -0.1673079 0.9316856 634.5129 0.1799842 0.9771367 0.1131796 382.2299 -0.92932 0.1311946 0.3451846 -19.64943 0 0 0 1
DataSet: 155
-10.107421875 16.875 -11.689453125 3.955078125 -4.25754340571587 12.216796875 -71.71875
624.898 294.931 21.798 691.344
0.1259647 -0.1944166 0.9727976 624.8978 0.1366882 0.9746568 0.1770888 294.9308 -0.9825727 0.110663 0.1493468 21.79751 0 0 0 1
DataSet: 156
-17.841796875 16.875 -1.142578125 3.955078125 -5.74731915815332 11.07421875 -78.3984375
628.904 341.964 114.552 724.971
0.1464832 -0.1866959 0.9714357 628.9044 0.1365297 0.976446 0.1670714 341.9641 -0.979746 0.1081566 0.1685225 114.5524 0 0 0 1
DataSet: 157
-20.91796875 16.962890625 -1.669921875 3.955078125 -4.1354165139913 10.107421875 -69.9609375
627.776 341.571 137.847 727.857
0.3373427 -0.1754943 0.9248793 627.776 0.1277266 0.9819173 0.1397298 341.5714 -0.9326767 0.07099481 0.3536579 137.8466 0 0 0 1
DataSet: 158
