DataSet_-18
0.33058130741119385 0.5085254907608032 0.7950583100318909 -42.63837432861328 
-0.28938910365104675 -0.7472235560417175 0.5982564687728882 -0.5822868347167969 
0.8983150124549866 -0.42785361409187317 -0.0998564139008522 -1380.196044921875 
0.0 0.0 0.0 1.0

DataSet_-16
0.3301527500152588 0.5083174109458923 0.7953695058822632 -34.290489196777344 
-0.28926607966423035 -0.747592031955719 0.5978555679321289 -0.8083477020263672 
0.8985123038291931 -0.4274570643901825 -0.09978058934211731 -1383.564453125 
0.0 0.0 0.0 1.0

DataSet_-15
0.32982704043388367 0.5082529187202454 0.795545756816864 -29.97411346435547 
-0.2894936203956604 -0.7476487159729004 0.597674548625946 -0.9489889144897461 
0.8985585570335388 -0.42743465304374695 -0.09945878386497498 -1385.4298095703125 
0.0 0.0 0.0 1.0

DataSet_-13.4
0.3297194838523865 0.5082782506942749 0.7955741286277771 -24.051849365234375 
-0.28911131620407104 -0.7478498220443726 0.5976079702377319 -1.1380863189697266 
0.8987211585044861 -0.42705249786376953 -0.099631667137146 -1388.1634521484375 
0.0 0.0 0.0 1.0

DataSet_-12.56
0.32931894063949585 0.5083075761795044 0.7957213521003723 -20.773975372314453 
-0.28950509428977966 -0.7477836608886719 0.5975001454353333 -1.1552486419677734 
0.8987412452697754 -0.4271335303783417 -0.09910167008638382 -1389.69970703125 
0.0 0.0 0.0 1.0

DataSet_-12
0.32869550585746765 0.5084741115570068 0.795872688293457 -17.996292114257812 
-0.2896959185600281 -0.7477903962135315 0.5973992347717285 -1.2662372589111328 
0.8989079594612122 -0.4269234836101532 -0.09849250316619873 -1390.990966796875 
0.0 0.0 0.0 1.0

DataSet_-10.7
0.3283901512622833 0.5086790919303894 0.7958677411079407 -13.61130142211914 
-0.28977906703948975 -0.7477058172225952 0.5974647402763367 -1.3349590301513672 
0.8989927768707275 -0.4268273711204529 -0.09813465923070908 -1393.15478515625 
0.0 0.0 0.0 1.0

DataSet_-9.5
0.3281095325946808 0.5089569687843323 0.795805811882019 -8.835350036621094 
-0.2893119156360626 -0.7478187680244446 0.5975497364997864 -1.479292869567871 
0.8992456197738647 -0.4262978732585907 -0.09811916202306747 -1395.577392578125 
0.0 0.0 0.0 1.0

DataSet_-8.6
0.3276415467262268 0.5089636445045471 0.7959944009780884 -5.426143646240234 
-0.2899564504623413 -0.7476747035980225 0.5974175930023193 -1.5210685729980469 
0.8992087244987488 -0.4265425205230713 -0.0973920226097107 -1397.409423828125 
0.0 0.0 0.0 1.0

DataSet_-8
0.3275589942932129 0.508981466293335 0.7960169315338135 -2.8917388916015625 
-0.2893736958503723 -0.7479668855667114 0.5973343849182129 -1.6438369750976562 
0.8994264602661133 -0.4260086119174957 -0.09771741926670074 -1398.8519287109375 
0.0 0.0 0.0 1.0

DataSet_-7.2
0.3272789716720581 0.5090672969818115 0.7960772514343262 -0.19847488403320312 
-0.2893873453140259 -0.7479955554008484 0.597291886806488 -1.739664077758789 
0.8995240330696106 -0.42585572600364685 -0.09748556464910507 -1400.49755859375 
0.0 0.0 0.0 1.0

DataSet_-6.67
0.3273043632507324 0.508981466293335 0.7961217164993286 1.7398948669433594 
-0.28964030742645264 -0.7479311227798462 0.5972499251365662 -1.7901420593261719 
0.8994333744049072 -0.426071435213089 -0.09737957268953323 -1401.713623046875 
0.0 0.0 0.0 1.0

DataSet_-6.0
0.32747048139572144 0.5088915824890137 0.7961108088493347 4.2166595458984375 
-0.28976649045944214 -0.7478797435760498 0.5972530841827393 -1.8491554260253906 
0.8993322253227234 -0.426268994808197 -0.09744881093502045 -1403.3463134765625 
0.0 0.0 0.0 1.0

DataSet_-5
0.32658201456069946 0.5091884732246399 0.7962859272956848 7.815158843994141 
-0.2893373668193817 -0.7481756210327148 0.5970905423164368 -2.0312013626098633 
0.8997933268547058 -0.42539432644844055 -0.09701342135667801 -1405.587646484375 
0.0 0.0 0.0 1.0

DataSet_-4
0.3269578218460083 0.5090124607086182 0.7962442636489868 11.383857727050781 
-0.28977543115615845 -0.747967004776001 0.5971394777297974 -2.0711212158203125 
0.8995158672332764 -0.4259713888168335 -0.0970543622970581 -1408.0555419921875 
0.0 0.0 0.0 1.0

DataSet_-3
0.3266054093837738 0.5093779563903809 0.7961551547050476 15.083776473999023 
-0.28928253054618835 -0.748051106929779 0.597273051738739 -2.1332836151123047 
0.8998025059700012 -0.4253863990306854 -0.09696339815855026 -1410.615234375 
0.0 0.0 0.0 1.0

DataSet_-2.1
0.3265988826751709 0.5095211267471313 0.7960662245750427 18.27268409729004 
-0.2893148958683014 -0.7479307651519775 0.5974081158638 -2.147062301635742 
0.8997944593429565 -0.4254266023635864 -0.09686128795146942 -1412.9476318359375 
0.0 0.0 0.0 1.0

DataSet_-1.58
0.32637253403663635 0.5095553994178772 0.7961370944976807 20.177532196044922 
-0.28921619057655334 -0.7480319738388062 0.5973292589187622 -2.244403839111328 
0.8999083638191223 -0.42520758509635925 -0.0967654138803482 -1414.378662109375 
0.0 0.0 0.0 1.0

DataSet_0
0.32666128873825073 0.5091948509216309 0.7962493300437927 25.561565399169922 
-0.2890388071537018 -0.748283863067627 0.5970995426177979 -2.484832763671875 
0.8998605608940125 -0.42519626021385193 -0.0972583070397377 -1418.6962890625 
0.0 0.0 0.0 1.0

DataSet_0.8
0.32643163204193115 0.5093622207641602 0.796236515045166 28.347698211669922 
-0.28899478912353516 -0.748260498046875 0.5971500873565674 -2.564544677734375 
0.8999580144882202 -0.42503687739372253 -0.09705286473035812 -1420.9715576171875 
0.0 0.0 0.0 1.0

DataSet_1.5
0.32701370120048523 0.5093420147895813 0.7960104942321777 30.53847312927246 
-0.28889358043670654 -0.7481171488761902 0.5973786115646362 -2.5851573944091797 
0.8997791409492493 -0.4253133535385132 -0.09749892354011536 -1422.8756103515625 
0.0 0.0 0.0 1.0

DataSet_2.6
0.3269553780555725 0.5092304348945618 0.7961058616638184 34.163002014160156 
-0.28925821185112 -0.7480491995811462 0.5972872972488403 -2.673482894897461 
0.8996831774711609 -0.4255664646625519 -0.0972796157002449 -1426.02001953125 
0.0 0.0 0.0 1.0

DataSet_3.1
0.32706841826438904 0.5090841054916382 0.7961530685424805 35.72598648071289 
-0.2886382043361664 -0.7484119534492493 0.5971328020095825 -2.849090576171875 
0.8998412489891052 -0.42510342597961426 -0.0978408083319664 -1427.46630859375 
0.0 0.0 0.0 1.0

DataSet_3.9
0.3268505036830902 0.5089926719665527 0.7963009476661682 38.29975509643555 
-0.2890195846557617 -0.7483775019645691 0.5969914793968201 -2.8993778228759766 
0.8997979760169983 -0.4252735376358032 -0.09749871492385864 -1429.8150634765625 
0.0 0.0 0.0 1.0

DataSet_4.7
0.3261832296848297 0.509391188621521 0.7963197231292725 41.098995208740234 
-0.28851407766342163 -0.7485535144805908 0.5970152616500854 -3.0675315856933594 
0.9002022743225098 -0.42448580265045166 -0.09719906002283096 -1432.3341064453125 
0.0 0.0 0.0 1.0

DataSet_5.5
0.32677367329597473 0.5091136693954468 0.7962551116943359 43.453609466552734 
-0.2888733744621277 -0.7483830451965332 0.597055196762085 -3.0936126708984375 
0.8998728394508362 -0.4251188337802887 -0.09748248755931854 -1434.709228515625 
0.0 0.0 0.0 1.0

DataSet_6.5
0.32683366537094116 0.5090386867523193 0.7962784171104431 46.46696090698242 
-0.28855112195014954 -0.7485702037811279 0.5969763994216919 -3.2473106384277344 
0.8999544382095337 -0.4248790442943573 -0.09777425229549408 -1437.7777099609375 
0.0 0.0 0.0 1.0

DataSet_7.2
0.3268043100833893 0.5089023113250732 0.7963776588439941 48.5855712890625 
-0.2887118458747864 -0.7486069798469543 0.5968526005744934 -3.330526351928711 
0.8999135494232178 -0.42497768998146057 -0.09772184491157532 -1439.9853515625 
0.0 0.0 0.0 1.0

DataSet_8.8
0.32654058933258057 0.5089458227157593 0.7964580059051514 53.33690643310547 
-0.2886432409286499 -0.7487000823020935 0.5967690348625183 -3.536823272705078 
0.9000312685966492 -0.4247615337371826 -0.09757719933986664 -1445.0345458984375 
0.0 0.0 0.0 1.0

DataSet_9.7
0.3262028694152832 0.5090141296386719 0.7965527176856995 55.97892379760742 
-0.2889026403427124 -0.7486459016799927 0.5967115163803101 -3.6124019622802734 
0.9000704884529114 -0.42477521300315857 -0.097154900431633 -1447.9617919921875 
0.0 0.0 0.0 1.0

DataSet_10.7
0.3263006806373596 0.508962094783783 0.7965459823608398 58.951454162597656 
-0.2890557050704956 -0.7485780119895935 0.5967224836349487 -3.712299346923828 
0.8999859094619751 -0.42495712637901306 -0.09714312106370926 -1451.4058837890625 
0.0 0.0 0.0 1.0

DataSet_11.3
0.32630300521850586 0.5091620087623596 0.7964171767234802 60.586631774902344 
-0.28775569796562195 -0.7490403652191162 0.5967706441879272 -3.909414291381836 
0.9004015326499939 -0.42390164732933044 -0.09789983928203583 -1453.349365234375 
0.0 0.0 0.0 1.0

DataSet_12
0.3264857232570648 0.5089447498321533 0.7964812517166138 62.53886413574219 
-0.28843843936920166 -0.7488169074058533 0.5967214703559875 -3.923746109008789 
0.9001169204711914 -0.4245568513870239 -0.09767879545688629 -1455.802001953125 
0.0 0.0 0.0 1.0

DataSet_13.2
0.32632917165756226 0.5090800523757935 0.796458899974823 65.7862319946289 
-0.28827106952667236 -0.7488496899604797 0.596761167049408 -4.07951545715332 
0.9002272486686707 -0.42433664202690125 -0.09761843085289001 -1459.861328125 
0.0 0.0 0.0 1.0

DataSet_14.2
0.32604169845581055 0.5091090798377991 0.7965580821037292 68.19371032714844 
-0.2880856990814209 -0.7490168213844299 0.596640944480896 -4.244237899780273 
0.9003906846046448 -0.4240068197250366 -0.09754366427659988 -1462.997802734375 
0.0 0.0 0.0 1.0

DataSet_15
0.3265869617462158 0.5087645053863525 0.7965548634529114 70.46977996826172 
-0.2884698510169983 -0.7489013671875 0.5966002941131592 -4.307502746582031 
0.900070071220398 -0.42462390661239624 -0.09781822562217712 -1466.1925048828125 
0.0 0.0 0.0 1.0

DataSet_16
0.32598868012428284 0.5089491605758667 0.7966819405555725 72.99409484863281 
-0.2883303761482239 -0.7490400075912476 0.5964936017990112 -4.450613021850586 
0.9003316164016724 -0.4241577386856079 -0.09743307530879974 -1469.619384765625 
0.0 0.0 0.0 1.0

DataSet_17
0.32605576515197754 0.5090038180351257 0.7966195940971375 75.23020935058594 
-0.2878912091255188 -0.7491822242736816 0.5965271592140198 -4.625604629516602 
0.9004477858543396 -0.4238409101963043 -0.09773746132850647 -1472.841064453125 
0.0 0.0 0.0 1.0

DataSet_17.8
0.32580646872520447 0.5091123580932617 0.7966522574424744 77.48724365234375 
-0.2879616320133209 -0.7491557002067566 0.5965265035629272 -4.720037460327148 
0.9005155563354492 -0.4237574636936188 -0.09747493267059326 -1476.2373046875 
0.0 0.0 0.0 1.0

DataSet_19.2
0.32630684971809387 0.5087419748306274 0.7966840267181396 80.34492492675781 
-0.2880907356739044 -0.7491958141326904 0.596413791179657 -4.886011123657227 
0.9002930521965027 -0.4241311848163605 -0.09790387004613876 -1480.8209228515625 
0.0 0.0 0.0 1.0

DataSet_19.9
0.32604336738586426 0.5090777277946472 0.7965773940086365 81.99635314941406 
-0.2879432141780853 -0.749106764793396 0.5965967774391174 -4.977161407470703 
0.9004356861114502 -0.4238854944705963 -0.09765581786632538 -1483.418212890625 
0.0 0.0 0.0 1.0

DataSet_21.1
0.3264186978340149 0.5087970495223999 0.7966029644012451 84.77000427246094 
-0.2884621024131775 -0.7489399909973145 0.5965555310249329 -5.077861785888672 
0.900133490562439 -0.4245166480541229 -0.0976993516087532 -1488.238525390625 
0.0 0.0 0.0 1.0

DataSet_22
0.32626667618751526 0.5087714195251465 0.7966817021369934 86.59557342529297 
-0.28772664070129395 -0.7493593692779541 0.5963840484619141 -5.294744491577148 
0.900424063205719 -0.4238067865371704 -0.09810390323400497 -1491.525634765625 
0.0 0.0 0.0 1.0

DataSet_23.1
0.3264136016368866 0.5089235305786133 0.7965243458747864 88.99562072753906 
-0.2875629961490631 -0.7492707371711731 0.5965743064880371 -5.465105056762695 
0.9004231095314026 -0.4237808883190155 -0.09822459518909454 -1495.8873291015625 
0.0 0.0 0.0 1.0

DataSet_24
0.32600119709968567 0.5087974667549133 0.7967737317085266 90.89628601074219 
-0.28759893774986267 -0.7494934797286987 0.596277117729187 -5.5693206787109375 
0.9005609750747681 -0.42353832721710205 -0.09800616651773453 -1499.4501953125 
0.0 0.0 0.0 1.0

DataSet_25.1
0.32655102014541626 0.5088081955909729 0.796541690826416 93.05213928222656 
-0.2876948118209839 -0.7492465972900391 0.5965411067008972 -5.716859817504883 
0.9003311395645142 -0.4239620268344879 -0.09828575700521469 -1503.921142578125 
0.0 0.0 0.0 1.0

DataSet_26.5
0.32670435309410095 0.5086202025413513 0.7965989112854004 95.5081558227539 
-0.2877142131328583 -0.7493241429328918 0.5964342951774597 -5.869386672973633 
0.9002693295478821 -0.424050509929657 -0.09847021847963333 -1509.2352294921875 
0.0 0.0 0.0 1.0

DataSet_27.2
0.32576748728752136 0.5090444684028625 0.7967115044593811 96.89863586425781 
-0.2875288426876068 -0.7494238018989563 0.5963985323905945 -5.983499526977539 
0.9006679058074951 -0.4233647584915161 -0.09777294844388962 -1512.0997314453125 
0.0 0.0 0.0 1.0

DataSet_28.1
0.32647940516471863 0.5086551904678345 0.7966687083244324 98.37186431884766 
-0.2873849868774414 -0.7495322227478027 0.5963315367698669 -6.132429122924805 
0.9004560112953186 -0.423640638589859 -0.0985269695520401 -1515.70849609375 
0.0 0.0 0.0 1.0

DataSet_29.1
0.3267614543437958 0.508667528629303 0.7965452075004578 99.92747497558594 
-0.2871745228767395 -0.7495226860046387 0.5964449644088745 -6.286033630371094 
0.9004208445549011 -0.42364272475242615 -0.09883876144886017 -1519.5316162109375 
0.0 0.0 0.0 1.0

DataSet_29.9
0.326518177986145 0.508651077747345 0.796655535697937 101.22482299804688 
-0.2872222661972046 -0.7495982050895691 0.596327006816864 -6.388206481933594 
0.9004939198493958 -0.423528790473938 -0.09866151958703995 -1522.7774658203125 
0.0 0.0 0.0 1.0

DataSet_30.7
0.3265799283981323 0.5084632635116577 0.796750009059906 102.43910217285156 
-0.28724589943885803 -0.7497058510780334 0.596180260181427 -6.534799575805664 
0.9004639387130737 -0.42356371879577637 -0.09878487884998322 -1526.0535888671875 
0.0 0.0 0.0 1.0

DataSet_31.6
0.32643675804138184 0.5086297988891602 0.7967024445533752 103.79956817626953 
-0.28654634952545166 -0.7499603629112244 0.5961967706680298 -6.726804733276367 
0.9007387161254883 -0.42291268706321716 -0.09906863421201706 -1529.771728515625 
0.0 0.0 0.0 1.0

DataSet_32.4
0.326226145029068 0.5086035132408142 0.7968054413795471 105.03532409667969 
-0.287361741065979 -0.7496709227561951 0.5961683392524719 -6.812705993652344 
0.9005551934242249 -0.4234570860862732 -0.09840907901525497 -1533.24658203125 
0.0 0.0 0.0 1.0

DataSet_33.3
0.32593610882759094 0.5085213780403137 0.7969765067100525 106.23686218261719 
-0.28730523586273193 -0.749860942363739 0.5959566235542297 -6.967983245849609 
0.9006782174110413 -0.42321932315826416 -0.09830589592456818 -1536.8016357421875 
0.0 0.0 0.0 1.0

DataSet_34.1
0.32674115896224976 0.5081595778465271 0.7968777418136597 107.07628631591797 
-0.2867765426635742 -0.7500970363616943 0.5959141254425049 -7.165372848510742 
0.9005551338195801 -0.4232355058193207 -0.09935933351516724 -1539.842529296875 
0.0 0.0 0.0 1.0

DataSet_34.8
0.3264930546283722 0.5081662535667419 0.7969750761985779 108.0519790649414 
-0.2871857285499573 -0.7499868273735046 0.595855712890625 -7.225765228271484 
0.9005146026611328 -0.423422634601593 -0.09892737865447998 -1543.0943603515625 
0.0 0.0 0.0 1.0

DataSet_35.6
0.3264954686164856 0.5083704590797424 0.7968438863754272 108.93839263916016 
-0.2868184447288513 -0.7500059604644775 0.5960085391998291 -7.363639831542969 
0.9006307721138 -0.423143595457077 -0.09906352311372757 -1546.1895751953125 
0.0 0.0 0.0 1.0

DataSet_36.6
0.3268983066082001 0.5081769227981567 0.7968021631240845 110.13092041015625 
-0.2864132821559906 -0.7501994967460632 0.5959599018096924 -7.561952590942383 
0.9006136655807495 -0.4230329990386963 -0.09969029575586319 -1550.83935546875 
0.0 0.0 0.0 1.0

DataSet_37
0.3262937068939209 0.5082840323448181 0.7969816327095032 110.58963012695312 
-0.2871418595314026 -0.7499895095825195 0.5958735346794128 -7.55140495300293 
0.9006009101867676 -0.42327654361724854 -0.09876721352338791 -1552.3394775390625 
0.0 0.0 0.0 1.0

DataSet_36.2
0.32662367820739746 0.5083594918251038 0.7967983484268188 109.6375732421875 
-0.2862514555454254 -0.7502354383468628 0.595992386341095 -7.48089599609375 
0.9007647037506104 -0.42274990677833557 -0.09952604025602341 -1548.827880859375 
0.0 0.0 0.0 1.0

DataSet_34.1
0.3265520930290222 0.5081263780593872 0.7969763278961182 106.99589538574219 
-0.28737378120422363 -0.7499074935913086 0.5958649516105652 -7.073589324951172 
0.9004332423210144 -0.4236110746860504 -0.09886167198419571 -1539.6239013671875 
0.0 0.0 0.0 1.0

DataSet_33.2
0.32631486654281616 0.5084035992622375 0.7968966960906982 105.99114990234375 
-0.28675246238708496 -0.75007563829422 0.5959526896476746 -7.011356353759766 
0.9007172584533691 -0.42298030853271484 -0.09897485375404358 -1536.331298828125 
0.0 0.0 0.0 1.0

DataSet_32.5
0.3264276683330536 0.5084977149963379 0.7967904806137085 105.04151916503906 
-0.2870655953884125 -0.7498184442520142 0.5961255431175232 -6.8284759521484375 
0.900576651096344 -0.42332297563552856 -0.09878929704427719 -1533.507080078125 
0.0 0.0 0.0 1.0

DataSet_31.3
0.32593879103660583 0.5086120367050171 0.7969176173210144 103.36958312988281 
-0.2867964208126068 -0.7500311732292175 0.5959874391555786 -6.681905746459961 
0.9008394479751587 -0.42280852794647217 -0.09859614819288254 -1528.4140625 
0.0 0.0 0.0 1.0

DataSet_30
0.3264678418636322 0.508613646030426 0.7967000007629395 101.20354461669922 
-0.2866135537624359 -0.7499299645423889 0.5962027311325073 -6.48536491394043 
0.9007061123847961 -0.4229860007762909 -0.09905245155096054 -1522.7935791015625 
0.0 0.0 0.0 1.0

DataSet_28.7
0.32615092396736145 0.5087202191352844 0.7967617511749268 99.15257263183594 
-0.28660720586776733 -0.7499645352363586 0.5961623191833496 -6.297710418701172 
0.9008228778839111 -0.4227965176105499 -0.0987987294793129 -1517.6129150390625 
0.0 0.0 0.0 1.0

DataSet_27.9
0.32626911997795105 0.5087034106254578 0.7967240810394287 97.84016418457031 
-0.2867840528488159 -0.7498525381088257 0.5962181091308594 -6.184413909912109 
0.9007237553596497 -0.4230153262615204 -0.09876570105552673 -1514.545166015625 
0.0 0.0 0.0 1.0

DataSet_26
0.32627084851264954 0.508541464805603 0.7968267202377319 94.4482421875 
-0.28756436705589294 -0.7496063113212585 0.5961518883705139 -5.852203369140625 
0.9004743099212646 -0.423645943403244 -0.09833627194166183 -1506.90283203125 
0.0 0.0 0.0 1.0

DataSet_24.7
0.3258410096168518 0.508840799331665 0.796811580657959 92.23393249511719 
-0.2881314754486084 -0.7492668032646179 0.5963048934936523 -5.613529205322266 
0.900448739528656 -0.42388707399368286 -0.09752877801656723 -1502.1884765625 
0.0 0.0 0.0 1.0

DataSet_23
0.32631316781044006 0.5088030695915222 0.7966424226760864 88.89720153808594 
-0.2877601385116577 -0.7493035197257996 0.5964380502700806 -5.4627685546875 
0.900396466255188 -0.42386749386787415 -0.09809437394142151 -1495.7132568359375 
0.0 0.0 0.0 1.0

DataSet_22
0.3262674808502197 0.5085816383361816 0.7968025207519531 86.88531494140625 
-0.28779706358909607 -0.7494679093360901 0.5962135791778564 -5.3479156494140625 
0.90040123462677 -0.42384251952171326 -0.09815870225429535 -1492.063232421875 
0.0 0.0 0.0 1.0

DataSet_21.4
0.32670700550079346 0.5086782574653625 0.7965607643127441 85.22404479980469 
-0.28760039806365967 -0.7493333220481873 0.5964776277542114 -5.249263763427734 
0.9003047347068787 -0.42396461963653564 -0.09851639717817307 -1489.19921875 
0.0 0.0 0.0 1.0

DataSet_20.6
0.3260597884654999 0.5087288022041321 0.7967935800552368 83.62416076660156 
-0.2878868281841278 -0.7493887543678284 0.5962698459625244 -5.1166839599609375 
0.9004477858543396 -0.42380601167678833 -0.09788922965526581 -1486.2335205078125 
0.0 0.0 0.0 1.0

DataSet_19
0.3264138102531433 0.5086583495140076 0.7966936230659485 80.27384948730469 
-0.28838062286376953 -0.7490840554237366 0.5964140295982361 -4.859039306640625 
0.9001615047454834 -0.4244287610054016 -0.09782417118549347 -1480.793701171875 
0.0 0.0 0.0 1.0

DataSet_18
0.3260228633880615 0.5088979005813599 0.796700656414032 77.6678237915039 
-0.287809282541275 -0.7493116855621338 0.5964040756225586 -4.788373947143555 
0.9004859328269958 -0.4237391948699951 -0.09782718867063522 -1476.6424560546875 
0.0 0.0 0.0 1.0

DataSet_16.5
0.32642289996147156 0.5087831616401672 0.7966101765632629 74.11002349853516 
-0.28830477595329285 -0.7490231394767761 0.5965271592140198 -4.526247024536133 
0.9001824259757996 -0.4243866801261902 -0.09781370311975479 -1471.3846435546875 
0.0 0.0 0.0 1.0

DataSet_15.4
0.3265584409236908 0.5087559223175049 0.7965720295906067 71.30687713623047 
-0.2885269820690155 -0.7488908171653748 0.5965858697891235 -4.359760284423828 
0.900062084197998 -0.42465269565582275 -0.09776678681373596 -1467.3603515625 
0.0 0.0 0.0 1.0

DataSet_14.2
0.32656747102737427 0.5087565183639526 0.796567976474762 68.32196807861328 
-0.2882949709892273 -0.7489966750144958 0.5965651869773865 -4.24970817565918 
0.9001331925392151 -0.4244652986526489 -0.09792599827051163 -1463.2838134765625 
0.0 0.0 0.0 1.0

DataSet_13.5
0.32653337717056274 0.5087406039237976 0.796592116355896 66.5384750366211 
-0.2876757085323334 -0.7493124604225159 0.5964675545692444 -4.219266891479492 
0.900343656539917 -0.4239267408847809 -0.09832323342561722 -1460.939453125 
0.0 0.0 0.0 1.0

DataSet_12.7
0.3262726366519928 0.5089986324310303 0.7965340614318848 64.34063720703125 
-0.28793370723724365 -0.7490895986557007 0.5966229438781738 -4.0944976806640625 
0.9003556966781616 -0.4240107536315918 -0.09784957021474838 -1458.049072265625 
0.0 0.0 0.0 1.0

DataSet_11.7
0.3266066908836365 0.5088367462158203 0.7965006232261658 61.517051696777344 
-0.28866276144981384 -0.7487491965293884 0.596697986125946 -3.876506805419922 
0.900001049041748 -0.424805611371994 -0.09766426682472229 -1454.5848388671875 
0.0 0.0 0.0 1.0

DataSet_10.2
0.3268340528011322 0.5088313221931458 0.7964107990264893 57.51025390625 
-0.2885172963142395 -0.7487415075302124 0.5967779755592346 -3.7454280853271484 
0.8999651670455933 -0.42482563853263855 -0.09790759533643723 -1449.8314208984375 
0.0 0.0 0.0 1.0

DataSet_9.4
0.3267233967781067 0.5087931156158447 0.796480655670166 55.30717086791992 
-0.28877758979797363 -0.7486864328384399 0.5967211127281189 -3.6206703186035156 
0.8999218344688416 -0.4249684810638428 -0.09768533706665039 -1447.311279296875 
0.0 0.0 0.0 1.0

DataSet_7.8
0.32696592807769775 0.5088826417922974 0.7963238954544067 50.568450927734375 
-0.288474977016449 -0.7486763596534729 0.5968800783157349 -3.413331985473633 
0.8999308347702026 -0.42487895488739014 -0.09799177199602127 -1442.1103515625 
0.0 0.0 0.0 1.0

DataSet_7
0.326730877161026 0.5089461207389832 0.796379804611206 48.01347351074219 
-0.28922420740127563 -0.7483580708503723 0.596916675567627 -3.27734375 
0.8997756838798523 -0.4253633916378021 -0.09731217473745346 -1439.3724365234375 
0.0 0.0 0.0 1.0

DataSet_5.6
0.3269723057746887 0.5089120864868164 0.7963024377822876 43.91835021972656 
-0.2890099585056305 -0.7483993172645569 0.5969687700271606 -3.116750717163086 
0.8997568488121033 -0.42533162236213684 -0.09762520343065262 -1435.2666015625 
0.0 0.0 0.0 1.0

DataSet_4.4
0.3267218768596649 0.5090168714523315 0.7963382601737976 40.091407775878906 
-0.28929662704467773 -0.748274028301239 0.5969870090484619 -2.9635009765625 
0.8997556567192078 -0.4254266917705536 -0.09722065180540085 -1431.50732421875 
0.0 0.0 0.0 1.0

DataSet_3.4
0.32686924934387207 0.5090376138687134 0.7962645292282104 37.088043212890625 
-0.28912314772605896 -0.7482882142066956 0.5970532298088074 -2.899789810180664 
0.8997579216957092 -0.4253768026828766 -0.09741787612438202 -1428.72021484375 
0.0 0.0 0.0 1.0

DataSet_2.1
0.32671085000038147 0.5091346502304077 0.7962674498558044 32.77602767944336 
-0.28906548023223877 -0.7482988238334656 0.5970678329467773 -2.734682083129883 
0.8998339176177979 -0.42524197697639465 -0.0973040908575058 -1424.8272705078125 
0.0 0.0 0.0 1.0

DataSet_1.4
0.3269263505935669 0.5090841054916382 0.7962113618850708 30.385831832885742 
-0.2893890142440796 -0.748107373714447 0.5971510410308838 -2.570402145385742 
0.8996516466140747 -0.42563921213150024 -0.09725268185138702 -1422.762451171875 
0.0 0.0 0.0 1.0

DataSet_-0.4
0.32707279920578003 0.5091486573219299 0.7961099147796631 24.505990982055664 
-0.2891116738319397 -0.7481381893157959 0.5972467660903931 -2.424422264099121 
0.8996875882148743 -0.4255078434944153 -0.09749483317136765 -1417.9061279296875 
0.0 0.0 0.0 1.0

DataSet_-1.8
0.3260129988193512 0.5095139145851135 0.7963109016418457 19.4506778717041 
-0.2897319495677948 -0.7479467391967773 0.5971859097480774 -2.2064456939697266 
0.8998727202415466 -0.4254070818424225 -0.09621790051460266 -1413.8309326171875 
0.0 0.0 0.0 1.0

DataSet_-2.2
0.32677993178367615 0.5092267990112305 0.796180248260498 17.619647979736328 
-0.2895507514476776 -0.747975766658783 0.5972374677658081 -2.1862964630126953 
0.8996528387069702 -0.42569980025291443 -0.09697647392749786 -1412.5548095703125 
0.0 0.0 0.0 1.0

DataSet_-3.4
0.32640957832336426 0.5093205571174622 0.7962721586227417 13.667427062988281 
-0.2895895540714264 -0.7480184435844421 0.5971651673316956 -2.068033218383789 
0.8997747898101807 -0.42551252245903015 -0.09666647017002106 -1409.6064453125 
0.0 0.0 0.0 1.0

DataSet_-3.7
0.32680627703666687 0.5093758702278137 0.7960739731788635 12.392614364624023 
-0.28893381357192993 -0.7481463551521301 0.5973225831985474 -2.08792781829834 
0.8998415470123291 -0.4252214729785919 -0.09732300043106079 -1408.7716064453125 
0.0 0.0 0.0 1.0

DataSet_-5.5
0.32713600993156433 0.5093171000480652 0.7959762215614319 6.121753692626953 
-0.28944703936576843 -0.7478305697441101 0.5974695086479187 -1.8080501556396484 
0.8995568156242371 -0.42584675550460815 -0.09722195565700531 -1404.4962158203125 
0.0 0.0 0.0 1.0

DataSet_-6.5
0.3274749517440796 0.5091190338134766 0.7959635257720947 2.472156524658203 
-0.28941845893859863 -0.7478723526000977 0.5974310636520386 -1.7535991668701172 
0.8994426727294922 -0.42601025104522705 -0.09756101667881012 -1402.1868896484375 
0.0 0.0 0.0 1.0

DataSet_-7.7
0.32776692509651184 0.5090653300285339 0.7958776950836182 -2.1060752868652344 
-0.28887617588043213 -0.7480656504631042 0.5974515080451965 -1.6804046630859375 
0.8995106220245361 -0.4257349371910095 -0.09813431650400162 -1399.4215087890625 
0.0 0.0 0.0 1.0

DataSet_-8.6
0.32820719480514526 0.5088840126991272 0.7958123087882996 -5.298679351806641 
-0.28979188203811646 -0.7476111054420471 0.5975769758224487 -1.4874505996704102 
0.8990554809570312 -0.42674899101257324 -0.09790089726448059 -1397.632568359375 
0.0 0.0 0.0 1.0

DataSet_-9.5
0.3285995423793793 0.5087350606918335 0.7957454919815063 -8.738948822021484 
-0.28933700919151306 -0.7477989792823792 0.5975623726844788 -1.4594755172729492 
0.8990585803985596 -0.42659735679626465 -0.09853051602840424 -1395.7435302734375 
0.0 0.0 0.0 1.0

DataSet_-10.9
0.32931461930274963 0.5081576704978943 0.7958188652992249 -14.049423217773438 
-0.29006227850914 -0.7476327419281006 0.5974187254905701 -1.3981409072875977 
0.8985631465911865 -0.4275757670402527 -0.09880902618169785 -1393.0552978515625 
0.0 0.0 0.0 1.0

DataSet_-12.2
0.3292612135410309 0.508538544178009 0.7955976724624634 -19.132740020751953 
-0.28932374715805054 -0.7477169632911682 0.5976713299751282 -1.2437171936035156 
0.8988208174705505 -0.4269752502441406 -0.09906192868947983 -1390.4727783203125 
0.0 0.0 0.0 1.0

DataSet_-13.6
0.33016711473464966 0.508223831653595 0.7954232096672058 -24.77245330810547 
-0.28947150707244873 -0.7475594878196716 0.5977968573570251 -1.0090131759643555 
0.8984407782554626 -0.42762520909309387 -0.09970322251319885 -1387.8914794921875 
0.0 0.0 0.0 1.0

DataSet_-14.0
0.32977500557899475 0.5084867477416992 0.7954179644584656 -26.249359130859375 
-0.2893303334712982 -0.7475692629814148 0.5978529453277588 -0.9697942733764648 
0.8986303210258484 -0.4272954761981964 -0.09940903633832932 -1387.1448974609375 
0.0 0.0 0.0 1.0

