DataSet: 1
-1.58203125 9.755859375 -18.017578125 3.955078125 1.26192333613531 7.91015625 -97.3828125
639.619 273.369 -62.252 698.368
-0.332672 -0.1391313 0.9327228 639.6186 -0.03952001 0.9902449 0.1336162 273.3686 -0.9422141 0.00758916 -0.3349252 -62.25208 0 0 0 1
DataSet: 2
-1.669921875 9.755859375 -15.99609375 3.955078125 1.26192333613531 7.91015625 -97.3828125
642.308 281.938 -61.640 704.165
-0.3312263 -0.1391428 0.9332355 642.3082 -0.03952001 0.9902449 0.1336162 281.9378 -0.9427233 0.007375726 -0.333494 -61.63951 0 0 0 1
DataSet: 3
-1.669921875 9.755859375 -14.94140625 3.955078125 1.26192333613531 7.91015625 -97.3828125
643.543 286.444 -61.815 707.120
-0.3312263 -0.1391428 0.9332355 643.5428 -0.03952001 0.9902449 0.1336162 286.4439 -0.9427233 0.007375726 -0.333494 -61.81491 0 0 0 1
DataSet: 4
-1.669921875 9.755859375 -13.447265625 3.955078125 1.26192333613531 7.91015625 -97.3828125
645.151 292.865 -62.043 711.224
-0.3312263 -0.1391428 0.9332355 645.1509 -0.03952001 0.9902449 0.1336162 292.8652 -0.9427233 0.007375726 -0.333494 -62.04336 0 0 0 1
DataSet: 5
-1.7578125 9.755859375 -12.568359375 3.955078125 1.26198659911661 7.998046875 -97.3828125
645.586 296.586 -61.063 713.073
-0.3297521 -0.1406395 0.9335331 645.5858 -0.03971627 0.9900326 0.1351223 296.5861 -0.9432318 0.007480428 -0.3320511 -61.06259 0 0 0 1
DataSet: 6
-1.7578125 9.755859375 -11.953125 3.955078125 1.26198659911661 7.998046875 -97.3828125
646.159 299.251 -61.143 714.711
-0.3297521 -0.1406395 0.9335331 646.1594 -0.03971627 0.9900326 0.1351223 299.2513 -0.9432318 0.007480428 -0.3320511 -61.14318 0 0 0 1
DataSet: 7
-1.7578125 9.755859375 -10.72265625 3.955078125 1.26192333613531 7.91015625 -97.3828125
647.749 304.675 -61.405 718.454
-0.3297797 -0.139154 0.9337459 647.7493 -0.03952001 0.9902449 0.1336162 304.675 -0.9432303 0.007162275 -0.3320621 -61.40546 0 0 0 1
DataSet: 8
-1.669921875 9.755859375 -9.4921875 3.955078125 1.26192333613531 7.91015625 -97.3828125
648.602 310.045 -62.534 721.611
-0.3312263 -0.1391428 0.9332355 648.6021 -0.03952001 0.9902449 0.1336162 310.0451 -0.9427233 0.007375726 -0.333494 -62.53367 0 0 0 1
DataSet: 9
-1.669921875 9.755859375 -8.61328125 3.955078125 1.26192333613531 7.91015625 -97.3828125
649.209 313.893 -62.620 723.825
-0.3312263 -0.1391428 0.9332355 649.209 -0.03952001 0.9902449 0.1336162 313.8928 -0.9427233 0.007375726 -0.333494 -62.6199 0 0 0 1
DataSet: 10
-1.7578125 9.755859375 -7.91015625 3.955078125 1.26192333613531 7.91015625 -97.3828125
649.748 316.978 -61.686 725.570
-0.3297797 -0.139154 0.9337459 649.7479 -0.03952001 0.9902449 0.1336162 316.9775 -0.9432303 0.007162275 -0.3320621 -61.68628 0 0 0 1
DataSet: 11
-1.669921875 9.755859375 -7.20703125 3.955078125 1.26192333613531 7.91015625 -97.3828125
650.058 320.067 -62.741 727.293
-0.3312263 -0.1391428 0.9332355 650.0584 -0.03952001 0.9902449 0.1336162 320.0674 -0.9427233 0.007375726 -0.333494 -62.74058 0 0 0 1
DataSet: 12
-1.669921875 9.755859375 -6.6796875 3.955078125 1.26192333613531 7.91015625 -97.3828125
650.338 322.388 -62.780 728.571
-0.3312263 -0.1391428 0.9332355 650.3382 -0.03952001 0.9902449 0.1336162 322.3881 -0.9427233 0.007375726 -0.333494 -62.78033 0 0 0 1
DataSet: 13
-1.669921875 9.755859375 -6.064453125 3.955078125 1.26192333613531 7.91015625 -97.3828125
650.638 325.099 -62.823 730.045
-0.3312263 -0.1391428 0.9332355 650.6379 -0.03952001 0.9902449 0.1336162 325.0986 -0.9427233 0.007375726 -0.333494 -62.8229 0 0 0 1
DataSet: 14
-1.669921875 9.755859375 -5.09765625 3.955078125 1.26192333613531 7.91015625 -97.3828125
651.051 329.364 -62.882 732.326
-0.3312263 -0.1391428 0.9332355 651.0505 -0.03952001 0.9902449 0.1336162 329.3642 -0.9427233 0.007375726 -0.333494 -62.88153 0 0 0 1
DataSet: 15
-1.669921875 9.755859375 -4.04296875 3.955078125 1.26192333613531 7.91015625 -97.3828125
651.419 334.025 -62.934 734.766
-0.3312263 -0.1391428 0.9332355 651.4194 -0.03952001 0.9902449 0.1336162 334.0249 -0.9427233 0.007375726 -0.333494 -62.93394 0 0 0 1
DataSet: 16
-1.669921875 9.755859375 -2.98828125 3.955078125 1.26192333613531 7.91015625 -97.3828125
651.703 338.692 -62.974 737.153
-0.3312263 -0.1391428 0.9332355 651.7032 -0.03952001 0.9902449 0.1336162 338.6916 -0.9427233 0.007375726 -0.333494 -62.97426 0 0 0 1
DataSet: 17
-1.669921875 9.755859375 -2.109375 3.955078125 1.26192333613531 7.91015625 -97.3828125
651.875 342.584 -62.999 739.103
-0.3312263 -0.1391428 0.9332355 651.8748 -0.03952001 0.9902449 0.1336162 342.584 -0.9427233 0.007375726 -0.333494 -62.99863 0 0 0 1
DataSet: 18
-1.669921875 9.755859375 -1.58203125 3.955078125 1.26192333613531 7.91015625 -97.3828125
651.949 344.921 -63.009 740.256
-0.3312263 -0.1391428 0.9332355 651.9493 -0.03952001 0.9902449 0.1336162 344.9206 -0.9427233 0.007375726 -0.333494 -63.00923 0 0 0 1
DataSet: 19
-1.669921875 9.755859375 0 3.955078125 1.26192333613531 7.91015625 -97.3828125
652.045 351.933 -63.023 743.634
-0.3312263 -0.1391428 0.9332355 652.0452 -0.03952001 0.9902449 0.1336162 351.933 -0.9427233 0.007375726 -0.333494 -63.02285 0 0 0 1
DataSet: 20
-1.669921875 9.755859375 0.791015625 3.955078125 1.26192333613531 7.91015625 -97.3828125
652.021 355.440 -63.019 745.279
-0.3312263 -0.1391428 0.9332355 652.0212 -0.03952001 0.9902449 0.1336162 355.4396 -0.9427233 0.007375726 -0.333494 -63.01944 0 0 0 1
DataSet: 21
-1.669921875 9.755859375 1.494140625 3.955078125 1.26192333613531 7.91015625 -97.3828125
651.960 358.556 -63.011 746.716
-0.3312263 -0.1391428 0.9332355 651.9597 -0.03952001 0.9902449 0.1336162 358.556 -0.9427233 0.007375726 -0.333494 -63.0107 0 0 0 1
DataSet: 22
-1.669921875 9.755859375 2.63671875 3.955078125 1.26192333613531 7.91015625 -97.3828125
651.779 363.618 -62.985 749.000
-0.3312263 -0.1391428 0.9332355 651.779 -0.03952001 0.9902449 0.1336162 363.6178 -0.9427233 0.007375726 -0.333494 -62.98502 0 0 0 1
DataSet: 23
-1.669921875 9.755859375 3.076171875 3.955078125 1.26192333613531 7.91015625 -97.3828125
651.683 365.564 -62.971 749.862
-0.3312263 -0.1391428 0.9332355 651.6829 -0.03952001 0.9902449 0.1336162 365.5636 -0.9427233 0.007375726 -0.333494 -62.97137 0 0 0 1
DataSet: 24
-1.669921875 9.755859375 3.8671875 3.955078125 1.26192333613531 7.91015625 -97.3828125
651.473 369.064 -62.941 751.390
-0.3312263 -0.1391428 0.9332355 651.4726 -0.03952001 0.9902449 0.1336162 369.0638 -0.9427233 0.007375726 -0.333494 -62.9415 0 0 0 1
DataSet: 25
-1.669921875 9.755859375 4.74609375 3.955078125 1.26192333613531 7.91015625 -97.3828125
651.183 372.949 -62.900 753.052
-0.3312263 -0.1391428 0.9332355 651.1829 -0.03952001 0.9902449 0.1336162 372.949 -0.9427233 0.007375726 -0.333494 -62.90034 0 0 0 1
DataSet: 26
-1.669921875 9.755859375 5.537109375 3.955078125 1.26192333613531 7.91015625 -97.3828125
650.872 376.442 -62.856 754.515
-0.3312263 -0.1391428 0.9332355 650.8718 -0.03952001 0.9902449 0.1336162 376.4416 -0.9427233 0.007375726 -0.333494 -62.85614 0 0 0 1
DataSet: 27
-1.669921875 9.755859375 6.50390625 3.955078125 1.26192333613531 7.91015625 -97.3828125
650.427 380.704 -62.793 756.263
-0.3312263 -0.1391428 0.9332355 650.4268 -0.03952001 0.9902449 0.1336162 380.7039 -0.9427233 0.007375726 -0.333494 -62.79291 0 0 0 1
DataSet: 28
-1.669921875 9.755859375 7.20703125 3.955078125 1.26192333613531 7.91015625 -97.3828125
650.058 383.799 -62.741 757.505
-0.3312263 -0.1391428 0.9332355 650.0584 -0.03952001 0.9902449 0.1336162 383.7986 -0.9427233 0.007375726 -0.333494 -62.74058 0 0 0 1
DataSet: 29
-1.669921875 9.755859375 8.7890625 3.955078125 1.26192333613531 7.91015625 -97.3828125
649.092 390.743 -62.603 760.211
-0.3312263 -0.1391428 0.9332355 649.0923 -0.03952001 0.9902449 0.1336162 390.7435 -0.9427233 0.007375726 -0.333494 -62.60332 0 0 0 1
DataSet: 30
-1.669921875 9.755859375 9.66796875 3.955078125 1.26192333613531 7.91015625 -97.3828125
648.474 394.589 -62.515 761.661
-0.3312263 -0.1391428 0.9332355 648.4736 -0.03952001 0.9902449 0.1336162 394.5894 -0.9427233 0.007375726 -0.333494 -62.51543 0 0 0 1
DataSet: 31
-1.669921875 9.755859375 10.72265625 3.955078125 1.26192333613531 7.91015625 -97.3828125
647.654 399.191 -62.399 763.350
-0.3312263 -0.1391428 0.9332355 647.6543 -0.03952001 0.9902449 0.1336162 399.191 -0.9427233 0.007375726 -0.333494 -62.39902 0 0 0 1
DataSet: 32
-1.669921875 9.755859375 11.337890625 3.955078125 1.26192333613531 7.91015625 -97.3828125
647.138 401.868 -62.326 764.310
-0.3312263 -0.1391428 0.9332355 647.1376 -0.03952001 0.9902449 0.1336162 401.868 -0.9427233 0.007375726 -0.333494 -62.32562 0 0 0 1
DataSet: 33
-1.669921875 9.755859375 12.041015625 3.955078125 1.26192333613531 7.91015625 -97.3828125
646.512 404.920 -62.237 765.384
-0.3312263 -0.1391428 0.9332355 646.5124 -0.03952001 0.9902449 0.1336162 404.9204 -0.9427233 0.007375726 -0.333494 -62.23679 0 0 0 1
DataSet: 34
-1.669921875 9.755859375 13.271484375 3.955078125 1.26192333613531 7.91015625 -97.3828125
645.329 410.243 -62.069 767.204
-0.3312263 -0.1391428 0.9332355 645.3292 -0.03952001 0.9902449 0.1336162 410.2426 -0.9427233 0.007375726 -0.333494 -62.06869 0 0 0 1
DataSet: 35
-1.669921875 9.755859375 14.150390625 3.955078125 1.26192333613531 7.91015625 -97.3828125
644.415 414.028 -61.939 768.457
-0.3312263 -0.1391428 0.9332355 644.4148 -0.03952001 0.9902449 0.1336162 414.0279 -0.9427233 0.007375726 -0.333494 -61.93879 0 0 0 1
DataSet: 36
-1.669921875 9.755859375 15.029296875 3.955078125 1.26192333613531 7.91015625 -97.3828125
643.443 417.798 -61.801 769.671
-0.3312263 -0.1391428 0.9332355 643.4431 -0.03952001 0.9902449 0.1336162 417.7985 -0.9427233 0.007375726 -0.333494 -61.80074 0 0 0 1
DataSet: 37
-1.669921875 9.755859375 16.083984375 3.955078125 1.26192333613531 7.91015625 -97.3828125
642.202 422.303 -61.624 771.077
-0.3312263 -0.1391428 0.9332355 642.2017 -0.03952001 0.9902449 0.1336162 422.3027 -0.9427233 0.007375726 -0.333494 -61.62436 0 0 0 1
DataSet: 38
-1.669921875 9.755859375 16.962890625 3.955078125 1.26198659911661 7.998046875 -97.3828125
640.577 425.963 -61.355 771.717
-0.3311987 -0.1406279 0.9330226 640.5767 -0.03971627 0.9900326 0.1351223 425.9627 -0.9427248 0.007696157 -0.3334827 -61.35461 0 0 0 1
DataSet: 39
-1.669921875 9.755859375 17.9296875 3.955078125 1.26192333613531 7.91015625 -97.3828125
639.832 430.127 -61.288 773.402
-0.3312263 -0.1391428 0.9332355 639.8323 -0.03952001 0.9902449 0.1336162 430.1268 -0.9427233 0.007375726 -0.333494 -61.28775 0 0 0 1
DataSet: 40
-1.669921875 9.755859375 19.16015625 3.955078125 1.26198659911661 7.998046875 -97.3828125
637.587 435.223 -60.930 774.370
-0.3311987 -0.1406279 0.9330226 637.5869 -0.03971627 0.9900326 0.1351223 435.2229 -0.9427248 0.007696157 -0.3334827 -60.92985 0 0 0 1
DataSet: 41
-1.669921875 9.755859375 19.86328125 3.955078125 1.26192333613531 7.91015625 -97.3828125
637.084 438.236 -60.897 775.652
-0.3312263 -0.1391428 0.9332355 637.084 -0.03952001 0.9902449 0.1336162 438.2364 -0.9427233 0.007375726 -0.333494 -60.89729 0 0 0 1
DataSet: 42
-1.669921875 9.755859375 21.09375 3.955078125 1.26192333613531 7.91015625 -97.3828125
635.195 443.346 -60.629 776.984
-0.3312263 -0.1391428 0.9332355 635.1946 -0.03952001 0.9902449 0.1336162 443.3464 -0.9427233 0.007375726 -0.333494 -60.62886 0 0 0 1
DataSet: 43
-1.669921875 9.755859375 21.97265625 3.955078125 1.26192333613531 7.91015625 -97.3828125
633.779 446.971 -60.428 777.888
-0.3312263 -0.1391428 0.9332355 633.7787 -0.03952001 0.9902449 0.1336162 446.9707 -0.9427233 0.007375726 -0.333494 -60.42771 0 0 0 1
DataSet: 44
-1.669921875 9.755859375 23.115234375 3.955078125 1.26192333613531 7.91015625 -97.3828125
631.856 451.649 -60.155 779.004
-0.3312263 -0.1391428 0.9332355 631.8561 -0.03952001 0.9902449 0.1336162 451.6488 -0.9427233 0.007375726 -0.333494 -60.15456 0 0 0 1
DataSet: 45
-1.669921875 9.755859375 24.08203125 3.955078125 1.26192333613531 7.91015625 -97.3828125
630.157 455.576 -59.913 779.896
-0.3312263 -0.1391428 0.9332355 630.1574 -0.03952001 0.9902449 0.1336162 455.5762 -0.9427233 0.007375726 -0.333494 -59.91323 0 0 0 1
DataSet: 46
-1.669921875 9.755859375 25.13671875 3.955078125 1.26192333613531 7.91015625 -97.3828125
628.230 459.827 -59.639 780.814
-0.3312263 -0.1391428 0.9332355 628.2297 -0.03952001 0.9902449 0.1336162 459.8271 -0.9427233 0.007375726 -0.333494 -59.63936 0 0 0 1
DataSet: 47
-1.669921875 9.755859375 26.54296875 3.955078125 1.26192333613531 7.91015625 -97.3828125
625.540 465.438 -59.257 781.949
-0.3312263 -0.1391428 0.9332355 625.5396 -0.03952001 0.9902449 0.1336162 465.4377 -0.9427233 0.007375726 -0.333494 -59.25718 0 0 0 1
DataSet: 48
-1.669921875 9.755859375 27.24609375 3.955078125 1.26192333613531 7.91015625 -97.3828125
624.144 468.218 -59.059 782.477
-0.3312263 -0.1391428 0.9332355 624.1437 -0.03952001 0.9902449 0.1336162 468.2176 -0.9427233 0.007375726 -0.333494 -59.05885 0 0 0 1
DataSet: 49
-1.669921875 9.755859375 28.125 3.955078125 1.26192333613531 7.91015625 -97.3828125
622.351 471.668 -58.804 783.103
-0.3312263 -0.1391428 0.9332355 622.3514 -0.03952001 0.9902449 0.1336162 471.6678 -0.9427233 0.007375726 -0.333494 -58.80422 0 0 0 1
DataSet: 50
-1.669921875 9.755859375 29.091796875 3.955078125 1.26192333613531 7.91015625 -97.3828125
620.320 475.430 -58.516 783.744
-0.3312263 -0.1391428 0.9332355 620.3196 -0.03952001 0.9902449 0.1336162 475.4305 -0.9427233 0.007375726 -0.333494 -58.51557 0 0 0 1
DataSet: 51
-1.669921875 9.755859375 29.8828125 3.955078125 1.26192333613531 7.91015625 -97.3828125
618.611 478.483 -58.273 784.233
-0.3312263 -0.1391428 0.9332355 618.6107 -0.03952001 0.9902449 0.1336162 478.4828 -0.9427233 0.007375726 -0.333494 -58.27278 0 0 0 1
DataSet: 52
-1.669921875 9.755859375 30.673828125 3.955078125 1.26192333613531 7.91015625 -97.3828125
616.860 481.511 -58.024 784.689
-0.3312263 -0.1391428 0.9332355 616.8602 -0.03952001 0.9902449 0.1336162 481.5111 -0.9427233 0.007375726 -0.333494 -58.02409 0 0 0 1
DataSet: 53
-1.669921875 9.755859375 31.640625 3.955078125 1.26192333613531 7.91015625 -97.3828125
614.665 485.179 -57.712 785.202
-0.3312263 -0.1391428 0.9332355 614.6648 -0.03952001 0.9902449 0.1336162 485.1788 -0.9427233 0.007375726 -0.333494 -57.71218 0 0 0 1
DataSet: 54
-1.669921875 9.755859375 32.431640625 3.955078125 1.26198659911661 7.998046875 -97.3828125
612.295 488.076 -57.337 785.119
-0.3311987 -0.1406279 0.9330226 612.2953 -0.03971627 0.9900326 0.1351223 488.076 -0.9427248 0.007696157 -0.3334827 -57.33666 0 0 0 1
DataSet: 55
-1.669921875 9.755859375 33.310546875 3.955078125 1.26198659911661 7.998046875 -97.3828125
610.202 491.348 -57.039 785.508
-0.3311987 -0.1406279 0.9330226 610.2017 -0.03971627 0.9900326 0.1351223 491.3485 -0.9427248 0.007696157 -0.3334827 -57.03921 0 0 0 1
DataSet: 56
-1.669921875 9.755859375 34.1015625 3.955078125 1.26198659911661 7.998046875 -97.3828125
608.275 494.266 -56.765 785.824
-0.3311987 -0.1406279 0.9330226 608.2751 -0.03971627 0.9900326 0.1351223 494.2656 -0.9427248 0.007696157 -0.3334827 -56.7655 0 0 0 1
DataSet: 57
-1.669921875 9.755859375 34.8046875 3.955078125 1.26198659911661 7.998046875 -97.3828125
606.529 496.836 -56.517 786.078
-0.3311987 -0.1406279 0.9330226 606.5292 -0.03971627 0.9900326 0.1351223 496.8359 -0.9427248 0.007696157 -0.3334827 -56.51746 0 0 0 1
DataSet: 58
-1.669921875 9.755859375 35.595703125 3.955078125 1.26192333613531 7.91015625 -97.3828125
605.056 499.777 -56.347 786.794
-0.3312263 -0.1391428 0.9332355 605.0557 -0.03952001 0.9902449 0.1336162 499.7768 -0.9427233 0.007375726 -0.333494 -56.34702 0 0 0 1
DataSet: 59
-1.669921875 9.755859375 36.650390625 3.955078125 1.26192333613531 7.91015625 -97.3828125
602.327 503.553 -55.959 787.080
-0.3312263 -0.1391428 0.9332355 602.3268 -0.03952001 0.9902449 0.1336162 503.5534 -0.9427233 0.007375726 -0.333494 -55.95932 0 0 0 1
DataSet: 60
-1.669921875 9.755859375 37.08984375 3.955078125 1.26192333613531 7.91015625 -97.3828125
601.170 505.112 -55.795 787.182
-0.3312263 -0.1391428 0.9332355 601.1696 -0.03952001 0.9902449 0.1336162 505.1119 -0.9427233 0.007375726 -0.333494 -55.79491 0 0 0 1
DataSet: 61
-1.7578125 9.755859375 36.2109375 3.955078125 1.26192333613531 7.91015625 -97.3828125
603.558 501.986 -55.196 786.968
-0.3297797 -0.139154 0.9337459 603.5576 -0.03952001 0.9902449 0.1336162 501.986 -0.9432303 0.007162275 -0.3320621 -55.19627 0 0 0 1
DataSet: 62
-1.669921875 9.755859375 34.013671875 3.955078125 1.26192333613531 7.91015625 -97.3828125
609.019 494.018 -56.910 786.255
-0.3312263 -0.1391428 0.9332355 609.0189 -0.03952001 0.9902449 0.1336162 494.0183 -0.9427233 0.007375726 -0.333494 -56.91007 0 0 0 1
DataSet: 63
-1.669921875 9.755859375 33.22265625 3.955078125 1.26192333613531 7.91015625 -97.3828125
610.941 491.098 -57.183 785.937
-0.3312263 -0.1391428 0.9332355 610.9411 -0.03952001 0.9902449 0.1336162 491.0981 -0.9427233 0.007375726 -0.333494 -57.18316 0 0 0 1
DataSet: 64
-1.7578125 9.755859375 32.51953125 3.955078125 1.26192333613531 7.91015625 -97.3828125
612.703 488.480 -56.481 785.626
-0.3297797 -0.139154 0.9337459 612.7034 -0.03952001 0.9902449 0.1336162 488.4801 -0.9432303 0.007162275 -0.3320621 -56.48131 0 0 0 1
DataSet: 65
-1.7578125 9.755859375 31.2890625 3.955078125 1.26192333613531 7.91015625 -97.3828125
615.558 483.849 -56.882 785.021
-0.3297797 -0.139154 0.9337459 615.5582 -0.03952001 0.9902449 0.1336162 483.8495 -0.9432303 0.007162275 -0.3320621 -56.88242 0 0 0 1
DataSet: 66
-1.7578125 9.755859375 29.8828125 3.955078125 1.26198659911661 7.998046875 -97.3828125
618.171 478.407 -57.211 783.762
-0.3297521 -0.1406395 0.9335331 618.1714 -0.03971627 0.9900326 0.1351223 478.4074 -0.9432318 0.007480428 -0.3320511 -57.2107 0 0 0 1
DataSet: 67
-1.7578125 9.755859375 28.65234375 3.955078125 1.26192333613531 7.91015625 -97.3828125
621.340 473.724 -57.695 783.458
-0.3297797 -0.139154 0.9337459 621.3401 -0.03952001 0.9902449 0.1336162 473.7244 -0.9432303 0.007162275 -0.3320621 -57.69483 0 0 0 1
DataSet: 68
-1.669921875 9.755859375 27.861328125 3.955078125 1.26198659911661 7.998046875 -97.3828125
622.367 470.560 -58.768 782.445
-0.3311987 -0.1406279 0.9330226 622.3668 -0.03971627 0.9900326 0.1351223 470.5602 -0.9427248 0.007696157 -0.3334827 -58.76751 0 0 0 1
DataSet: 69
-1.669921875 9.755859375 25.927734375 3.955078125 1.26192333613531 7.91015625 -97.3828125
626.733 462.991 -59.427 781.465
-0.3312263 -0.1391428 0.9332355 626.7333 -0.03952001 0.9902449 0.1336162 462.9913 -0.9427233 0.007375726 -0.333494 -59.42677 0 0 0 1
DataSet: 70
-1.669921875 9.755859375 24.697265625 3.955078125 1.26192333613531 7.91015625 -97.3828125
629.042 458.060 -59.755 780.438
-0.3312263 -0.1391428 0.9332355 629.0424 -0.03952001 0.9902449 0.1336162 458.0602 -0.9427233 0.007375726 -0.333494 -59.75481 0 0 0 1
DataSet: 71
-1.669921875 9.755859375 23.02734375 3.955078125 1.26192333613531 7.91015625 -97.3828125
632.007 451.290 -60.176 778.921
-0.3312263 -0.1391428 0.9332355 632.0073 -0.03952001 0.9902449 0.1336162 451.2903 -0.9427233 0.007375726 -0.333494 -60.17604 0 0 0 1
DataSet: 72
-1.669921875 9.755859375 22.060546875 3.955078125 1.26192333613531 7.91015625 -97.3828125
633.634 447.332 -60.407 777.976
-0.3312263 -0.1391428 0.9332355 633.6341 -0.03952001 0.9902449 0.1336162 447.3319 -0.9427233 0.007375726 -0.333494 -60.40717 0 0 0 1
DataSet: 73
-1.669921875 9.755859375 21.357421875 3.955078125 1.26192333613531 7.91015625 -97.3828125
634.776 444.436 -60.569 777.259
-0.3312263 -0.1391428 0.9332355 634.7756 -0.03952001 0.9902449 0.1336162 444.436 -0.9427233 0.007375726 -0.333494 -60.56934 0 0 0 1
DataSet: 74
-1.669921875 9.755859375 20.56640625 3.955078125 1.26192333613531 7.91015625 -97.3828125
636.018 441.161 -60.746 776.422
-0.3312263 -0.1391428 0.9332355 636.0176 -0.03952001 0.9902449 0.1336162 441.1614 -0.9427233 0.007375726 -0.333494 -60.7458 0 0 0 1
DataSet: 75
-1.669921875 9.755859375 19.072265625 3.955078125 1.26198659911661 7.998046875 -97.3828125
637.713 434.855 -60.948 774.268
-0.3311987 -0.1406279 0.9330226 637.7133 -0.03971627 0.9900326 0.1351223 434.8547 -0.9427248 0.007696157 -0.3334827 -60.9478 0 0 0 1
DataSet: 76
-1.669921875 9.755859375 17.9296875 3.955078125 1.26192333613531 7.91015625 -97.3828125
639.832 430.127 -61.288 773.402
-0.3312263 -0.1391428 0.9332355 639.8323 -0.03952001 0.9902449 0.1336162 430.1268 -0.9427233 0.007375726 -0.333494 -61.28775 0 0 0 1
DataSet: 77
-1.669921875 9.755859375 16.5234375 3.955078125 1.26192333613531 7.91015625 -97.3828125
641.660 424.173 -61.547 771.646
-0.3312263 -0.1391428 0.9332355 641.6602 -0.03952001 0.9902449 0.1336162 424.1725 -0.9427233 0.007375726 -0.333494 -61.54744 0 0 0 1
DataSet: 78
-1.669921875 9.755859375 15.380859375 3.955078125 1.26192333613531 7.91015625 -97.3828125
643.038 419.302 -61.743 770.146
-0.3312263 -0.1391428 0.9332355 643.0384 -0.03952001 0.9902449 0.1336162 419.3025 -0.9427233 0.007375726 -0.333494 -61.74324 0 0 0 1
DataSet: 79
-1.669921875 9.755859375 14.23828125 3.955078125 1.26192333613531 7.91015625 -97.3828125
644.320 414.406 -61.925 768.580
-0.3312263 -0.1391428 0.9332355 644.3202 -0.03952001 0.9902449 0.1336162 414.4056 -0.9427233 0.007375726 -0.333494 -61.92535 0 0 0 1
DataSet: 80
-1.669921875 9.755859375 13.53515625 3.955078125 1.26198659911661 7.998046875 -97.3828125
644.533 411.304 -61.917 767.090
-0.3311987 -0.1406279 0.9330226 644.5331 -0.03971627 0.9900326 0.1351223 411.3043 -0.9427248 0.007696157 -0.3334827 -61.91669 0 0 0 1
DataSet: 81
-1.669921875 9.755859375 12.65625 3.955078125 1.26192333613531 7.91015625 -97.3828125
645.935 407.585 -62.155 766.303
-0.3312263 -0.1391428 0.9332355 645.9349 -0.03952001 0.9902449 0.1336162 407.5847 -0.9427233 0.007375726 -0.333494 -62.15475 0 0 0 1
DataSet: 82
-1.669921875 9.755859375 11.689453125 3.955078125 1.26198659911661 7.998046875 -97.3828125
646.302 403.320 -62.168 764.354
-0.3311987 -0.1406279 0.9330226 646.3019 -0.03971627 0.9900326 0.1351223 403.3198 -0.9427248 0.007696157 -0.3334827 -62.16799 0 0 0 1
DataSet: 83
-1.669921875 9.755859375 10.1953125 3.955078125 1.26192333613531 7.91015625 -97.3828125
648.074 396.892 -62.459 762.512
-0.3312263 -0.1391428 0.9332355 648.0745 -0.03952001 0.9902449 0.1336162 396.8921 -0.9427233 0.007375726 -0.333494 -62.45872 0 0 0 1
DataSet: 84
-1.669921875 9.755859375 9.4921875 3.955078125 1.26192333613531 7.91015625 -97.3828125
648.602 393.821 -62.534 761.374
-0.3312263 -0.1391428 0.9332355 648.6021 -0.03952001 0.9902449 0.1336162 393.821 -0.9427233 0.007375726 -0.333494 -62.53367 0 0 0 1
DataSet: 85
-1.669921875 9.755859375 7.822265625 3.955078125 1.26192333613531 7.91015625 -97.3828125
649.705 386.503 -62.690 758.572
-0.3312263 -0.1391428 0.9332355 649.7053 -0.03952001 0.9902449 0.1336162 386.5026 -0.9427233 0.007375726 -0.333494 -62.6904 0 0 0 1
DataSet: 86
-1.669921875 9.755859375 6.943359375 3.955078125 1.26192333613531 7.91015625 -97.3828125
650.201 382.639 -62.761 757.042
-0.3312263 -0.1391428 0.9332355 650.2009 -0.03952001 0.9902449 0.1336162 382.6386 -0.9427233 0.007375726 -0.333494 -62.76083 0 0 0 1
DataSet: 87
-1.669921875 9.755859375 5.625 3.955078125 1.26192333613531 7.91015625 -97.3828125
650.834 376.829 -62.851 754.676
-0.3312263 -0.1391428 0.9332355 650.8343 -0.03952001 0.9902449 0.1336162 376.8294 -0.9427233 0.007375726 -0.333494 -62.85081 0 0 0 1
DataSet: 88
-1.669921875 9.755859375 4.39453125 3.955078125 1.26192333613531 7.91015625 -97.3828125
651.306 371.395 -62.918 752.391
-0.3312263 -0.1391428 0.9332355 651.3059 -0.03952001 0.9902449 0.1336162 371.3955 -0.9427233 0.007375726 -0.333494 -62.91781 0 0 0 1
DataSet: 89
-1.669921875 9.755859375 3.515625 3.955078125 1.26192333613531 7.91015625 -97.3828125
651.572 367.508 -62.956 750.714
-0.3312263 -0.1391428 0.9332355 651.572 -0.03952001 0.9902449 0.1336162 367.5085 -0.9427233 0.007375726 -0.333494 -62.95561 0 0 0 1
DataSet: 90
-1.669921875 9.755859375 2.109375 3.955078125 1.26192333613531 7.91015625 -97.3828125
651.875 361.282 -62.999 747.953
-0.3312263 -0.1391428 0.9332355 651.8748 -0.03952001 0.9902449 0.1336162 361.282 -0.9427233 0.007375726 -0.333494 -62.99863 0 0 0 1
DataSet: 91
-1.669921875 9.755859375 1.40625 3.955078125 1.26192333613531 7.91015625 -97.3828125
651.969 358.167 -63.012 746.537
-0.3312263 -0.1391428 0.9332355 651.9695 -0.03952001 0.9902449 0.1336162 358.1665 -0.9427233 0.007375726 -0.333494 -63.01208 0 0 0 1
DataSet: 92
-1.669921875 9.755859375 -0.3515625 3.955078125 1.26192333613531 7.91015625 -97.470703125
652.040 350.375 -63.022 742.894
-0.3326574 -0.1391428 0.9327263 652.0405 -0.03972492 0.9902449 0.1335554 350.3745 -0.9422107 0.007375726 -0.3349397 -63.02217 0 0 0 1
DataSet: 93
-1.669921875 9.755859375 -1.845703125 3.955078125 1.26192333613531 7.91015625 -97.3828125
651.915 343.752 -63.004 739.681
-0.3312263 -0.1391428 0.9332355 651.9147 -0.03952001 0.9902449 0.1336162 343.7522 -0.9427233 0.007375726 -0.333494 -63.00431 0 0 0 1
DataSet: 94
-1.669921875 9.755859375 -2.28515625 3.955078125 1.26198659911661 7.998046875 -97.3828125
651.317 341.730 -62.881 738.206
-0.3311987 -0.1406279 0.9330226 651.3174 -0.03971627 0.9900326 0.1351223 341.7299 -0.9427248 0.007696157 -0.3334827 -62.88055 0 0 0 1
DataSet: 95
-1.669921875 9.755859375 -3.427734375 3.955078125 1.26192333613531 7.91015625 -97.3828125
651.595 336.746 -62.959 736.165
-0.3312263 -0.1391428 0.9332355 651.5953 -0.03952001 0.9902449 0.1336162 336.7465 -0.9427233 0.007375726 -0.333494 -62.95893 0 0 0 1
DataSet: 96
-1.669921875 9.755859375 -3.779296875 3.955078125 1.26198659911661 7.998046875 -97.3828125
650.971 335.116 -62.831 734.856
-0.3311987 -0.1406279 0.9330226 650.9706 -0.03971627 0.9900326 0.1351223 335.1156 -0.9427248 0.007696157 -0.3334827 -62.83127 0 0 0 1
DataSet: 97
-1.669921875 9.755859375 -5.537109375 3.955078125 1.26192333613531 7.91015625 -97.3828125
650.872 327.424 -62.856 731.295
-0.3312263 -0.1391428 0.9332355 650.8718 -0.03952001 0.9902449 0.1336162 327.4244 -0.9427233 0.007375726 -0.333494 -62.85614 0 0 0 1
DataSet: 98
-1.669921875 9.755859375 -6.50390625 3.955078125 1.26192333613531 7.91015625 -97.3828125
650.427 323.162 -62.793 728.994
-0.3312263 -0.1391428 0.9332355 650.4268 -0.03952001 0.9902449 0.1336162 323.1622 -0.9427233 0.007375726 -0.333494 -62.79291 0 0 0 1
DataSet: 99
-1.669921875 9.755859375 -7.734375 3.955078125 1.26192333613531 7.91015625 -97.3828125
649.757 317.750 -62.698 726.003
-0.3312263 -0.1391428 0.9332355 649.7574 -0.03952001 0.9902449 0.1336162 317.7495 -0.9427233 0.007375726 -0.333494 -62.69782 0 0 0 1
DataSet: 100
-1.669921875 9.755859375 -8.61328125 3.955078125 1.26192333613531 7.91015625 -97.3828125
649.209 313.893 -62.620 723.825
-0.3312263 -0.1391428 0.9332355 649.209 -0.03952001 0.9902449 0.1336162 313.8928 -0.9427233 0.007375726 -0.333494 -62.6199 0 0 0 1
DataSet: 101
-1.669921875 9.755859375 -9.4921875 3.955078125 1.26192333613531 7.91015625 -97.3828125
648.602 310.045 -62.534 721.611
-0.3312263 -0.1391428 0.9332355 648.6021 -0.03952001 0.9902449 0.1336162 310.0451 -0.9427233 0.007375726 -0.333494 -62.53367 0 0 0 1
DataSet: 102
-1.669921875 9.755859375 -10.8984375 3.955078125 1.26198659911661 7.998046875 -97.3828125
646.982 303.834 -62.265 717.480
-0.3311987 -0.1406279 0.9330226 646.9818 -0.03971627 0.9900326 0.1351223 303.8341 -0.9427248 0.007696157 -0.3334827 -62.26458 0 0 0 1
DataSet: 103
-1.669921875 9.755859375 -12.12890625 3.955078125 1.26192333613531 7.91015625 -97.3828125
646.432 298.565 -62.225 714.763
-0.3312263 -0.1391428 0.9332355 646.4316 -0.03952001 0.9902449 0.1336162 298.5646 -0.9427233 0.007375726 -0.333494 -62.22532 0 0 0 1
DataSet: 104
-1.669921875 9.755859375 -13.623046875 3.955078125 1.26192333613531 7.91015625 -97.3828125
644.970 292.108 -62.018 710.746
-0.3312263 -0.1391428 0.9332355 644.9703 -0.03952001 0.9902449 0.1336162 292.1076 -0.9427233 0.007375726 -0.333494 -62.01771 0 0 0 1
DataSet: 105
-1.669921875 9.755859375 -13.974609375 3.955078125 1.26192333613531 7.91015625 -97.3828125
644.602 290.594 -61.965 709.786
-0.3312263 -0.1391428 0.9332355 644.6023 -0.03952001 0.9902449 0.1336162 290.5941 -0.9427233 0.007375726 -0.333494 -61.96542 0 0 0 1
