0.3436276614665985 0.7320712804794312 0.5882105827331543 50.426429748535156 
-0.893394410610199 0.06179678812623024 0.44500285387039185 269.8108215332031 
0.28942427039146423 -0.6784193515777588 0.6752634644508362 -1283.72900390625 
0.0 0.0 0.0 1.0
0.3423043489456177 0.7044970989227295 0.6217005252838135 59.222618103027344 
-0.9047592282295227 0.068657785654068 0.4203532338142395 226.8350830078125 
0.2534530758857727 -0.7063780426979065 0.6609021425247192 -1291.13134765625 
0.0 0.0 0.0 1.0
0.30105751752853394 0.6755765080451965 0.6730235815048218 47.043174743652344 
-0.9245131611824036 0.03377525508403778 0.37965068221092224 179.2144775390625 
0.23375153541564941 -0.7365158796310425 0.6347476840019226 -1289.04443359375 
0.0 0.0 0.0 1.0
0.48682233691215515 0.6341047286987305 0.6007621884346008 52.99238586425781 
-0.756606936454773 -0.03759234398603439 0.6527884602546692 106.86919403076172 
0.4365203082561493 -0.7723328471183777 0.4614672362804413 -1297.5711669921875 
0.0 0.0 0.0 1.0
0.43214792013168335 0.6407368779182434 0.6345899701118469 51.793418884277344 
-0.8501359224319458 0.05468638241291046 0.5237159132957458 69.57864379882812 
0.3008607029914856 -0.7658104300498962 0.5683460235595703 -1297.141845703125 
0.0 0.0 0.0 1.0
0.3128011226654053 0.6553815007209778 0.6874813437461853 47.08896255493164 
-0.9174046516418457 0.020993884652853012 0.3974016308784485 54.0301628112793 
0.2460167407989502 -0.7550062537193298 0.6078168749809265 -1290.312255859375 
0.0 0.0 0.0 1.0
0.34874147176742554 0.6396422386169434 0.6850088834762573 47.77266311645508 
-0.9171702265739441 0.08255202323198318 0.3898511826992035 -9.465485572814941 
0.1928163766860962 -0.764227032661438 0.6154501438140869 -1303.07373046875 
0.0 0.0 0.0 1.0
0.34086835384368896 0.6495723724365234 0.6796061396598816 45.000885009765625 
-0.912309467792511 0.05405562371015549 0.4059180021286011 -53.97847366333008 
0.22693657875061035 -0.7583757042884827 0.6110368967056274 -1307.4482421875 
0.0 0.0 0.0 1.0
0.45780178904533386 0.656387984752655 0.5996435284614563 41.409358978271484 
-0.8130614757537842 0.03625839203596115 0.5810475945472717 -91.95704650878906 
0.35965055227279663 -0.7535516619682312 0.5502829551696777 -1308.5279541015625 
0.0 0.0 0.0 1.0
0.4151664078235626 0.6749491095542908 0.6099841594696045 39.10149383544922 
-0.8498911261558533 0.04856336861848831 0.5247159600257874 -132.87498474121094 
0.3245336413383484 -0.7362644672393799 0.5937950015068054 -1311.515380859375 
0.0 0.0 0.0 1.0
0.34865641593933105 0.7108529806137085 0.6108410358428955 27.010744094848633 
-0.8755246996879578 0.014414425939321518 0.48295828700065613 -198.45779418945312 
0.33450740575790405 -0.703192949295044 0.62739497423172 -1305.3721923828125 
0.0 0.0 0.0 1.0
0.3094704747200012 0.7003772258758545 0.6431949138641357 12.271381378173828 
-0.915529727935791 0.03666776418685913 0.40057557821273804 -246.49969482421875 
0.25696951150894165 -0.7128303647041321 0.6525638103485107 -1325.806396484375 
0.0 0.0 0.0 1.0
0.2829747200012207 0.7620632648468018 0.5823958516120911 17.136760711669922 
-0.8986287713050842 -0.001590305007994175 0.43870699405670166 -281.09600830078125 
0.3352486491203308 -0.6475006937980652 0.6843619346618652 -1310.807861328125 
0.0 0.0 0.0 1.0
0.346628874540329 0.6802652478218079 0.6458231210708618 33.89787673950195 
-0.9106857180595398 0.07911459356546402 0.4054532051086426 279.3817138671875 
0.2247217297554016 -0.7286837100982666 0.6469313502311707 -1331.4254150390625 
0.0 0.0 0.0 1.0
0.233399897813797 0.6868755221366882 0.6882779598236084 39.37675857543945 
-0.9651350378990173 0.07739242911338806 0.250049352645874 226.1157684326172 
0.11848530173301697 -0.7226426601409912 0.6809910535812378 -1320.969970703125 
0.0 0.0 0.0 1.0
0.2804848253726959 0.6744205951690674 0.6829972267150879 35.240325927734375 
-0.9487550258636475 0.08687847852706909 0.3038354814052582 168.60508728027344 
0.1455751210451126 -0.7332183122634888 0.6642280220985413 -1325.44580078125 
0.0 0.0 0.0 1.0
0.31047919392585754 0.6635124087333679 0.6807010769844055 29.69256591796875 
-0.9250531196594238 0.04606059566140175 0.3770347535610199 110.38899230957031 
0.2188137322664261 -0.7467460632324219 0.6280850172042847 -1325.666015625 
0.0 0.0 0.0 1.0
0.29922616481781006 0.6503524780273438 0.6982158422470093 27.181568145751953 
-0.9402847290039062 0.07654262334108353 0.33167123794555664 70.81725311279297 
0.16225990653038025 -0.7557663917541504 0.6344200968742371 -1328.434814453125 
0.0 0.0 0.0 1.0
0.34341391921043396 0.667498767375946 0.6606907248497009 24.537994384765625 
-0.912189781665802 0.06960853934288025 0.40381231904029846 30.513294219970703 
0.22355449199676514 -0.7413501143455505 0.6327901482582092 -1331.3023681640625 
0.0 0.0 0.0 1.0
0.34706026315689087 0.6553791165351868 0.670840859413147 19.79350471496582 
-0.8617507815361023 -0.05938521400094032 0.5038442015647888 -47.86920166015625 
0.370047003030777 -0.7529619336128235 0.544163167476654 -1333.2327880859375 
0.0 0.0 0.0 1.0
0.21033672988414764 0.6242262721061707 0.7523961663246155 11.437334060668945 
-0.9099605679512024 -0.15634272992610931 0.3840946555137634 -87.61597442626953 
0.35739368200302124 -0.765440046787262 0.5351366400718689 -1343.6239013671875 
0.0 0.0 0.0 1.0
0.36617809534072876 0.6792766451835632 0.6360007524490356 14.139419555664062 
-0.8813954591751099 0.033996786922216415 0.4711543023586273 -128.45127868652344 
0.29842206835746765 -0.7330945134162903 0.6111600995063782 -1343.265625 
0.0 0.0 0.0 1.0
0.33496880531311035 0.7095656394958496 0.6199294328689575 2.248767852783203 
-0.8930076956748962 0.029206672683358192 0.4490925371646881 -185.84495544433594 
0.3005545735359192 -0.7040337920188904 0.6434309482574463 -1341.9564208984375 
0.0 0.0 0.0 1.0
0.29859521985054016 0.6959099769592285 0.6531080603599548 5.2665863037109375 
-0.9142449498176575 0.012206612154841423 0.40497806668281555 -234.0159912109375 
0.2738560140132904 -0.718025267124176 0.6398770213127136 -1339.5013427734375 
0.0 0.0 0.0 1.0
0.4280802607536316 0.6791356205940247 0.596256673336029 2.1147689819335938 
-0.8680838346481323 0.1255016177892685 0.48029130697250366 -246.65899658203125 
0.25135180354118347 -0.7232040166854858 0.6432714462280273 -1346.64990234375 
0.0 0.0 0.0 1.0
0.4002140760421753 0.6626566052436829 0.6330204606056213 -43.26092529296875 
-0.8737151026725769 0.06749565899372101 0.48173263669013977 -246.2337646484375 
0.2764972150325775 -0.7458757162094116 0.6059857606887817 -1381.1116943359375 
0.0 0.0 0.0 1.0
0.3183336555957794 0.6600114703178406 0.680476725101471 -25.107467651367188 
-0.9284245371818542 0.07201790809631348 0.3644740581512451 -199.31512451171875 
0.19155052304267883 -0.7477956414222717 0.635696530342102 -1379.90966796875 
0.0 0.0 0.0 1.0
0.3944106698036194 0.620763897895813 0.6775636076927185 -9.45489501953125 
-0.8905709981918335 0.07643383741378784 0.4483760595321655 -104.26908874511719 
0.22654689848423004 -0.78026282787323 0.5829806327819824 -1372.1607666015625 
0.0 0.0 0.0 1.0
0.3704283535480499 0.6215675473213196 0.6902438402175903 -5.591175079345703 
-0.899577260017395 0.05494481325149536 0.43329179286956787 -45.662879943847656 
0.23139482736587524 -0.781431257724762 0.5795011520385742 -1368.4886474609375 
0.0 0.0 0.0 1.0
0.2882406413555145 0.6605309844017029 0.6932648420333862 3.7572059631347656 
-0.9452603459358215 0.08061816543340683 0.3162018954753876 42.26774597167969 
0.15297144651412964 -0.7464579939842224 0.647611141204834 -1349.630859375 
0.0 0.0 0.0 1.0
0.38088458776474 0.6419069170951843 0.6654941439628601 15.685344696044922 
-0.8920868635177612 0.06586828082799911 0.4470374882221222 91.53113555908203 
0.24312148988246918 -0.7639482617378235 0.5977249145507812 -1342.47705078125 
0.0 0.0 0.0 1.0
0.1837381273508072 0.6302865147590637 0.7543070912361145 30.908246994018555 
-0.9746799468994141 0.017336687073111534 0.22293145954608917 170.5083465576172 
0.12743352353572845 -0.7761690020561218 0.6175130605697632 -1332.453369140625 
0.0 0.0 0.0 1.0
0.255898118019104 0.6907058954238892 0.6763442754745483 34.48594665527344 
-0.9550175666809082 0.07216952741146088 0.2876335382461548 262.55169677734375 
0.14985871315002441 -0.7195255756378174 0.6781042218208313 -1325.731201171875 
0.0 0.0 0.0 1.0
0.3047791123390198 0.65268874168396 0.693618893623352 29.53246307373047 
-0.9219829440116882 0.01953912153840065 0.3867371678352356 291.6777038574219 
0.23886628448963165 -0.7573742270469666 0.6077229976654053 -1333.2900390625 
0.0 0.0 0.0 1.0
0.26377734541893005 0.6580831408500671 0.7052291035652161 -7.2434234619140625 
-0.9481810331344604 0.04264392703771591 0.31485575437545776 307.66802978515625 
0.17712754011154175 -0.7517367005348206 0.6352304816246033 -1383.255615234375 
0.0 0.0 0.0 1.0
0.3147231936454773 0.664929986000061 0.6773606538772583 -3.1919326782226562 
-0.9167143106460571 0.027876244857907295 0.3985697627067566 234.6863250732422 
0.24613873660564423 -0.7463853359222412 0.6183241009712219 -1379.4793701171875 
0.0 0.0 0.0 1.0
0.3226330280303955 0.6426865458488464 0.6948826909065247 -18.085350036621094 
-0.9265123009681702 0.06427126377820969 0.3707347512245178 142.62777709960938 
0.1936052143573761 -0.7634286284446716 0.6161929368972778 -1378.1119384765625 
0.0 0.0 0.0 1.0
0.3135119080543518 0.6611852645874023 0.6815748810768127 -9.406501770019531 
-0.9361449480056763 0.09487510472536087 0.33857250213623047 79.89381408691406 
0.159194678068161 -0.7441993951797485 0.6487097144126892 -1373.715576171875 
0.0 0.0 0.0 1.0
0.09877263754606247 0.6790672540664673 0.7274006009101868 -11.540718078613281 
-0.9950244426727295 0.05780704692006111 0.08114690333604813 39.68617630004883 
0.013055355288088322 -0.7317964434623718 0.6813982129096985 -1375.61376953125 
0.0 0.0 0.0 1.0
0.37592241168022156 0.6541560292243958 0.6563248634338379 -14.511795043945312 
-0.8973520398139954 0.0802902802824974 0.433950275182724 1.5261144638061523 
0.23117469251155853 -0.7520860433578491 0.6171910762786865 -1377.117431640625 
0.0 0.0 0.0 1.0
0.30386847257614136 0.6730133891105652 0.6743271350860596 -16.42800521850586 
-0.9263980984687805 0.043520499020814896 0.3740221858024597 -41.139190673828125 
0.22237487137317657 -0.7383488416671753 0.6367027163505554 -1381.4185791015625 
0.0 0.0 0.0 1.0
0.31723493337631226 0.728671133518219 0.6069599986076355 -3.1931800842285156 
-0.9084833860397339 0.04989280924201012 0.41493213176727295 -77.4118423461914 
0.2720661461353302 -0.6830440163612366 0.6778132915496826 -1362.5257568359375 
0.0 0.0 0.0 1.0
0.34155237674713135 0.6590312123298645 0.6700894236564636 -21.15332794189453 
-0.903249204158783 0.03310547396540642 0.4278374910354614 -141.69207763671875 
0.2597746253013611 -0.7513866424560547 0.606576681137085 -1379.216796875 
0.0 0.0 0.0 1.0
0.36123138666152954 0.6724556684494019 0.6459994316101074 -20.514781951904297 
-0.8773479461669922 0.010428794659674168 0.4797414243221283 -198.1528778076172 
0.3158678412437439 -0.7400639057159424 0.5937448143959045 -1385.233154296875 
0.0 0.0 0.0 1.0
0.31209784746170044 0.6638000011444092 0.6796796321868896 -20.78717041015625 
-0.9304891228675842 0.06914679706096649 0.3597342073917389 -261.4356689453125 
0.19179388880729675 -0.7447068095207214 0.6392393112182617 -1386.0506591796875 
0.0 0.0 0.0 1.0
0.24913224577903748 0.6817225217819214 0.6878862977027893 -62.03736114501953 
-0.9553923010826111 0.056671299040317535 0.289851576089859 -243.9695587158203 
0.15861493349075317 -0.7294126749038696 0.6654310822486877 -1432.879150390625 
0.0 0.0 0.0 1.0
0.26821523904800415 0.6161001920700073 0.7405951619148254 -62.240821838378906 
-0.9459746479988098 0.023050352931022644 0.32342028617858887 -162.60760498046875 
0.18218833208084106 -0.7873305082321167 0.5889976024627686 -1425.8775634765625 
0.0 0.0 0.0 1.0
0.35164955258369446 0.6782001852989197 0.645280659198761 -56.757503509521484 
-0.9127111434936523 0.09516318142414093 0.39736929535865784 -77.72113800048828 
0.2080889791250229 -0.7286895513534546 0.6524649262428284 -1433.6497802734375 
0.0 0.0 0.0 1.0
0.16891063749790192 0.6807944774627686 0.7127328515052795 -54.64839553833008 
-0.9856307506561279 0.11746149510145187 0.1213868260383606 -37.60462188720703 
-0.001079171895980835 -0.7229949235916138 0.6908524632453918 -1430.440673828125 
0.0 0.0 0.0 1.0
0.321774423122406 0.5747424960136414 0.7524176836013794 -51.39777374267578 
-0.9372974038124084 0.0809594988822937 0.3389972150325775 25.474672317504883 
0.13392075896263123 -0.8143197894096375 0.5647553205490112 -1426.9808349609375 
0.0 0.0 0.0 1.0
0.12817998230457306 0.6693572998046875 0.7317996621131897 -46.59138488769531 
-0.9916499257087708 0.07597003877162933 0.10420688986778259 82.32032012939453 
0.01415678858757019 -0.7390462756156921 0.6735059022903442 -1421.6591796875 
0.0 0.0 0.0 1.0
0.42467427253723145 0.4491270184516907 0.7860894799232483 -58.32841491699219 
-0.8928272724151611 0.06386684626340866 0.4458480179309845 152.30819702148438 
0.15003731846809387 -0.8911823034286499 0.42811545729637146 -1428.048828125 
0.0 0.0 0.0 1.0
0.1330295205116272 0.5650109648704529 0.8142884373664856 -32.88645935058594 
-0.9896590113639832 0.12019847333431244 0.07827740162611008 233.549072265625 
-0.05364861711859703 -0.8162811398506165 0.5751581788063049 -1415.846923828125 
0.0 0.0 0.0 1.0
0.3707025945186615 0.6349875330924988 0.6777687072753906 -29.579185485839844 
-0.9060258269309998 0.08679989725351334 0.4142257571220398 330.7156066894531 
0.204197958111763 -0.7676305174827576 0.6074920892715454 -1416.798095703125 
0.0 0.0 0.0 1.0
0.4125218093395233 0.3678567707538605 0.8333709836006165 -70.8594741821289 
-0.9076722860336304 0.08847476541996002 0.4102477729320526 100.0977554321289 
0.07718010991811752 -0.9256638884544373 0.37039119005203247 -1445.6932373046875 
0.0 0.0 0.0 1.0
0.09245141595602036 0.4602181315422058 0.8829790353775024 -54.48992156982422 
-0.9526597261428833 -0.2170691043138504 0.2128859907388687 4.522455215454102 
0.28964146971702576 -0.8608601689338684 0.41836291551589966 -1417.134521484375 
0.0 0.0 0.0 1.0
0.5508072376251221 0.5366085171699524 0.6392672657966614 18.877731323242188 
-0.8319994807243347 0.2922213673591614 0.47157561779022217 115.41763305664062 
0.06624394655227661 -0.7916172742843628 0.6074156761169434 -1340.33349609375 
0.0 0.0 0.0 1.0
0.1117485910654068 0.8476364016532898 0.5186760425567627 15.20859146118164 
-0.9767501950263977 -0.002402850426733494 0.2143673300743103 57.551025390625 
0.18295183777809143 -0.5305721759796143 0.8276604413986206 -1294.795654296875 
0.0 0.0 0.0 1.0
0.21696433424949646 0.7099200487136841 0.670029878616333 28.83370018005371 
-0.9758225083351135 0.176291823387146 0.12919659912586212 254.46185302734375 
-0.026401551440358162 -0.6818612813949585 0.7310048937797546 -1278.469482421875 
0.0 0.0 0.0 1.0
0.25837546586990356 0.6891927719116211 0.676945686340332 34.62602233886719 
-0.9542304873466492 0.07282023131847382 0.29007139801979065 191.72731018066406 
0.150619775056839 -0.7209095358848572 0.6764637231826782 -1281.66552734375 
0.0 0.0 0.0 1.0
0.359362930059433 0.6511824727058411 0.6684456467628479 40.323238372802734 
-0.9180793762207031 0.1182871162891388 0.37833625078201294 127.57096862792969 
0.16729742288589478 -0.7496462464332581 0.6403452754020691 -1280.50732421875 
0.0 0.0 0.0 1.0
0.4821121394634247 0.6295232772827148 0.6093178987503052 37.206947326660156 
-0.8110069632530212 0.0575903058052063 0.5821950435638428 90.47481536865234 
0.33141452074050903 -0.7748443484306335 0.5383127331733704 -1282.750244140625 
0.0 0.0 0.0 1.0
0.3377572298049927 0.6300492286682129 0.6992552876472473 35.12143325805664 
-0.9232004284858704 0.07703261077404022 0.37651950120925903 51.000572204589844 
0.18336035311222076 -0.772724986076355 0.607680082321167 -1285.730712890625 
0.0 0.0 0.0 1.0
0.163424551486969 0.6228782534599304 0.7650588750839233 32.42845916748047 
-0.9560966491699219 -0.09121370315551758 0.2784945070743561 9.832437515258789 
0.24325203895568848 -0.7769830822944641 0.5806252956390381 -1288.0330810546875 
0.0 0.0 0.0 1.0
0.562487781047821 0.6229400634765625 0.5436480045318604 29.786434173583984 
-0.7579259276390076 0.1257445514202118 0.6401066780090332 -30.064777374267578 
0.33038732409477234 -0.772097110748291 0.5428722500801086 -1291.3450927734375 
0.0 0.0 0.0 1.0
0.3028939366340637 0.7048465609550476 0.6414409875869751 28.042997360229492 
-0.923768162727356 0.051652878522872925 0.37945255637168884 -73.0337142944336 
0.23432360589504242 -0.7074766755104065 0.6667602062225342 -1288.98046875 
0.0 0.0 0.0 1.0
0.4095490872859955 0.6750417351722717 0.6136677861213684 24.39128303527832 
-0.8442997932434082 0.025646094232797623 0.5352570414543152 -110.0315933227539 
0.3455826938152313 -0.7373336553573608 0.5804409384727478 -1297.2703857421875 
0.0 0.0 0.0 1.0
0.37803736329078674 0.6619515419006348 0.6472309231758118 4.230342864990234 
-0.8916730880737305 0.07229874283075333 0.4468690752983093 -176.72601318359375 
0.24901169538497925 -0.7460516095161438 0.6175760626792908 -1318.07275390625 
0.0 0.0 0.0 1.0
0.2165055274963379 0.6577916145324707 0.7214122414588928 -0.22585296630859375 
-0.9328603148460388 -0.07853549718856812 0.3515734374523163 -244.5067138671875 
0.2879185080528259 -0.7490944266319275 0.5966242551803589 -1327.071533203125 
0.0 0.0 0.0 1.0
0.3309246599674225 0.6545921564102173 0.6797043085098267 -40.73728942871094 
-0.9159612655639648 0.04959191009402275 0.39819031953811646 -258.2796630859375 
0.22694441676139832 -0.7543538808822632 0.6159922480583191 -1380.215576171875 
0.0 0.0 0.0 1.0
0.31961867213249207 0.6623978614807129 0.6775492429733276 -39.70244598388672 
-0.9378368854522705 0.11904313415288925 0.32602250576019287 -209.55145263671875 
0.13529902696609497 -0.7396335601806641 0.6592695713043213 -1380.5223388671875 
0.0 0.0 0.0 1.0
0.3403662145137787 0.6747549772262573 0.6548713445663452 -26.785125732421875 
-0.9095498323440552 0.05962882936000824 0.4112947881221771 -143.157958984375 
0.2384740114212036 -0.7356290221214294 0.6340189576148987 -1363.4635009765625 
0.0 0.0 0.0 1.0
0.48365429043769836 0.6456668972969055 0.590925395488739 -25.00035858154297 
-0.7863180041313171 0.02399827167391777 0.6173557639122009 -106.62376403808594 
0.38442498445510864 -0.7632420063018799 0.5193063616752625 -1361.63037109375 
0.0 0.0 0.0 1.0
0.31971505284309387 0.6793355941772461 0.6605191230773926 -16.424514770507812 
-0.9286046624183655 0.08607679605484009 0.36094918847084045 -22.12838363647461 
0.18835021555423737 -0.7287619709968567 0.6583541631698608 -1341.723388671875 
0.0 0.0 0.0 1.0
0.37509244680404663 0.6481047868728638 0.6627713441848755 -3.560211181640625 
-0.8846346139907837 0.036620717495679855 0.464844673871994 32.146034240722656 
0.2769968807697296 -0.7606701850891113 0.5870720744132996 -1334.817138671875 
0.0 0.0 0.0 1.0
0.14954565465450287 0.6337579488754272 0.7589380741119385 -2.2817611694335938 
-0.9352825284004211 -0.1583307832479477 0.3165091574192047 85.87271881103516 
0.32075345516204834 -0.7571540474891663 0.5690650343894958 -1324.3009033203125 
0.0 0.0 0.0 1.0
0.47229376435279846 0.6234439611434937 0.623102068901062 4.064807891845703 
-0.8644876480102539 0.1896485686302185 0.46550461649894714 132.8812255859375 
0.17204563319683075 -0.7585189938545227 0.6285294890403748 -1327.313232421875 
0.0 0.0 0.0 1.0
0.25418227910995483 0.6696277856826782 0.6978466510772705 17.0282039642334 
-0.9451472163200378 0.018928162753582 0.3260957896709442 208.52947998046875 
0.20515386760234833 -0.7424556016921997 0.6377080678939819 -1311.941162109375 
0.0 0.0 0.0 1.0
0.11837941408157349 0.7039052248001099 0.7003597021102905 21.150362014770508 
-0.9111379384994507 -0.20338189601898193 0.3584180474281311 261.80059814453125 
0.394732803106308 -0.6805536150932312 0.617278516292572 -1305.2745361328125 
0.0 0.0 0.0 1.0
0.08876985311508179 0.6201772689819336 0.7794228792190552 -12.004497528076172 
-0.9596970081329346 -0.15622901916503906 0.2336111068725586 256.9797058105469 
0.2666487693786621 -0.7687474489212036 0.5813138484954834 -1356.0709228515625 
0.0 0.0 0.0 1.0
0.2384813278913498 0.6699226498603821 0.7030861973762512 -1.7234916687011719 
-0.9627017378807068 0.06780968606472015 0.2619296610355377 201.66819763183594 
0.12779657542705536 -0.7393276691436768 0.6611071228981018 -1343.7889404296875 
0.0 0.0 0.0 1.0
0.28750938177108765 0.658958375453949 0.6950627565383911 -23.7430419921875 
-0.9384158849716187 0.04862866923213005 0.34206855297088623 134.72296142578125 
0.1916089504957199 -0.7506058812141418 0.632358193397522 -1353.2315673828125 
0.0 0.0 0.0 1.0
0.23081614077091217 0.6381927132606506 0.7344617247581482 -23.217750549316406 
-0.9193350076675415 -0.10417414456605911 0.37943506240844727 99.7120590209961 
0.3186646103858948 -0.7627961039543152 0.5626677870750427 -1359.4619140625 
0.0 0.0 0.0 1.0
0.3055371344089508 0.4539037346839905 0.8370295166969299 -24.688913345336914 
-0.9361056089401245 -0.017653800547122955 0.3512757122516632 55.626251220703125 
0.17422209680080414 -0.8908758163452148 0.4195079803466797 -1366.146240234375 
0.0 0.0 0.0 1.0
0.34144994616508484 0.6947165727615356 0.6330724954605103 -29.732589721679688 
-0.91461181640625 0.09039893746376038 0.39409786462783813 1.1075010299682617 
0.21655724942684174 -0.713580310344696 0.6662627458572388 -1365.7303466796875 
0.0 0.0 0.0 1.0
0.43350332975387573 0.6945395469665527 0.5741860866546631 -38.77661895751953 
-0.9010924696922302 0.32676735520362854 0.28505343198776245 -22.51093292236328 
0.010355650447309017 -0.6409663558006287 0.7674990892410278 -1362.537841796875 
0.0 0.0 0.0 1.0
0.5297620892524719 0.6598407030105591 0.5328812003135681 -42.37883758544922 
-0.8477799296379089 0.3935004472732544 0.3555651903152466 -73.02407836914062 
0.024927405640482903 -0.6401309370994568 0.7678613066673279 -1367.9901123046875 
0.0 0.0 0.0 1.0
0.42743948101997375 0.6347860097885132 0.6436941623687744 -54.26453399658203 
-0.896053671836853 0.20302346348762512 0.3948028087615967 -122.1115951538086 
0.11993032693862915 -0.7455388307571411 0.65558260679245 -1378.8218994140625 
0.0 0.0 0.0 1.0
0.6008790135383606 0.6891372203826904 0.4050114154815674 -52.89765930175781 
-0.5114364624023438 -0.05794385075569153 0.8573653101921082 -209.36917114257812 
0.6143102645874023 -0.7223104238510132 0.3176327049732208 -1377.6121826171875 
0.0 0.0 0.0 1.0
0.5665740370750427 0.6879449486732483 0.45356985926628113 -61.99624252319336 
-0.5908568501472473 -0.04449260234832764 0.8055486083030701 -257.1809997558594 
0.5743535757064819 -0.7243978381156921 0.38126859068870544 -1387.674072265625 
0.0 0.0 0.0 1.0
0.6429431438446045 0.6700119972229004 0.3710904121398926 -103.00477600097656 
-0.5523438453674316 0.06995360553264618 0.8306760191917419 -222.04669189453125 
0.53060382604599 -0.7390469312667847 0.41505318880081177 -1431.39990234375 
0.0 0.0 0.0 1.0
0.4212450683116913 0.6411933898925781 0.6414231061935425 -78.866455078125 
-0.8891230821609497 0.15243712067604065 0.4315357208251953 -125.09867858886719 
0.1789211928844452 -0.7520864009857178 0.6343132257461548 -1425.669189453125 
0.0 0.0 0.0 1.0
0.3746926784515381 0.6744830012321472 0.636143147945404 -71.20154571533203 
-0.8961832523345947 0.08763262629508972 0.4349438548088074 -85.7213134765625 
0.23761533200740814 -0.7330710887908936 0.6372956037521362 -1408.21435546875 
0.0 0.0 0.0 1.0
0.27884364128112793 0.6400234699249268 0.7159722447395325 -68.57471466064453 
-0.9386577606201172 0.02412496507167816 0.344005286693573 -38.63639831542969 
0.20289862155914307 -0.7679765820503235 0.607490062713623 -1420.0576171875 
0.0 0.0 0.0 1.0
0.3684787154197693 0.5130637288093567 0.7752348184585571 -88.8323745727539 
-0.9265856146812439 0.1351938247680664 0.35094404220581055 48.267127990722656 
0.07524970173835754 -0.8476368188858032 0.5252135396003723 -1421.2552490234375 
0.0 0.0 0.0 1.0
0.3345082700252533 0.6550118327140808 0.6775423884391785 -73.68626403808594 
-0.9220754504203796 0.0790027379989624 0.3788606524467468 108.40409088134766 
0.19463053345680237 -0.7514772415161133 0.6303974390029907 -1415.412841796875 
0.0 0.0 0.0 1.0
0.34524059295654297 0.5806828737258911 0.7373033761978149 -80.88656616210938 
-0.9263005256652832 0.08449969440698624 0.36718806624412537 180.2315216064453 
0.1509179323911667 -0.8097327351570129 0.5670596361160278 -1427.443359375 
0.0 0.0 0.0 1.0
0.32350459694862366 0.6508662700653076 0.6868171691894531 -65.91776275634766 
-0.9269751310348511 0.07232502102851868 0.36808452010154724 268.6225280761719 
0.18989971280097961 -0.7557394504547119 0.6267343163490295 -1422.2681884765625 
0.0 0.0 0.0 1.0
0.3636062443256378 0.5627744793891907 0.7423445582389832 -64.44026184082031 
-0.9240000247955322 0.11661285161972046 0.3641778230667114 306.1484375 
0.11838308721780777 -0.8183436989784241 0.5624047517776489 -1450.127197265625 
0.0 0.0 0.0 1.0
0.4850068986415863 0.672253429889679 0.5593242645263672 -30.862388610839844 
-0.6581100225448608 -0.1406165361404419 0.7396743893623352 63.91557693481445 
0.5758988857269287 -0.726844072341919 0.3742167055606842 -1337.10791015625 
0.0 0.0 0.0 1.0
0.3404249846935272 0.7610849738121033 0.5521416664123535 101.06341552734375 
-0.9118542075157166 0.12394724786281586 0.3913552463054657 243.64181518554688 
0.22941817343235016 -0.6366997957229614 0.7361932992935181 -1298.3834228515625 
0.0 0.0 0.0 1.0
0.31166812777519226 0.6965852379798889 0.6462445259094238 81.69239807128906 
-0.9250616431236267 0.06706102937459946 0.3738499581813812 185.98899841308594 
0.21708056330680847 -0.7143331170082092 0.665285050868988 -1305.598876953125 
0.0 0.0 0.0 1.0
0.31192609667778015 0.6659284830093384 0.6776735186576843 81.67599487304688 
-0.9324300289154053 0.07761693745851517 0.3529161214828491 127.1297836303711 
0.18241797387599945 -0.7419669032096863 0.6451424360275269 -1311.88818359375 
0.0 0.0 0.0 1.0
0.3492562770843506 0.6479612588882446 0.6768797636032104 79.56690979003906 
-0.8722607493400574 -0.03907782956957817 0.48747721314430237 88.27716064453125 
0.3423173427581787 -0.7606701254844666 0.5515430569648743 -1313.8282470703125 
0.0 0.0 0.0 1.0
0.5260854959487915 0.5951198935508728 0.6075083017349243 68.43793487548828 
-0.7774688005447388 0.04706886038184166 0.6271576285362244 46.84905242919922 
0.34463927149772644 -0.8022572994232178 0.48744943737983704 -1325.9603271484375 
0.0 0.0 0.0 1.0
0.35386791825294495 0.6793011426925659 0.6429054737091064 65.78496551513672 
-0.9194977283477783 0.1268678605556488 0.37205973267555237 23.616722106933594 
0.17117656767368317 -0.7228100895881653 0.6695103645324707 -1321.6832275390625 
0.0 0.0 0.0 1.0
0.3767356872558594 0.6576995849609375 0.6523047685623169 72.7471923828125 
-0.8913543224334717 0.06573862582445145 0.4485153257846832 -12.58402156829834 
0.2521067261695862 -0.7504063248634338 0.611009418964386 -1320.4730224609375 
0.0 0.0 0.0 1.0
0.522925853729248 0.6646475195884705 0.5336593389511108 66.33092498779297 
-0.7449109554290771 0.052026305347681046 0.6651322841644287 -52.845237731933594 
0.4143142104148865 -0.7453435063362122 0.5223091244697571 -1320.7607421875 
0.0 0.0 0.0 1.0
0.3363523483276367 0.6835259199142456 0.647811233997345 67.29165649414062 
-0.9230990409851074 0.10312213748693466 0.370478093624115 -93.42196655273438 
0.18642769753932953 -0.7226051092147827 0.6656474471092224 -1327.011962890625 
0.0 0.0 0.0 1.0
0.3960733711719513 0.6662312150001526 0.6318717002868652 52.662498474121094 
-0.8879101276397705 0.1025472953915596 0.4484412968158722 -136.3328857421875 
0.2339688241481781 -0.738660991191864 0.6321697235107422 -1338.544677734375 
0.0 0.0 0.0 1.0
0.4896834194660187 0.6757482290267944 0.5509759187698364 50.12227249145508 
-0.7529822587966919 0.009165349416434765 0.6579769849777222 -193.70301818847656 
0.4395768940448761 -0.7370755076408386 0.5133145451545715 -1351.3623046875 
0.0 0.0 0.0 1.0
0.45419779419898987 0.6921157836914062 0.5609635710716248 29.726133346557617 
-0.7835198640823364 0.010633992962539196 0.6212757229804993 -242.6863250732422 
0.42402946949005127 -0.7217081189155579 0.5471163988113403 -1350.571044921875 
0.0 0.0 0.0 1.0
0.3856855630874634 0.6866808533668518 0.6162109971046448 -15.805198669433594 
-0.8722854256629944 0.053781285881996155 0.4860304892063141 -265.5684509277344 
0.30060720443725586 -0.7249668836593628 0.6197243928909302 -1394.70703125 
0.0 0.0 0.0 1.0
0.49995410442352295 0.6603063941001892 0.5603939890861511 -0.202423095703125 
-0.7785505056381226 0.059240277856588364 0.6247797012329102 -217.80108642578125 
0.37934815883636475 -0.748656153678894 0.5436992645263672 -1405.5169677734375 
0.0 0.0 0.0 1.0
0.4646128714084625 0.6570544242858887 0.5936449766159058 6.831199645996094 
-0.8279029726982117 0.08445626497268677 0.5544762015342712 -177.74005126953125 
0.3141839802265167 -0.7490972280502319 0.5832167863845825 -1398.549072265625 
0.0 0.0 0.0 1.0
0.5616182088851929 0.6473598480224609 0.5152767896652222 15.40225601196289 
-0.71895432472229 0.0735979676246643 0.6911497712135315 -125.8525390625 
0.40949931740760803 -0.7586228251457214 0.5067561268806458 -1393.7745361328125 
0.0 0.0 0.0 1.0
0.38668251037597656 0.7109078168869019 0.5874409079551697 17.353199005126953 
-0.8820415139198303 0.09914253652095795 0.46062302589416504 -79.67271423339844 
0.26922014355659485 -0.6962620615959167 0.6653868556022644 -1389.6060791015625 
0.0 0.0 0.0 1.0
0.4126116633415222 0.6738399267196655 0.6129366755485535 20.38336181640625 
-0.862221360206604 0.07187505066394806 0.5014063119888306 -25.376022338867188 
0.29381275177001953 -0.7353731989860535 0.610655665397644 -1384.0751953125 
0.0 0.0 0.0 1.0
0.2554817795753479 0.6809180378913879 0.6863524913787842 21.00129508972168 
-0.9649491310119629 0.1355159729719162 0.2247411608695984 16.56292152404785 
0.06001856550574303 -0.719712495803833 0.6916730999946594 -1379.7547607421875 
0.0 0.0 0.0 1.0
0.4707111716270447 0.6459048986434937 0.6010305881500244 25.271413803100586 
-0.7905552387237549 0.00631237355992198 0.6123581528663635 57.72345733642578 
0.3917312026023865 -0.7633917927742004 0.5135948657989502 -1379.7354736328125 
0.0 0.0 0.0 1.0
0.37379100918769836 0.5761579871177673 0.7268577218055725 24.00843620300293 
-0.8828436732292175 -0.019256755709648132 0.4692719578742981 100.34986877441406 
0.2843717038631439 -0.8171114325523376 0.5014594793319702 -1374.719970703125 
0.0 0.0 0.0 1.0
0.4016185402870178 0.6000375747680664 0.6918507218360901 28.089670181274414 
-0.8482231497764587 -0.04110385850071907 0.528041660785675 144.89508056640625 
0.34528255462646484 -0.7989151477813721 0.49245771765708923 -1371.80810546875 
0.0 0.0 0.0 1.0
0.3162727653980255 0.6486725211143494 0.6922394037246704 38.24272155761719 
-0.9244021773338318 0.04674157127737999 0.37854427099227905 192.4272003173828 
0.21319490671157837 -0.7596308588981628 0.6144174337387085 -1385.9798583984375 
0.0 0.0 0.0 1.0
0.32411593198776245 0.6148384809494019 0.7189731597900391 22.02933120727539 
-0.9041852951049805 -0.02216491848230362 0.42656487226486206 256.9345397949219 
0.27820447087287903 -0.7883414626121521 0.5487439632415771 -1365.462890625 
0.0 0.0 0.0 1.0
0.04420924931764603 0.7008638381958008 0.7119237184524536 -9.521102905273438 
-0.9962689280509949 0.08380024880170822 -0.020631790161132812 289.49798583984375 
-0.0741194486618042 -0.7083554267883301 0.701953649520874 -1385.360595703125 
0.0 0.0 0.0 1.0
-0.020567188039422035 0.7066365480422974 0.7072777152061462 12.483963012695312 
-0.9976085424423218 0.03218580037355423 -0.06116646155714989 208.6417694091797 
-0.0659867450594902 -0.7068442702293396 0.70428466796875 -1421.64892578125 
0.0 0.0 0.0 1.0
0.28018510341644287 0.6589512825012207 0.6980540752410889 2.114910125732422 
-0.9214504361152649 -0.019244922325015068 0.3880188763141632 169.82923889160156 
0.269119530916214 -0.7519393563270569 0.6017988324165344 -1428.8271484375 
0.0 0.0 0.0 1.0
0.44340261816978455 0.6569603681564331 0.6097517013549805 0.148345947265625 
-0.8405933380126953 0.06865371763706207 0.5372982621192932 143.37745666503906 
0.31112194061279297 -0.7507926821708679 0.5826777815818787 -1415.014404296875 
0.0 0.0 0.0 1.0
0.3011636435985565 0.6691914200782776 0.6793255805969238 -5.352481842041016 
-0.9452120661735535 0.11536694318056107 0.30539244413375854 104.16578674316406 
0.12599433958530426 -0.7340798377990723 0.6672722101211548 -1422.068115234375 
0.0 0.0 0.0 1.0
0.14887635409832 0.5958683490753174 0.7891620397567749 -11.69784164428711 
-0.9255249500274658 -0.1970452517271042 0.32338324189186096 65.95474243164062 
0.3481944501399994 -0.7785332798957825 0.5221556425094604 -1416.0982666015625 
0.0 0.0 0.0 1.0
0.3883843719959259 0.507935106754303 0.7688689231872559 -14.027324676513672 
-0.9049088358879089 0.05262197181582451 0.42233970761299133 23.669334411621094 
0.17406176030635834 -0.8597865104675293 0.480072557926178 -1425.328369140625 
0.0 0.0 0.0 1.0
0.3681180477142334 0.6069629788398743 0.7043330073356628 -13.303638458251953 
-0.9176594018936157 0.1152636855840683 0.3802834153175354 -16.55011749267578 
0.14963394403457642 -0.7863270044326782 0.5994159579277039 -1431.1580810546875 
0.0 0.0 0.0 1.0
0.4648914933204651 0.630790650844574 0.6212721467018127 -15.832000732421875 
-0.8403211236000061 0.09338878095149994 0.5339840054512024 -57.01228332519531 
0.2788122892379761 -0.7703126668930054 0.5734823942184448 -1434.2113037109375 
0.0 0.0 0.0 1.0
0.3253919780254364 0.6780837178230286 0.6590315103530884 -26.785499572753906 
-0.929329514503479 0.10067761689424515 0.35526150465011597 -89.69120788574219 
0.17454732954502106 -0.7280566692352295 0.6629229187965393 -1426.4915771484375 
0.0 0.0 0.0 1.0
0.35490450263023376 0.6372680068016052 0.6840556859970093 -24.122020721435547 
-0.9222522377967834 0.11868507415056229 0.36791929602622986 -139.72854614257812 
0.1532759964466095 -0.7614481449127197 0.6298437714576721 -1440.218017578125 
0.0 0.0 0.0 1.0
0.39325663447380066 0.6610798835754395 0.6390013098716736 -25.28203582763672 
-0.856709361076355 0.01117490604519844 0.515678346157074 -187.77755737304688 
0.33376380801200867 -0.7502322793006897 0.5707479119300842 -1442.1949462890625 
0.0 0.0 0.0 1.0
0.3974052965641022 0.6821414232254028 0.6138013601303101 -27.747840881347656 
-0.852686882019043 0.027322256937623024 0.52170729637146 -232.68052673339844 
0.3391077220439911 -0.7307096719741821 0.5925110578536987 -1455.4700927734375 
0.0 0.0 0.0 1.0
0.5089988708496094 0.6848651170730591 0.5214210748672485 -55.19853973388672 
-0.7425052523612976 0.0429028756916523 0.6684648990631104 -268.6973571777344 
0.43543779850006104 -0.7274057269096375 0.5303534865379333 -1468.859130859375 
0.0 0.0 0.0 1.0
0.4975881278514862 0.6450694799423218 0.5799064040184021 -67.3794937133789 
-0.7838471531867981 0.04808688908815384 0.6190890073776245 -225.02989196777344 
0.37146952748298645 -0.7626093029975891 0.5295633673667908 -1479.4068603515625 
0.0 0.0 0.0 1.0
0.4047040343284607 0.6703625917434692 0.6219554543495178 -59.79582214355469 
-0.8684967160224915 0.06888069212436676 0.49088579416275024 -157.51123046875 
0.28623080253601074 -0.7388297319412231 0.610084056854248 -1473.5289306640625 
0.0 0.0 0.0 1.0
0.4206598103046417 0.47514012455940247 0.772843599319458 -74.59809875488281 
-0.8970206379890442 0.09046649187803268 0.4326311945915222 -40.05276107788086 
0.13564400374889374 -0.8752471804618835 0.4642660915851593 -1474.48681640625 
0.0 0.0 0.0 1.0
0.2560591697692871 0.5804048776626587 0.7730225324630737 -55.2841796875 
-0.9548935294151306 0.027474116533994675 0.295674592256546 -7.566196441650391 
0.15037289261817932 -0.8138644099235535 0.561259925365448 -1464.804931640625 
0.0 0.0 0.0 1.0
0.31291916966438293 0.5403361916542053 0.7811008095741272 -46.52079772949219 
-0.938994288444519 0.05241362378001213 0.33991554379463196 68.54792785644531 
0.14272835850715637 -0.8398152589797974 0.523773729801178 -1466.1505126953125 
0.0 0.0 0.0 1.0
0.5394390225410461 0.4665047228336334 0.7009842395782471 -39.715171813964844 
-0.8418798446655273 0.3142537474632263 0.4387287497520447 165.9149932861328 
-0.01561787724494934 -0.8268119096755981 0.5622616410255432 -1469.8824462890625 
0.0 0.0 0.0 1.0
0.1175103709101677 0.4536271393299103 0.8834102749824524 -23.312152862548828 
-0.9472348093986511 -0.2159428596496582 0.2368859201669693 186.77947998046875 
0.29822400212287903 -0.8646335005760193 0.40431588888168335 -1476.219482421875 
0.0 0.0 0.0 1.0
-0.29507267475128174 0.5813502669334412 0.7582638263702393 -23.990745544433594 
-0.9551279544830322 -0.1580871343612671 -0.2504776418209076 246.09323120117188 
-0.025743480771780014 -0.7981480956077576 0.6019110679626465 -1443.494140625 
0.0 0.0 0.0 1.0
0.334693968296051 0.6361911296844482 0.6951552629470825 15.291116714477539 
-0.9242691993713379 0.07790541648864746 0.3737073540687561 78.80979919433594 
0.18359291553497314 -0.767588198184967 0.6140863299369812 -1386.802490234375 
0.0 0.0 0.0 1.0
0.43114399909973145 0.6191660761833191 0.6563141345977783 39.93287658691406 
-0.854943037033081 0.04782053828239441 0.5165128707885742 -69.38971710205078 
0.28842198848724365 -0.7838026285171509 0.5499693155288696 -1355.458251953125 
0.0 0.0 0.0 1.0
0.4001633822917938 0.6197030544281006 0.6751573085784912 52.33271408081055 
-0.880202054977417 0.05476121976971626 0.4714292585849762 117.60840606689453 
0.2551737129688263 -0.7829235792160034 0.5673773288726807 -1343.860595703125 
0.0 0.0 0.0 1.0
0.3105997145175934 0.6604747772216797 0.6835941076278687 20.73843002319336 
-0.9336068630218506 0.07682953774929047 0.34996503591537476 40.829097747802734 
0.17862284183502197 -0.7469071745872498 0.6404869556427002 -1380.3416748046875 
0.0 0.0 0.0 1.0
0.3284868896007538 0.7270668148994446 0.602884829044342 79.15557098388672 
-0.9206948280334473 0.10405927896499634 0.37615498900413513 259.2797546386719 
0.21075403690338135 -0.6786350011825562 0.7035888433456421 -1302.5830078125 
0.0 0.0 0.0 1.0
0.35561275482177734 0.7126768827438354 0.6046745181083679 91.23472595214844 
-0.9035321474075317 0.09662997722625732 0.417483389377594 203.60800170898438 
0.23910106718540192 -0.6948052644729614 0.6782892346382141 -1304.3934326171875 
0.0 0.0 0.0 1.0
0.33392494916915894 0.6718622446060181 0.661131739616394 77.6882553100586 
-0.9154524803161621 0.06404033303260803 0.397297739982605 148.75718688964844 
0.22459028661251068 -0.7379023432731628 0.6364426612854004 -1305.82421875 
0.0 0.0 0.0 1.0
0.302732914686203 0.6748639345169067 0.6729869842529297 70.57865142822266 
-0.9255455136299133 0.03968057781457901 0.3765513002872467 106.68879699707031 
0.22741636633872986 -0.7368745803833008 0.6366299390792847 -1305.7208251953125 
0.0 0.0 0.0 1.0
0.39984580874443054 0.6687793135643005 0.6267834901809692 62.10319900512695 
-0.8804802894592285 0.09022393077611923 0.4654182195663452 65.19135284423828 
0.25471121072769165 -0.7379660606384277 0.6249226331710815 -1305.1807861328125 
0.0 0.0 0.0 1.0
0.2554187774658203 0.6530481576919556 0.7129440903663635 60.238525390625 
-0.873833417892456 -0.15962743759155273 0.45927566289901733 30.308053970336914 
0.4137346148490906 -0.7403020858764648 0.5298835635185242 -1307.721923828125 
0.0 0.0 0.0 1.0
0.46453994512557983 0.661634624004364 0.5885934829711914 57.66721725463867 
-0.8237407207489014 0.0788857713341713 0.5614519119262695 -9.265186309814453 
0.3250443637371063 -0.7456652522087097 0.5816609859466553 -1309.977783203125 
0.0 0.0 0.0 1.0
0.4183853268623352 0.6786800026893616 0.6036117076873779 53.57575988769531 
-0.8478313088417053 0.0534503236413002 0.5275651812553406 -39.63261413574219 
0.3257847726345062 -0.7324864268302917 0.5977690815925598 -1315.0262451171875 
0.0 0.0 0.0 1.0
0.39778998494148254 0.6825547218322754 0.613092303276062 46.58880615234375 
-0.8660589456558228 0.05878717824816704 0.4964735209941864 -100.47472381591797 
0.3028284013271332 -0.728466272354126 0.6145175695419312 -1323.408447265625 
0.0 0.0 0.0 1.0
0.485758900642395 0.666031002998352 0.5660752058029175 30.187292098999023 
-0.7759253978729248 0.03037802129983902 0.6300929188728333 -147.93008422851562 
