DataSet: 1
-26.71875 9.84375 -1.318359375 1.58203125 0.573845359801656 -8.61328125 -92.197265625 0.439453125
809.143 227.120 255.438 878.376
-0.7594481 0.4891703 0.4288952 809.1434 0.4936016 0.8627124 -0.1099303 227.1196 -0.4237879 0.128217 -0.8966405 255.438 0 0 0 1
DataSet: 2
-24.169921875 9.84375 1.318359375 1.58203125 -0.458497657352217 -6.240234375 -90.087890625 -0.3515625
811.630 244.136 212.778 873.854
-0.7882705 0.456717 0.4123579 811.6304 0.4592662 0.882686 -0.09969919 244.1356 -0.4095169 0.1107921 -0.9055501 212.7783 0 0 0 1
DataSet: 3
-21.62109375 9.84375 -1.0546875 1.58203125 1.37409194378863 -3.251953125 -89.47265625 1.0546875
809.436 240.234 160.125 859.383
-0.8243587 0.4200669 0.3794423 809.4365 0.403943 0.9061272 -0.125553 240.2343 -0.3965637 0.04977232 -0.916657 160.125 0 0 0 1
DataSet: 4
-16.69921875 10.283203125 1.58203125 1.58203125 1.71703978229093 -1.142578125 -64.6875 1.318359375
812.016 255.794 77.084 854.835
-0.6722394 0.3895974 0.62953 812.0162 0.2842453 0.9209853 -0.2664409 255.7938 -0.6835926 -0.0001711066 -0.7298638 77.08385 0 0 0 1
DataSet: 5
-16.69921875 17.40234375 1.669921875 1.58203125 -1.71702805416264 -1.0546875 -67.763671875 -1.318359375
810.561 256.149 25.760 850.462
-0.7760306 0.3899698 0.4956814 810.5613 0.336253 0.9207349 -0.1979421 256.1487 -0.5335826 0.01306518 -0.845647 25.76041 0 0 0 1
DataSet: 6
-16.962890625 17.666015625 -0.17578125 1.58203125 1.48821866194565 -1.845703125 -75.76171875 1.142578125
812.411 246.842 11.550 849.162
-0.8341876 0.398334 0.3813935 812.4114 0.3421085 0.9162053 -0.2086378 246.8417 -0.4325422 -0.04356516 -0.9005606 11.54989 0 0 0 1
DataSet: 7
-9.931640625 17.75390625 2.197265625 1.58203125 -1.14465499178078 -0.263671875 -69.9609375 -0.87890625
803.866 260.009 -68.653 847.655
-0.8520686 0.3744564 0.3657343 803.8663 0.3270611 0.9264104 -0.1865337 260.0093 -0.4086688 -0.03932206 -0.9118353 -68.65346 0 0 0 1
DataSet: 8
20.654296875 -20.390625 2.109375 1.58203125 0.114475194103136 -1.494140625 -79.1015625 0.087890625
807.334 257.507 -89.040 852.072
-0.8289864 0.3949423 0.3959824 807.334 0.3600665 0.9186719 -0.1624623 257.5071 -0.4279411 0.0079009 -0.9037721 -89.04024 0 0 0 1
DataSet: 9
24.345703125 -20.390625 1.93359375 1.58203125 -1.03039386678374 -2.373046875 -63.896484375 -0.791015625
804.101 254.907 -137.321 854.642
-0.7322023 0.410066 0.5438067 804.1009 0.3295771 0.9120557 -0.2439946 254.9067 -0.5960358 0.0005728509 -0.8029576 -137.3208 0 0 0 1
DataSet: 10
27.59765625 -20.302734375 2.197265625 1.58203125 -1.03063952705852 -3.515625 -64.423828125 -0.791015625
799.282 253.772 -187.110 859.222
-0.7657871 0.427232 0.4806692 799.282 0.34554 0.9037248 -0.2527519 253.7724 -0.5423764 -0.02746369 -0.8396866 -187.1103 0 0 0 1
DataSet: 11
30.9375 -18.984375 -0.439453125 1.58203125 0.458552627667172 -6.50390625 -61.962890625 0.3515625
793.594 235.900 -261.984 868.376
-0.7781028 0.4627914 0.4247119 793.5941 0.3491816 0.8807325 -0.3199727 235.8998 -0.5221382 -0.1006701 -0.8468986 -261.9844 0 0 0 1
DataSet: 12
34.1015625 -17.75390625 0 1.58203125 0.343748553701511 -5.361328125 -62.75390625 0.263671875
767.080 240.373 -321.912 865.920
-0.8307405 0.4363514 0.3456409 767.0802 0.3419825 0.8899882 -0.3016106 240.3728 -0.4392245 -0.132357 -0.8885738 -321.9115 0 0 0 1
DataSet: 13
35.5078125 -16.787109375 -0.439453125 1.58203125 -0.229876800079773 -10.72265625 -57.568359375 -0.17578125
777.862 225.577 -355.140 884.352
-0.7852667 0.5099562 0.3511423 777.8618 0.3760866 0.8433757 -0.3837658 225.5766 -0.4918486 -0.1692986 -0.8540626 -355.1403 0 0 0 1
DataSet: 14
-1.845703125 -30.673828125 1.845703125 1.58203125 0 -5.09765625 -110.478515625 0
758.339 248.869 300.092 852.684
-0.8181792 0.3844051 0.4275692 758.3393 0.4484935 0.8920139 0.05625616 248.869 -0.3597726 0.2377896 -0.9022304 300.0921 0 0 0 1
DataSet: 15
2.724609375 -30.322265625 1.494140625 1.58203125 1.03073440617482 -3.8671875 -115.83984375 0.791015625
774.622 249.942 242.093 849.188
-0.8759969 0.3903296 0.2833235 774.6219 0.4260278 0.9015859 0.07512046 249.9425 -0.2261187 0.186509 -0.9560778 242.0932 0 0 0 1
DataSet: 16
14.58984375 -39.55078125 1.669921875 1.58203125 -0.343571993397812 -3.779296875 -110.7421875 -0.263671875
772.920 250.860 182.475 832.847
-0.8622822 0.385292 0.3286633 772.92 0.4269988 0.9020703 0.06277853 250.8605 -0.2722893 0.1944716 -0.9423584 182.4753 0 0 0 1
DataSet: 17
21.181640625 -42.978515625 1.0546875 1.58203125 1.25940469166733 -2.548828125 -102.83203125 0.966796875
775.029 250.799 115.846 822.794
-0.8336673 0.3872988 0.3936984 775.0287 0.4109762 0.9112694 -0.02620313 250.7991 -0.3689138 0.139956 -0.9188661 115.846 0 0 0 1
DataSet: 18
25.3125 -43.154296875 1.142578125 1.58203125 -0.343443660239223 -1.93359375 -101.865234375 -0.263671875
776.180 252.320 65.684 818.801
-0.8602247 0.3788772 0.3412704 776.1804 0.4023412 0.9154872 -0.002207487 252.3201 -0.3132651 0.1354082 -0.9399626 65.68356 0 0 0 1
DataSet: 19
31.904296875 -48.427734375 1.40625 1.58203125 -0.229027511121331 -3.427734375 -95.44921875 -0.17578125
773.961 250.561 18.802 813.726
-0.8209042 0.4070531 0.4005297 773.9611 0.4226253 0.9047369 -0.05328226 250.5607 -0.3840626 0.1255343 -0.9147333 18.80219 0 0 0 1
DataSet: 20
35.068359375 -47.548828125 1.40625 1.58203125 5.49392887528968 -1.7578125 -83.759765625 4.21875
772.967 252.921 -67.060 816.054
-0.7676694 0.4074388 0.4946487 772.9667 0.3374258 0.9131927 -0.2285232 252.921 -0.5448188 -0.00852306 -0.8385105 -67.05991 0 0 0 1
DataSet: 21
35.947265625 -48.33984375 2.724609375 1.58203125 11.6664210670419 1.494140625 -89.736328125 8.96484375
761.895 259.991 -104.474 811.784
-0.8310454 0.3752953 0.4105081 761.895 0.2725678 0.9181479 -0.2875957 259.9906 -0.4848405 -0.1271138 -0.865316 -104.474 0 0 0 1
DataSet: 22
44.384765625 -46.494140625 2.021484375 1.58203125 0.916278216383471 -4.130859375 -76.9921875 0.703125
764.649 251.885 -166.145 822.033
-0.7834755 0.4366847 0.4421228 764.6486 0.3835995 0.8995944 -0.2087617 251.8854 -0.4888943 0.006038397 -0.8723221 -166.1448 0 0 0 1
DataSet: 23
50.009765625 -46.318359375 0.087890625 1.58203125 1.14623615117896 -6.240234375 -73.388671875 0.87890625
756.968 238.836 -232.618 827.137
-0.7839409 0.4680862 0.4078382 756.9683 0.3953277 0.8828894 -0.2534211 238.8361 -0.4786989 -0.03743738 -0.8771806 -232.6179 0 0 0 1
DataSet: 24
43.681640625 -33.3984375 0.52734375 1.58203125 2.06243744200088 -5.361328125 -68.818359375 1.58203125
758.544 242.616 -295.320 849.391
-0.820067 0.4429997 0.3622725 758.5441 0.3525249 0.8897346 -0.2899974 242.6159 -0.4507951 -0.1101072 -0.8858104 -295.3195 0 0 0 1
DataSet: 25
38.408203125 -20.0390625 1.40625 1.58203125 -5.37992009109716 -2.28515625 -55.72265625 -4.130859375
746.231 251.236 -325.434 851.990
-0.8029373 0.4193669 0.4235837 746.2306 0.3514122 0.9070486 -0.2318884 251.2361 -0.4814573 -0.03733936 -0.8756738 -325.434 0 0 0 1
DataSet: 26
60.64453125 -49.130859375 -2.197265625 1.58203125 -1.37387199147288 -2.4609375 -64.951171875 -1.0546875
701.194 236.644 -309.490 802.158
-0.7989235 0.4102299 0.4398098 701.194 0.3392069 0.9112084 -0.2337476 236.6442 -0.4966487 -0.03755994 -0.8671386 -309.4899 0 0 0 1
DataSet: 27
58.18359375 -53.0859375 0.615234375 1.58203125 0 -2.197265625 -78.3984375 0
715.567 249.623 -247.511 797.252
-0.845481 0.4060147 0.346863 715.5674 0.3690555 0.9137316 -0.1699781 249.6232 -0.3859534 -0.01570158 -0.9223847 -247.5112 0 0 0 1
DataSet: 28
49.306640625 -54.140625 1.93359375 1.58203125 -1.48803933694645 0 -81.826171875 -1.142578125
730.804 259.254 -133.613 786.855
-0.8196615 0.3664154 0.4403348 730.8044 0.3569944 0.927889 -0.107596 259.2542 -0.4480067 0.06900474 -0.8913632 -133.6133 0 0 0 1
DataSet: 29
45.17578125 -57.48046875 1.7578125 1.58203125 -0.343398238516253 0 -89.6484375 -0.263671875
732.773 258.647 -62.503 779.590
-0.8263176 0.3597106 0.4333676 732.7725 0.3627709 0.9285237 -0.07899962 258.6469 -0.4308091 0.09193441 -0.8977481 -62.5031 0 0 0 1
DataSet: 30
36.38671875 -57.65625 0.17578125 1.58203125 -0.457976714463437 -2.63671875 -105.029296875 -0.3515625
744.704 246.685 44.350 785.751
-0.8616802 0.3828072 0.3331156 744.7042 0.4130376 0.9104443 0.02215949 246.6846 -0.2948004 0.1566837 -0.9426256 44.35005 0 0 0 1
DataSet: 31
28.564453125 -50.712890625 1.0546875 1.58203125 -1.37379384704143 -2.109375 -98.7890625 -1.0546875
755.111 251.449 95.479 801.584
-0.814344 0.3644586 0.4516788 755.1115 0.4063472 0.9137069 -0.004653472 251.4492 -0.414398 0.1797489 -0.8921685 95.47903 0 0 0 1
DataSet: 32
6.240234375 -29.8828125 2.109375 1.58203125 2.28947334368619 1.669921875 -113.466796875 1.7578125
766.737 262.896 184.001 831.177
-0.9083485 0.3271117 0.2605781 766.7366 0.3440307 0.938727 0.0208427 262.8965 -0.2377938 0.1085793 -0.9652278 184.0012 0 0 0 1
DataSet: 33
-1.58203125 -29.794921875 1.0546875 1.58203125 1.14543576145571 -4.39453125 -116.455078125 0.87890625
763.590 246.907 283.868 851.242
-0.8629913 0.3885458 0.3229214 763.5897 0.4337364 0.8975537 0.07918349 246.907 -0.2590729 0.2083974 -0.9431075 283.8677 0 0 0 1
DataSet: 34
-15.205078125 -16.083984375 1.23046875 1.58203125 1.7170806006604 -1.40625 -108.10546875 1.318359375
754.420 253.716 311.800 854.833
-0.8350527 0.3568396 0.418751 754.4196 0.3938216 0.9191846 0.002054499 253.7157 -0.3841764 0.1666288 -0.9080988 311.8004 0 0 0 1
DataSet: 35
-53.525390625 50.009765625 2.197265625 1.58203125 0.801330841102534 -1.58203125 -92.548828125 0.615234375
696.884 257.720 282.722 794.983
-0.8615099 0.3932472 0.3211813 696.884 0.3865421 0.9181298 -0.08730935 257.7201 -0.3292202 0.04893219 -0.9429845 282.7221 0 0 0 1
DataSet: 36
-53.7890625 59.853515625 3.076171875 1.58203125 0.457969322775663 -2.548828125 -78.046875 0.3515625
703.533 259.710 191.116 773.908
-0.8278215 0.4116108 0.3811668 703.5332 0.3690675 0.9113 -0.1825418 259.7103 -0.4224935 -0.01043579 -0.9063059 191.1163 0 0 0 1
DataSet: 37
-50.009765625 67.236328125 0.791015625 1.58203125 -0.572332141376909 -0.3515625 -68.37890625 -0.439453125
693.847 253.785 70.820 742.190
-0.8627692 0.3709579 0.3435398 693.8466 0.3165313 0.92614 -0.2051162 253.7849 -0.3942554 -0.0682268 -0.9164649 70.81953 0 0 0 1
DataSet: 38
-45.52734375 68.5546875 2.109375 1.58203125 -2.06041678813791 -1.0546875 -63.544921875 -1.58203125
698.519 257.981 -10.962 744.717
-0.8783344 0.3789139 0.2914668 698.5188 0.3250038 0.9204352 -0.2171901 257.9811 -0.3505727 -0.09603776 -0.9315984 -10.96249 0 0 0 1
DataSet: 39
-44.6484375 69.169921875 2.197265625 1.58203125 2.28981078513596 -2.63671875 -76.46484375 1.7578125
694.090 255.584 -53.382 741.575
-0.9276996 0.368959 0.05694487 694.0901 0.3483 0.9102882 -0.2237465 255.584 -0.1343895 -0.1877356 -0.9729824 -53.38225 0 0 0 1
DataSet: 40
-39.990234375 68.994140625 2.109375 1.58203125 -2.17481356410329 -0.52734375 -49.833984375 -1.669921875
688.058 258.865 -98.892 741.764
-0.8520305 0.3568705 0.3829981 688.058 0.2611849 0.9238515 -0.2797869 258.8646 -0.4536811 -0.1383537 -0.8803589 -98.89246 0 0 0 1
DataSet: 41
-38.49609375 71.015625 2.548828125 1.58203125 -0.343488467253096 -2.724609375 -50.009765625 -0.263671875
679.933 256.905 -144.560 741.084
-0.87435 0.3610226 0.3243067 679.9326 0.2539778 0.9098526 -0.3281212 256.9048 -0.4135304 -0.2045261 -0.8872213 -144.5596 0 0 0 1
DataSet: 42
-33.310546875 68.90625 2.724609375 1.58203125 -3.66725327240072 -5.9765625 -44.033203125 -2.8125
695.785 250.007 -186.404 762.474
-0.8436735 0.4220556 0.3317893 695.7852 0.2974388 0.8819709 -0.3655921 250.0072 -0.4469286 -0.2097533 -0.8696312 -186.4043 0 0 0 1
DataSet: 43
-26.3671875 62.138671875 1.845703125 1.58203125 0.343447885524746 -2.021484375 -39.90234375 0.263671875
675.405 255.152 -249.084 763.752
-0.8615142 0.3215343 0.392949 675.4051 0.1759555 0.9150378 -0.3629677 255.1522 -0.4762698 -0.2435603 -0.8448938 -249.0841 0 0 0 1
DataSet: 44
-20.302734375 58.798828125 2.98828125 1.58203125 0.343533880639488 -3.33984375 -32.51953125 0.263671875
666.731 257.435 -311.900 779.798
-0.8386558 0.3201168 0.4406606 666.7311 0.1341198 0.9055166 -0.4025563 257.4354 -0.5278905 -0.2785048 -0.8023508 -311.8995 0 0 0 1
DataSet: 45
56.162109375 -42.802734375 2.548828125 1.58203125 -0.228981318670172 -2.4609375 -70.224609375 -0.17578125
710.184 257.533 -327.856 823.514
-0.8536066 0.4040635 0.3287682 710.1844 0.3470465 0.9117888 -0.2195448 257.5331 -0.3884772 -0.07330699 -0.9185377 -327.856 0 0 0 1
DataSet: 46
74.53125 -69.78515625 2.021484375 1.58203125 1.48879224050596 -3.779296875 -82.08984375 1.142578125
655.050 252.595 -294.995 761.523
-0.8601547 0.4286826 0.2763424 655.0504 0.3912573 0.9021715 -0.181671 252.5949 -0.3271874 -0.04814421 -0.9437322 -294.9948 0 0 0 1
DataSet: 47
68.994140625 -73.037109375 0.703125 1.58203125 2.74724917156929 1.40625 -89.736328125 2.109375
660.510 256.340 -190.556 733.686
-0.8739499 0.349686 0.3375372 660.5103 0.3250927 0.9368625 -0.1288539 256.3401 -0.3612844 -0.002880996 -0.9324512 -190.5556 0 0 0 1
DataSet: 48
72.509765625 -86.220703125 2.548828125 1.58203125 -1.14546749916453 -4.482421875 -94.306640625 -0.87890625
652.294 253.236 -90.047 705.496
-0.8133588 0.4213602 0.4011272 652.2937 0.440821 0.8963271 -0.04769273 253.2357 -0.3796369 0.138034 -0.91478 -90.04741 0 0 0 1
DataSet: 49
68.73046875 -86.66015625 2.197265625 1.58203125 0.343533880639488 -3.33984375 -115.927734375 0.263671875
653.439 254.080 -40.981 702.295
-0.9031008 0.3989015 0.1590174 653.4393 0.4152913 0.9055166 0.08702181 254.0797 -0.1092798 0.144628 -0.9834331 -40.98096 0 0 0 1
DataSet: 50
54.4921875 -77.87109375 2.109375 1.58203125 -2.40441749146906 2.900390625 -107.490234375 -1.845703125
654.251 264.437 33.318 706.457
-0.890747 0.2736982 0.3628486 654.2509 0.319985 0.9446059 0.07300214 264.4371 -0.3227684 0.1811325 -0.9289842 33.31837 0 0 0 1
DataSet: 51
51.15234375 -83.84765625 1.669921875 1.58203125 1.94598247121539 -1.23046875 -129.990234375 1.494140625
651.041 255.744 106.390 707.515
-0.9263941 0.3416033 0.1584336 651.0406 0.3639096 0.9203046 0.1435593 255.7445 -0.09676682 0.190648 -0.9768775 106.3897 0 0 0 1
DataSet: 52
-49.833984375 66.796875 2.724609375 1.58203125 1.72606165239848 12.12890625 -64.16015625 1.318359375
635.524 278.385 74.711 697.833
-0.879321 0.1582279 0.4491753 635.5239 0.1141452 0.9857229 -0.1237792 278.3848 -0.4623477 -0.05757047 -0.8848279 74.71097 0 0 0 1
DataSet: 53
-53.61328125 61.69921875 3.603515625 1.58203125 -0.573144225357398 6.328125 -95.80078125 -0.439453125
662.776 276.264 179.053 740.036
-0.96004 0.2672025 0.08322211 662.7756 0.2666041 0.9636299 -0.01842958 276.2642 -0.08511975 0.004494218 -0.9963606 179.0528 0 0 0 1
DataSet: 54
-62.75390625 61.787109375 3.251953125 1.58203125 -2.86160073657068 -0.966796875 -84.638671875 -2.197265625
659.110 262.882 293.525 767.913
-0.83416 0.3798328 0.3998802 659.1101 0.3850414 0.9201766 -0.07083898 262.8817 -0.3948673 0.09487937 -0.9138259 293.5246 0 0 0 1
DataSet: 55
-45.966796875 67.1484375 5.09765625 1.58203125 4.0450849719697 16.34765625 -60.732421875 3.076171875
614.990 290.744 7.890 680.299
-0.9041887 0.06836715 0.4216263 614.9897 0.02354073 0.9935832 -0.1106268 290.7442 -0.4264841 -0.09010214 -0.8999961 7.890367 0 0 0 1
DataSet: 56
-46.0546875 67.1484375 5.09765625 1.58203125 19.6508458452288 3.955078125 -67.5 15.1171875
646.072 262.866 -81.055 702.195
-0.9284213 0.1796576 0.3252032 646.072 0.01499024 0.8927111 -0.4503801 262.8661 -0.3712267 -0.4132676 -0.8315051 -81.05482 0 0 0 1
DataSet: 57
-26.630859375 37.177734375 4.5703125 1.58203125 -12.7139646458558 6.85546875 -64.86328125 -9.755859375
758.208 272.681 48.501 807.210
-0.8500113 0.3062157 0.4286172 758.2083 0.3526427 0.9352384 0.03118297 272.6811 -0.3913105 0.1776546 -0.9029479 48.50123 0 0 0 1
DataSet: 58
-46.318359375 68.818359375 -1.93359375 1.58203125 -1.15863648692773 -18.193359375 -71.982421875 -0.87890625
762.049 197.751 -29.312 787.834
-0.7858527 0.6111444 0.09454138 762.0488 0.5571582 0.7660272 -0.3205887 197.7513 -0.2683473 -0.199261 -0.9424886 -29.31159 0 0 0 1
DataSet: 59
-26.806640625 13.53515625 -5.9765625 1.58203125 -3.66826467575163 -6.591796875 -107.40234375 -2.8125
802.834 210.582 237.163 863.211
-0.8786631 0.452814 0.1513622 802.8343 0.4695661 0.8769381 0.1024071 210.5815 -0.0863639 0.1610559 -0.9831593 237.1629 0 0 0 1
DataSet: 60
-25.224609375 15.380859375 -4.39453125 1.58203125 0.229082753926512 -4.306640625 -93.779296875 0.17578125
806.570 223.490 172.372 854.526
-0.8502164 0.4350256 0.2964538 806.5698 0.4327953 0.8982126 -0.07682762 223.4904 -0.2997005 0.06298371 -0.951952 172.3716 0 0 0 1
DataSet: 61
-13.53515625 6.6796875 -3.076171875 1.58203125 -3.54877501630737 -2.197265625 -84.90234375 -2.724609375
817.033 232.675 97.000 855.038
-0.8390496 0.4014221 0.3672276 817.0333 0.4079412 0.9107952 -0.0635313 232.6746 -0.359972 0.09650135 -0.9279588 97.00002 0 0 0 1
DataSet: 62
-10.634765625 6.591796875 -3.076171875 1.58203125 -2.28932320623852 -0.966796875 -68.73046875 -1.7578125
815.140 235.460 53.941 850.179
-0.7361388 0.385788 0.5561181 815.1397 0.344664 0.9208066 -0.1825432 235.4596 -0.5825002 0.05729672 -0.8108087 53.94137 0 0 0 1
DataSet: 63
-7.55859375 6.591796875 -2.900390625 1.58203125 -0.801260123931737 -0.087890625 -79.62890625 -0.615234375
812.576 238.126 9.210 846.798
-0.8522582 0.3729356 0.3668447 812.5755 0.3484437 0.9277528 -0.1336479 238.1257 -0.3901832 0.01392217 -0.9206319 9.210336 0 0 0 1
DataSet: 64
-8.7890625 6.6796875 -2.021484375 1.58203125 9.26676797091429 0.3515625 -84.990234375 7.119140625
809.649 239.480 -25.704 844.715
-0.8812504 0.3622605 0.303587 809.6492 0.2830583 0.9188869 -0.274818 239.48 -0.3785178 -0.1562507 -0.9123102 -25.70388 0 0 0 1
DataSet: 65
3.8671875 6.6796875 -2.109375 1.58203125 -6.52299588858662 0.87890625 -53.525390625 -5.009765625
804.965 240.940 -94.088 845.502
-0.7156618 0.3747478 0.5893999 804.9653 0.3269854 0.9254484 -0.191379 240.9401 -0.6171781 0.0557625 -0.7848451 -94.08842 0 0 0 1
DataSet: 66
29.1796875 -31.2890625 -3.33984375 1.58203125 0.573055829357445 -5.9765625 -82.96875 0.439453125
810.132 224.494 -109.515 847.764
-0.811143 0.4652834 0.3543421 810.1319 0.4323331 0.8850622 -0.1724906 224.4936 -0.3938718 0.01327931 -0.9190695 -109.5151 0 0 0 1
DataSet: 67
28.30078125 -24.873046875 -2.63671875 1.58203125 0.229064852333338 -4.04296875 -67.412109375 0.17578125
802.388 231.707 -159.147 850.201
-0.7536871 0.4348592 0.4928015 802.3878 0.3503752 0.9002253 -0.2585179 231.7073 -0.5560513 -0.02217614 -0.8308521 -159.1466 0 0 0 1
DataSet: 68
34.013671875 -24.78515625 -2.98828125 1.58203125 -1.60284375784155 -2.4609375 -67.060546875 -1.23046875
773.906 233.159 -238.982 842.856
-0.8165014 0.4107742 0.405697 773.9063 0.3501971 0.9110407 -0.2176393 233.1587 -0.4590071 -0.03562894 -0.8877179 -238.9824 0 0 0 1
DataSet: 69
35.33203125 -24.697265625 -1.58203125 1.58203125 7.89942643762255 -3.955078125 -70.3125 6.064453125
765.109 234.133 -304.484 856.108
-0.8518599 0.3988476 0.3394926 765.1086 0.2759283 0.89267 -0.3563761 234.1334 -0.4451946 -0.2099069 -0.8704832 -304.4842 0 0 0 1
DataSet: 70
58.359375 -46.142578125 -1.845703125 1.58203125 0.572427409846887 -2.197265625 -69.169921875 0.439453125
704.666 238.890 -320.117 809.999
-0.8381538 0.3991926 0.3716766 704.6664 0.3306732 0.9138176 -0.235781 238.8902 -0.4337666 -0.07471729 -0.897922 -320.1166 0 0 0 1
DataSet: 71
61.083984375 -53.61328125 -1.669921875 1.58203125 -2.40425436266913 -2.548828125 -78.75 -1.845703125
706.401 238.530 -263.305 790.714
-0.8568203 0.4151664 0.3057707 706.4009 0.3947321 0.9096891 -0.129044 238.5304 -0.331731 0.01013002 -0.9433196 -263.305 0 0 0 1
DataSet: 72
57.041015625 -59.0625 -2.28515625 1.58203125 0.229053551227657 -3.8671875 -82.265625 0.17578125
726.324 233.621 -179.410 783.781
-0.8122845 0.4317098 0.3921997 726.3241 0.402391 0.9015567 -0.1589876 233.6209 -0.4222268 0.02867446 -0.9060366 -179.4097 0 0 0 1
DataSet: 73
53.173828125 -58.88671875 -2.373046875 1.58203125 -0.572443690391913 -2.373046875 -71.455078125 -0.439453125
728.973 236.183 -133.960 777.901
-0.6989083 0.4043514 0.5899383 728.9731 0.3540803 0.912288 -0.2058101 236.1833 -0.6214132 0.06504317 -0.7807785 -133.9603 0 0 0 1
DataSet: 74
45.87890625 -60.8203125 -4.04296875 1.58203125 -0.57273730935254 -4.482421875 -96.943359375 -0.439453125
743.112 224.552 -33.353 777.014
-0.8296039 0.4236444 0.3637072 743.1117 0.4411487 0.8966233 -0.03813723 224.5522 -0.342265 0.1288102 -0.9307323 -33.35306 0 0 0 1
DataSet: 75
34.716796875 -53.96484375 -3.1640625 1.58203125 0.572427409846887 -2.197265625 -93.779296875 0.439453125
754.106 233.131 25.492 789.732
-0.7965901 0.3866464 0.4647028 754.1064 0.3988236 0.9138176 -0.07666247 233.131 -0.4542948 0.1242659 -0.8821418 25.49249 0 0 0 1
DataSet: 76
20.0390625 -45.966796875 -3.1640625 1.58203125 11.0996701769479 3.603515625 -108.369140625 8.525390625
755.348 238.148 102.655 798.626
-0.8555615 0.3607965 0.3712687 755.3478 0.3162691 0.9320267 -0.1769183 238.1484 -0.4098639 -0.03394364 -0.9115149 102.6549 0 0 0 1
DataSet: 77
26.3671875 -47.548828125 -2.63671875 1.58203125 -7.90024006787267 -4.306640625 -97.03125 -6.064453125
760.863 227.650 128.219 804.473
-0.8115379 0.362117 0.4585603 760.8627 0.4522139 0.8862334 0.1004635 227.6503 -0.3700119 0.2888973 -0.8829663 128.2185 0 0 0 1
DataSet: 78
4.658203125 -31.904296875 -3.603515625 1.58203125 2.74752626971001 -2.197265625 -111.005859375 2.109375
769.454 230.973 225.512 834.424
-0.8531775 0.3793097 0.3580673 769.4538 0.4075806 0.9131613 0.003819695 230.9734 -0.3255244 0.1492002 -0.9336879 225.5115 0 0 0 1
DataSet: 79
-21.005859375 -11.513671875 -1.58203125 1.58203125 15.0877786152123 -0.17578125 -109.775390625 11.6015625
766.949 234.566 289.665 852.724
-0.7996053 0.4468338 0.4012118 766.9492 0.3805612 0.8938573 -0.2370492 234.566 -0.4645477 -0.03686015 -0.8847806 289.6651 0 0 0 1
DataSet: 80
-45 34.189453125 -0.615234375 1.58203125 12.0117752561539 2.98828125 -100.01953125 9.228515625
718.911 247.423 240.285 797.363
-0.8914141 0.3560135 0.2804198 718.9106 0.2945735 0.9253999 -0.2384564 247.4234 -0.3443942 -0.1299592 -0.9297867 240.285 0 0 0 1
DataSet: 81
-46.142578125 52.119140625 -1.7578125 1.58203125 -0.114488965503602 -2.373046875 -84.990234375 -0.087890625
735.446 238.905 150.154 787.720
-0.8787377 0.4089342 0.2461559 735.4457 0.3894935 0.9124514 -0.1254081 238.9047 -0.275889 -0.01432471 -0.9610828 150.1541 0 0 0 1
DataSet: 82
-47.4609375 63.544921875 -3.779296875 1.58203125 0.343443660239223 -1.93359375 -70.83984375 0.263671875
711.189 230.981 58.997 750.082
-0.8674895 0.3922153 0.3059888 711.1891 0.3363646 0.9156553 -0.2200778 230.9808 -0.3664982 -0.08799132 -0.9262487 58.9968 0 0 0 1
DataSet: 83
-47.900390625 63.369140625 -1.845703125 1.58203125 8.46917781160017 -2.900390625 -67.939453125 6.50390625
707.166 234.706 28.170 745.630
-0.8501353 0.3771717 0.3674391 707.166 0.2408506 0.8990606 -0.3656241 234.7057 -0.4682531 -0.222332 -0.8551652 28.16999 0 0 0 1
DataSet: 84
-30.849609375 41.220703125 0.263671875 1.58203125 6.89423217401262 10.72265625 -69.521484375 5.2734375
709.915 264.610 -3.736 757.636
-0.8988249 0.1656545 0.4057984 709.9151 0.08698131 0.9748296 -0.2052841 264.6102 -0.4295905 -0.1492176 -0.89061 -3.735656 0 0 0 1
DataSet: 85
-42.451171875 74.00390625 -2.021484375 1.58203125 -3.66390497298099 -3.1640625 -50.44921875 -2.8125
683.227 235.305 -106.689 730.446
-0.8567615 0.4006478 0.324717 683.2275 0.3110276 0.9036726 -0.2943425 235.305 -0.4113655 -0.1511854 -0.8988445 -106.6893 0 0 0 1
DataSet: 86
-34.541015625 74.267578125 -1.318359375 1.58203125 -15.2074018508134 3.251953125 -49.130859375 -11.689453125
674.248 238.926 -141.314 729.154
-0.8780861 0.4237362 0.2222888 674.248 0.4153855 0.9056208 -0.08547454 238.9263 -0.237528 0.01728154 -0.9712269 -141.3145 0 0 0 1
DataSet: 87
-26.103515625 67.412109375 0.52734375 1.58203125 -17.2945152222579 8.349609375 -40.60546875 -13.271484375
665.461 250.116 -195.394 737.275
-0.8681015 0.3918508 0.3047175 665.4608 0.3950161 0.9170872 -0.05397547 250.1158 -0.3006028 0.07351213 -0.9509121 -195.3939 0 0 0 1
DataSet: 88
62.578125 -62.75390625 -4.306640625 1.58203125 -7.89629654811287 -2.109375 -82.6171875 -6.064453125
699.072 224.914 -163.656 752.377
-0.8363156 0.4006928 0.3741944 699.0723 0.4312769 0.9022169 -0.002213333 224.9137 -0.3384914 0.1595304 -0.9273477 -163.6557 0 0 0 1
DataSet: 89
66.62109375 -61.611328125 -4.39453125 1.58203125 0 -5.537109375 -40.517578125 0
700.009 220.643 -261.839 779.266
-0.4347589 0.458583 0.7750396 700.0086 0.2094606 0.8885226 -0.4082327 220.6434 -0.8758487 -0.01514257 -0.4823482 -261.8387 0 0 0 1
DataSet: 90
68.5546875 -58.271484375 -4.39453125 1.58203125 0 -5.537109375 -40.4296875 0
686.304 220.642 -318.683 788.198
-0.5113646 0.4553143 0.7288313 686.3043 0.2088341 0.8885226 -0.4085535 220.6424 -0.8336033 -0.05671497 -0.5494442 -318.6828 0 0 0 1
DataSet: 91
78.92578125 -73.037109375 -5.009765625 1.58203125 -6.29617102009793 -3.076171875 -40.693359375 -4.833984375
630.825 221.118 -282.371 725.649
-0.4871678 0.431002 0.7595425 630.8246 0.2997808 0.8994151 -0.3180943 221.1182 -0.8202433 0.07273097 -0.5673721 -282.371 0 0 0 1
DataSet: 92
73.564453125 -79.1015625 -2.109375 1.58203125 -5.26557052818707 -2.373046875 -84.111328125 -4.04296875
650.049 235.729 -154.834 708.594
-0.8157262 0.3962456 0.4214026 650.0488 0.420026 0.9066535 -0.03946634 235.7293 -0.3977045 0.1448064 -0.9060144 -154.8339 0 0 0 1
DataSet: 93
70.751953125 -82.353515625 -3.779296875 1.58203125 -1.14546749916453 -4.482421875 -90.3515625 -0.87890625
663.840 225.646 -101.745 708.485
-0.7950967 0.4248427 0.4328163 663.8399 0.4364816 0.8963271 -0.07798448 225.6456 -0.4210761 0.1269111 -0.8981027 -101.745 0 0 0 1
DataSet: 94
65.7421875 -84.375 -1.845703125 1.58203125 2.17480168310112 -0.3515625 -103.53515625 1.669921875
652.530 242.216 -40.954 697.239
-0.8584368 0.3627152 0.3626625 652.5305 0.3754397 0.9260862 -0.03754 242.2157 -0.3494731 0.1039322 -0.9311641 -40.95448 0 0 0 1
DataSet: 95
53.61328125 -77.51953125 -4.658203125 1.58203125 -6.8716106992676 4.833984375 -108.10546875 -5.2734375
636.022 235.348 55.991 680.476
-0.9104787 0.2098114 0.3563814 636.0215 0.2802737 0.9467133 0.158684 235.3479 -0.3040973 0.2443628 -0.9207669 55.99147 0 0 0 1
DataSet: 96
-60.908203125 88.681640625 -3.1640625 1.58203125 -1.71702805416264 -1.0546875 -58.88671875 -1.318359375
625.952 235.032 14.843 668.787
-0.8639646 0.3737692 0.3374341 625.9518 0.3016803 0.9207349 -0.2474594 235.0316 -0.40318 -0.1119989 -0.9082412 14.8432 0 0 0 1
DataSet: 97
-63.6328125 82.08984375 -2.98828125 1.58203125 -0.458117821589303 3.955078125 -68.5546875 -0.3515625
618.929 244.318 100.744 672.989
-0.886993 0.3016858 0.3496127 618.9289 0.2591648 0.9518363 -0.1638333 244.3184 -0.3822002 -0.05471172 -0.9224585 100.7438 0 0 0 1
DataSet: 98
-71.455078125 78.046875 -1.93359375 1.58203125 -1.25921463194384 -1.494140625 -78.75 -0.966796875
632.850 239.686 208.760 708.187
-0.8511433 0.3963408 0.3441933 632.8497 0.3704059 0.9180744 -0.1412051 239.6859 -0.3719604 0.00730545 -0.9282199 208.7603 0 0 0 1
DataSet: 99
21.97265625 -70.927734375 1.58203125 1.58203125 -6.52307425344817 -1.0546875 -131.044921875 -5.009765625
592.251 253.007 355.133 735.455
-0.9125631 0.1659695 0.3737413 592.251 0.2854211 0.9130068 0.2914677 253.0068 -0.2928536 0.3726563 -0.8805476 355.1333 0 0 0 1
DataSet: 100
36.5625 -65.56640625 -7.294921875 1.58203125 6.86761281139233 -2.63671875 -81.826171875 5.2734375
727.808 212.686 78.882 762.340
-0.5486456 0.4161533 0.7251238 727.8083 0.3311132 0.9045537 -0.2686013 212.686 -0.7676927 0.09273117 -0.6340732 78.88218 0 0 0 1
DataSet: 101
-13.095703125 -8.876953125 10.546875 1.58203125 -1.26578957406184 -12.12890625 -99.052734375 -0.966796875
827.854 269.597 243.942 904.175
-0.7576881 0.5198049 0.3946031 827.8537 0.5581407 0.8294815 -0.02096268 269.5967 -0.3382125 0.2043609 -0.9186125 243.9417 0 0 0 1
DataSet: 102
-12.041015625 -4.921875 7.470703125 1.58203125 -0.22917354663259 -5.44921875 -95.361328125 -0.17578125
818.605 272.750 178.011 881.019
-0.8163931 0.4414296 0.3723468 818.6048 0.4537351 0.8891621 -0.05928966 272.7499 -0.3572488 0.1205431 -0.9261979 178.011 0 0 0 1
DataSet: 103
-6.416015625 -4.833984375 8.61328125 1.58203125 -1.2595132419582 -2.98828125 -91.669921875 -0.966796875
818.882 282.758 110.603 873.357
-0.8427533 0.4093468 0.3495742 818.8818 0.4157536 0.9074734 -0.060341 282.7584 -0.3419296 0.09448414 -0.9349636 110.6032 0 0 0 1
DataSet: 104
-5.009765625 -4.921875 8.876953125 1.58203125 3.89190268172703 -1.7578125 -81.2109375 2.98828125
818.476 286.081 68.022 869.697
-0.7786503 0.4028035 0.4810956 818.4763 0.3400187 0.9152749 -0.2160074 286.0811 -0.5273432 -0.004612768 -0.8496398 68.02236 0 0 0 1
DataSet: 105
2.724609375 -5.009765625 8.96484375 1.58203125 -2.5183309111953 1.40625 -66.26953125 -1.93359375
806.125 292.074 11.619 857.485
-0.7183983 0.3467027 0.6030764 806.1255 0.3092057 0.9357464 -0.1696186 292.0744 -0.6231338 0.06462099 -0.7794411 11.61886 0 0 0 1
DataSet: 106
23.994140625 -32.783203125 7.734375 1.58203125 -3.20759812241323 -4.921875 -90.615234375 -2.4609375
807.865 274.382 1.780 853.191
-0.8246074 0.4347268 0.361988 807.8651 0.452317 0.8909761 -0.03963466 274.3817 -0.3397529 0.1310503 -0.9313397 1.779592 0 0 0 1
DataSet: 107
17.75390625 -20.390625 8.876953125 1.58203125 -1.14495293243836 -2.724609375 -79.541015625 -0.87890625
814.331 284.490 -42.457 863.639
-0.8025662 0.4127688 0.4307079 814.331 0.3891157 0.9094622 -0.1465181 284.4897 -0.4521907 0.05000477 -0.8905184 -42.45691 0 0 0 1
DataSet: 108
23.642578125 -22.8515625 8.173828125 1.58203125 -3.20631853534752 -3.603515625 -61.083984375 -2.4609375
810.932 279.116 -93.134 862.664
-0.6624763 0.4296462 0.6136198 810.9315 0.3591796 0.9010455 -0.2431193 279.1158 -0.6573547 0.05933892 -0.7512414 -93.13445 0 0 0 1
DataSet: 109
26.54296875 -22.8515625 9.31640625 1.58203125 -2.40521783995862 -4.21875 -77.958984375 -1.845703125
806.683 283.061 -139.238 866.169
-0.8289444 0.4408258 0.3442729 806.6831 0.416353 0.8973252 -0.1464845 283.0609 -0.3734989 0.02191154 -0.9273718 -139.2379 0 0 0 1
DataSet: 110
30.322265625 -22.8515625 8.61328125 1.58203125 -3.43463132707691 -2.724609375 -69.2578125 -2.63671875
789.057 282.724 -191.449 859.765
-0.8101174 0.420562 0.4084574 789.0566 0.3812707 0.9071892 -0.1778775 282.7242 -0.4453566 0.0116312 -0.8952777 -191.4495 0 0 0 1
DataSet: 111
33.837890625 -22.8515625 10.1953125 1.58203125 -0.91625485489912 -4.04296875 -50.44921875 -0.703125
776.056 287.466 -260.015 867.472
-0.6806242 0.4313888 0.5921608 776.0561 0.2773234 0.8998221 -0.3367668 287.4657 -0.6781169 -0.0649916 -0.7320749 -260.0149 0 0 0 1
DataSet: 112
37.705078125 -22.939453125 6.6796875 1.58203125 -0.916568707072115 -5.09765625 -48.955078125 -0.703125
762.509 269.932 -314.028 867.696
-0.7060585 0.4417893 0.5534471 762.5095 0.2776352 0.8916603 -0.3575759 269.9319 -0.65146 -0.09881308 -0.7522206 -314.0276 0 0 0 1
DataSet: 113
60.556640625 -47.021484375 4.74609375 1.58203125 -1.03092237250148 -4.482421875 -62.40234375 -0.791015625
706.684 262.885 -332.248 823.953
-0.7857158 0.4385387 0.4362735 706.6836 0.3475724 0.8963948 -0.2750815 262.8854 -0.5117071 -0.06449929 -0.8567355 -332.2481 0 0 0 1
DataSet: 114
59.0625 -49.921875 8.96484375 1.58203125 -2.74773290967693 -2.63671875 -57.3046875 -2.109375
710.349 284.635 -277.750 814.100
-0.7070293 0.4174815 0.5708054 710.3494 0.3258645 0.9086842 -0.26097 284.6353 -0.627632 0.001491719 -0.7785088 -277.7497 0 0 0 1
DataSet: 115
56.77734375 -52.20703125 9.052734375 1.58203125 -3.09116037256398 -2.63671875 -66.62109375 -2.373046875
720.827 284.928 -228.560 808.094
-0.7512909 0.416625 0.5118454 720.8274 0.3677119 0.9082724 -0.1995726 284.9282 -0.548042 0.03827457 -0.8355747 -228.5596 0 0 0 1
DataSet: 116
53.4375 -54.140625 9.84375 1.58203125 -4.23574181850369 -2.548828125 -61.34765625 -3.251953125
730.430 288.075 -165.502 802.437
-0.645134 0.4099644 0.6447722 730.4295 0.3612263 0.9072522 -0.2154277 288.0753 -0.6732887 0.09392893 -0.7333891 -165.5018 0 0 0 1
DataSet: 117
57.919921875 -66.357421875 9.4921875 1.58203125 -1.83514666067865 -7.55859375 -85.693359375 -1.40625
730.468 276.517 -102.677 787.774
-0.7619201 0.4765297 0.4386311 730.4679 0.4775607 0.870836 -0.1165355 276.5165 -0.4375083 0.1206822 -0.8910792 -102.6769 0 0 0 1
DataSet: 118
48.8671875 -63.45703125 8.61328125 1.58203125 -1.14553287984365 -4.658203125 -88.06640625 -0.87890625
734.681 279.340 -36.469 786.839
-0.761662 0.4234453 0.4904743 734.6807 0.4356524 0.894967 -0.0961307 279.3398 -0.4796644 0.1404572 -0.8661373 -36.46875 0 0 0 1
DataSet: 119
44.6484375 -63.45703125 7.998046875 1.58203125 -1.60378037107336 -4.74609375 -108.896484375 -1.23046875
735.498 276.231 11.845 785.748
-0.8765314 0.412959 0.2473006 735.4977 0.4420025 0.8939712 0.07381932 276.2306 -0.1905953 0.1740124 -0.9661227 11.8454 0 0 0 1
DataSet: 120
36.73828125 -60.732421875 8.4375 1.58203125 0.572480020505903 -2.724609375 -88.154296875 0.439453125
735.717 282.732 61.649 790.580
-0.698742 0.3833483 0.6039898 735.7166 0.3974169 0.9100411 -0.1178343 282.7316 -0.5948271 0.1577 -0.7882331 61.64915 0 0 0 1
DataSet: 121
23.994140625 -47.63671875 7.470703125 1.58203125 1.25966636020944 3.515625 -98.0859375 0.966796875
738.243 289.350 107.911 800.231
-0.8209695 0.2924291 0.4904022 738.2426 0.3095623 0.9496639 -0.04805892 289.3496 -0.479771 0.1123551 -0.8701701 107.9108 0 0 0 1
DataSet: 122
19.599609375 -47.28515625 7.470703125 1.58203125 2.1750798207308 1.93359375 -98.173828125 1.669921875
737.466 286.817 161.489 807.589
-0.7742109 0.3141528 0.5494593 737.4663 0.3333367 0.9403551 -0.06796189 286.8171 -0.5380374 0.1305382 -0.8327518 161.4888 0 0 0 1
DataSet: 123
19.3359375 -51.6796875 10.810546875 1.58203125 0.343443660239223 -1.93359375 -113.37890625 0.263671875
724.953 294.402 219.538 812.666
-0.8486999 0.3386795 0.4062077 724.9532 0.396632 0.9156553 0.06525671 294.4019 -0.3498451 0.2164983 -0.9114477 219.5379 0 0 0 1
DataSet: 124
0.615234375 -34.716796875 4.833984375 1.58203125 1.94603192444451 1.494140625 -110.126953125 1.494140625
726.864 274.568 286.848 828.251
-0.8323607 0.3042832 0.4632357 726.8637 0.3470177 0.9378285 0.007509095 274.5684 -0.4321508 0.1670013 -0.8862033 286.8478 0 0 0 1
DataSet: 125
-55.986328125 55.72265625 2.28515625 1.58203125 1.60297750775688 -2.900390625 -109.423828125 1.23046875
695.911 255.416 256.779 784.516
-0.9087736 0.4172299 0.007051562 695.9115 0.4172895 0.9086487 0.01506502 255.4157 -0.0001218167 0.01663323 -0.9998617 256.7785 0 0 0 1
DataSet: 126
-58.271484375 66.884765625 12.392578125 1.58203125 4.57975428155127 -3.251953125 -102.919921875 3.515625
681.989 298.110 157.369 760.752
-0.9081372 0.4161955 -0.04547597 681.9892 0.4186522 0.9037941 -0.08880678 298.1102 0.004139925 -0.09968735 -0.9950102 157.3694 0 0 0 1
DataSet: 127
-58.7109375 73.564453125 11.865234375 1.58203125 3.20568668914177 -2.724609375 -70.400390625 2.4609375
668.840 297.274 104.150 739.301
-0.8432609 0.3995065 0.3595909 668.8404 0.3137507 0.9090525 -0.2741971 297.2741 -0.4364305 -0.1183978 -0.8919139 104.1501 0 0 0 1
DataSet: 128
-54.052734375 75.322265625 9.66796875 1.58203125 -3.0907048692547 -1.669921875 -54.66796875 -2.373046875
676.045 289.440 62.323 738.035
-0.7786242 0.3997614 0.4836684 676.0447 0.3086024 0.9150956 -0.2595468 289.4398 -0.5463596 -0.05282817 -0.835883 62.32283 0 0 0 1
DataSet: 129
-52.91015625 79.1015625 9.931640625 1.58203125 -3.09059001314974 -1.318359375 -64.6875 -2.373046875
663.516 291.273 12.505 724.741
-0.8841938 0.388344 0.2595964 663.5164 0.3447715 0.9175122 -0.1982521 291.2726 -0.3151729 -0.08579183 -0.9451486 12.50522 0 0 0 1
DataSet: 130
-52.03125 71.103515625 10.107421875 1.58203125 14.4066615633035 -2.373046875 -67.67578125 11.07421875
669.926 282.078 -6.624 726.920
-0.8751721 0.3335318 0.3504716 669.9262 0.1589776 0.8824221 -0.4427836 282.0779 -0.4569463 -0.3317946 -0.8252953 -6.623801 0 0 0 1
DataSet: 131
-39.375 63.80859375 10.01953125 1.58203125 3.55590472224444 7.822265625 -54.580078125 2.724609375
660.230 305.624 -68.857 730.788
-0.8824419 0.1984051 0.4265344 660.2304 0.1117377 0.9691608 -0.2196408 305.6236 -0.4569583 -0.1461603 -0.8773975 -68.85671 0 0 0 1
DataSet: 132
-40.693359375 74.35546875 10.546875 1.58203125 -1.03055373797736 3.1640625 -49.130859375 -0.791015625
645.302 302.001 -127.465 723.786
-0.8940184 0.2843314 0.3462466 645.3022 0.2062118 0.947234 -0.2454068 302.0006 -0.3977534 -0.1479981 -0.9054771 -127.4648 0 0 0 1
DataSet: 133
-37.6171875 76.2890625 10.72265625 1.58203125 -2.63295475556362 1.93359375 -34.013671875 -2.021484375
635.647 300.374 -174.548 724.388
-0.8192376 0.3037415 0.4864059 635.6467 0.1702052 0.9387737 -0.2995565 300.3741 -0.5476128 -0.1626192 -0.8207772 -174.5477 0 0 0 1
DataSet: 134
68.291015625 -78.310546875 6.767578125 1.58203125 -1.37455598685297 -4.482421875 -94.482421875 -1.0546875
677.680 271.607 -107.030 737.886
-0.8316153 0.4265626 0.3556126 677.6801 0.441695 0.896179 -0.04205713 271.6072 -0.3366325 0.122097 -0.9336867 -107.03 0 0 0 1
DataSet: 135
68.203125 -70.927734375 9.404296875 1.58203125 -2.86170628433204 -1.40625 -86.66015625 -2.197265625
673.293 288.862 -173.780 752.970
-0.8493912 0.3880431 0.3577109 673.2931 0.393985 0.9171928 -0.05944152 288.8622 -0.3511557 0.09044363 -0.9319386 -173.78 0 0 0 1
DataSet: 136
70.6640625 -71.279296875 9.580078125 1.58203125 1.48850973418986 -2.98828125 -74.00390625 1.142578125
671.656 287.144 -223.292 763.828
-0.7615739 0.4188883 0.4945076 671.6563 0.3511182 0.9080377 -0.2284372 287.144 -0.5447212 -0.0003412231 -0.8386171 -223.2915 0 0 0 1
DataSet: 137
73.916015625 -69.78515625 11.337890625 1.58203125 0.458203138596648 -4.5703125 -68.115234375 0.3515625
659.473 291.490 -282.169 774.268
-0.7556158 0.4428715 0.482607 659.4731 0.3575184 0.8962102 -0.2626555 291.4897 -0.5488399 -0.02592577 -0.8355253 -282.1694 0 0 0 1
DataSet: 138
79.013671875 -69.873046875 8.525390625 1.58203125 -2.51994830440327 -4.482421875 -51.767578125 -1.93359375
630.390 278.982 -335.453 766.649
-0.6620386 0.4451913 0.6029175 630.3899 0.31312 0.8951846 -0.3171758 278.9824 -0.6809264 -0.02119713 -0.7320451 -335.4531 0 0 0 1
DataSet: 139
80.33203125 -77.431640625 7.646484375 1.58203125 -1.60267547830254 -1.7578125 -61.69921875 -1.23046875
618.547 280.920 -276.335 733.402
-0.7069866 0.4008665 0.5826457 618.5474 0.3201842 0.9160025 -0.2417057 280.9203 -0.6305965 0.01567124 -0.7759526 -276.3348 0 0 0 1
DataSet: 140
80.244140625 -86.30859375 8.0859375 1.58203125 -0.916187808544249 -3.779296875 -79.27734375 -0.703125
625.828 278.954 -191.995 711.575
-0.7713706 0.4269786 0.4718862 625.8282 0.4016066 0.901815 -0.1595049 278.9543 -0.4936592 0.06647517 -0.8671111 -191.9947 0 0 0 1
DataSet: 141
65.302734375 -80.5078125 6.416015625 1.58203125 -4.93459050148122 8.701171875 -95.361328125 -3.779296875
612.956 289.753 -49.214 679.775
-0.8798273 0.1871156 0.4369116 612.9559 0.2396652 0.9684815 0.06785344 289.7533 -0.4104443 0.1644118 -0.8969416 -49.21366 0 0 0 1
DataSet: 142
-50.185546875 87.451171875 8.173828125 1.58203125 5.03656453229246 2.197265625 -53.349609375 3.8671875
592.151 289.378 -118.280 669.606
-0.9253534 0.2386279 0.2945808 592.1512 0.1426918 0.9391323 -0.3125214 289.3776 -0.3512267 -0.2471585 -0.9030795 -118.2795 0 0 0 1
DataSet: 143
-53.525390625 83.056640625 9.755859375 1.58203125 3.8961265800173 5.80078125 -58.88671875 2.98828125
604.793 301.936 -31.881 676.725
-0.9136527 0.2243274 0.3389927 604.7929 0.1467435 0.9597204 -0.2395893 301.9358 -0.3790847 -0.1691565 -0.9097697 -31.8813 0 0 0 1
DataSet: 144
-51.943359375 78.662109375 14.150390625 1.494140625 -10.7158752911492 14.23828125 -59.501953125 -8.173828125
610.807 323.132 71.410 694.693
-0.9014276 0.2031258 0.3823194 610.8068 0.2432357 0.9681643 0.05911335 323.132 -0.3581405 0.1462801 -0.9221374 71.41047 0 0 0 1
DataSet: 145
-55.634765625 59.150390625 18.28125 1.58203125 16.2960098451159 10.8984375 -84.7265625 12.48046875
625.113 332.878 141.805 722.276
-0.9164648 0.1914629 0.3513321 625.1133 0.06855521 0.9402321 -0.3335623 332.8778 -0.3941985 -0.2816124 -0.8748153 141.8047 0 0 0 1
DataSet: 146
