DataSet_1
0.3212279975414276 0.6425809860229492 0.6956307888031006 -16.72530746459961 
-0.0978589877486229 -0.7081049680709839 0.6992931365966797 -22.93669891357422 
0.9419321417808533 -0.2927062511444092 -0.1645808219909668 -1415.46630859375 
0.0 0.0 0.0 1.0

DataSet_2
0.30720898509025574 0.6611402630805969 0.6844823956489563 -13.793128967285156 
-0.10315874218940735 -0.6918902397155762 0.7145950794219971 -16.28254508972168 
0.94603431224823 -0.2901403605937958 -0.1443524807691574 -1411.5029296875 
0.0 0.0 0.0 1.0

DataSet_3
0.305848091840744 0.6674861907958984 0.6789101958274841 -13.652976989746094 
-0.10344841331243515 -0.6855607032775879 0.7206281423568726 -13.7913818359375 
0.946443498134613 -0.2906349301338196 -0.14062702655792236 -1410.90234375 
0.0 0.0 0.0 1.0

DataSet_3
0.29689663648605347 0.6696745157241821 0.6807263493537903 -11.885543823242188 
-0.1289086639881134 -0.678236722946167 0.7234483361244202 -10.162643432617188 
0.9461685419082642 -0.3025408983230591 -0.11503933370113373 -1408.1046142578125 
0.0 0.0 0.0 1.0

DataSet_3
0.30068397521972656 0.6798296570777893 0.6688951849937439 -12.405799865722656 
-0.13803249597549438 -0.6629462838172913 0.7358323335647583 -4.147125244140625 
0.9436822533607483 -0.31358230113983154 -0.10549873113632202 -1408.24267578125 
0.0 0.0 0.0 1.0

DataSet_3
0.3016241788864136 0.6913158297538757 0.6565860509872437 -12.513816833496094 
-0.14650830626487732 -0.6468728184700012 0.7483921647071838 2.231801986694336 
0.9421030282974243 -0.321928471326828 -0.0938289687037468 -1407.4404296875 
0.0 0.0 0.0 1.0

DataSet_3
0.3009777367115021 0.698968768119812 0.648733377456665 -12.475189208984375 
-0.1582743376493454 -0.634228527545929 0.7567716836929321 7.457372665405273 
0.940405011177063 -0.33044928312301636 -0.08025982230901718 -1406.411865234375 
0.0 0.0 0.0 1.0

DataSet_3
0.3038439154624939 0.7031682729721069 0.6428322196006775 -13.040061950683594 
-0.17529058456420898 -0.6219528317451477 0.7631827592849731 12.744645118713379 
0.9364572167396545 -0.3445708751678467 -0.06571781635284424 -1405.9801025390625 
0.0 0.0 0.0 1.0

DataSet_3
0.30854201316833496 0.7119286060333252 0.6308403015136719 -14.093631744384766 
-0.18585944175720215 -0.6052928566932678 0.7740005254745483 19.0467529296875 
0.9328762292861938 -0.35605931282043457 -0.05443960800766945 -1405.7535400390625 
0.0 0.0 0.0 1.0

DataSet_3
0.3155851364135742 0.728008508682251 0.6086128354072571 -15.784801483154297 
-0.1727430522441864 -0.5865947008132935 0.7912436127662659 25.085525512695312 
0.9330411553382874 -0.35483843088150024 -0.05936216562986374 -1406.3466796875 
0.0 0.0 0.0 1.0

DataSet_3
0.31518077850341797 0.7434787154197693 0.5898308753967285 -16.27703857421875 
-0.1624750941991806 -0.5700601935386658 0.8053776621818542 30.222148895263672 
0.9350203275680542 -0.3496723771095276 -0.058875247836112976 -1405.4783935546875 
0.0 0.0 0.0 1.0

DataSet_3
0.3192213475704193 0.7477788329124451 0.5821722149848938 -17.28710174560547 
-0.16095708310604095 -0.5626066327095032 0.8109048008918762 32.299949645996094 
0.9339114427566528 -0.35256287455558777 -0.05923571437597275 -1405.914794921875 
0.0 0.0 0.0 1.0

DataSet_12.8
0.3164403438568115 0.7603040933609009 0.5672770142555237 -17.380043029785156 
-0.16380660235881805 -0.5452280044555664 0.822127640247345 38.22895431518555 
0.9343622922897339 -0.35307803750038147 -0.04798929765820503 -1403.9818115234375 
0.0 0.0 0.0 1.0

DataSet_12.8
0.32148706912994385 0.7648628354072571 0.5582391023635864 -18.769668579101562 
-0.16594618558883667 -0.5349029898643494 0.8284568190574646 41.71900939941406 
0.9322596192359924 -0.35897576808929443 -0.04503832384943962 -1404.4302978515625 
0.0 0.0 0.0 1.0

DataSet_12.8
0.316973477602005 0.7688129544258118 0.5553867220878601 -18.104782104492188 
-0.17947398126125336 -0.5263808369636536 0.831091046333313 45.29376220703125 
0.9312984943389893 -0.3631112575531006 -0.028866827487945557 -1402.01025390625 
0.0 0.0 0.0 1.0

DataSet_12.8
0.31779545545578003 0.7773001194000244 0.5429645776748657 -18.75375747680664 
-0.1893519014120102 -0.509087085723877 0.8396286368370056 51.13292694091797 
0.9290596842765808 -0.3696415424346924 -0.014602298848330975 -1400.2705078125 
0.0 0.0 0.0 1.0

DataSet_12.8
0.3190929889678955 0.7823662757873535 0.5348669290542603 -19.476463317871094 
-0.1935957372188568 -0.498660147190094 0.8449016213417053 54.57403564453125 
0.9277393817901611 -0.37315014004707336 -0.007656164467334747 -1399.4073486328125 
0.0 0.0 0.0 1.0

DataSet_12.8
0.31869909167289734 0.7925244569778442 0.5199384093284607 -20.273460388183594 
-0.19858276844024658 -0.48054003715515137 0.8541932702064514 60.55298614501953 
0.9268202781677246 -0.37548136711120605 0.004234011750668287 -1397.4188232421875 
0.0 0.0 0.0 1.0

DataSet_12.8
0.31827354431152344 0.8016313910484314 0.5060523748397827 -21.175209045410156 
-0.20547784864902496 -0.4627866744995117 0.8623266816139221 66.41696166992188 
0.9254624247550964 -0.3784383535385132 0.017424777150154114 -1395.514892578125 
0.0 0.0 0.0 1.0

DataSet_12.8
0.317634642124176 0.8032541871070862 0.5038759708404541 -21.17107391357422 
-0.22247542440891266 -0.45342952013015747 0.8630795478820801 69.89453125 
0.9217445254325867 -0.3862439692020416 0.03467937186360359 -1393.269775390625 
0.0 0.0 0.0 1.0

DataSet_20
0.32536938786506653 0.8046126365661621 0.49672266840934753 -22.99051284790039 
-0.22945475578308105 -0.4424229562282562 0.8669558763504028 73.51036071777344 
0.9173251390457153 -0.39605626463890076 0.04067125916481018 -1393.67041015625 
0.0 0.0 0.0 1.0

DataSet_20
0.3351326584815979 0.8023805618286133 0.49383345246315 -24.835723876953125 
-0.24530991911888123 -0.431755393743515 0.867992103099823 78.41520690917969 
0.9096753001213074 -0.4120347797870636 0.052136607468128204 -1394.08447265625 
0.0 0.0 0.0 1.0

DataSet_20
0.3493879735469818 0.7998971343040466 0.48794734477996826 -27.742420196533203 
-0.2556920647621155 -0.4196060001850128 0.8709491491317749 82.43628692626953 
0.9014152884483337 -0.4290634095668793 0.057922039180994034 -1395.419677734375 
0.0 0.0 0.0 1.0

DataSet_20
0.35973024368286133 0.800922155380249 0.4786626100540161 -30.356060028076172 
-0.2664582431316376 -0.403459370136261 0.8753402829170227 87.4384536743164 
0.894200325012207 -0.44242995977401733 0.06827574968338013 -1395.3843994140625 
0.0 0.0 0.0 1.0

DataSet_20
0.3775818645954132 0.7996472120285034 0.4669007658958435 -34.5359992980957 
-0.2726564407348633 -0.38585904240608215 0.8813462257385254 92.57453918457031 
0.8849239349365234 -0.46008381247520447 0.07233557850122452 -1397.1805419921875 
0.0 0.0 0.0 1.0

DataSet_20
0.40681710839271545 0.7811072468757629 0.4736785292625427 -39.67030334472656 
-0.3036668598651886 -0.373405784368515 0.8765583634376526 97.13853454589844 
0.8615604043006897 -0.5004394054412842 0.08528855443000793 -1400.505615234375 
0.0 0.0 0.0 1.0

DataSet_20
0.42333078384399414 0.7730026841163635 0.4725016951560974 -43.01335525512695 
-0.3239533603191376 -0.35790276527404785 0.875762403011322 102.05740356445312 
0.8460763692855835 -0.5238057374954224 0.09890560060739517 -1400.989013671875 
0.0 0.0 0.0 1.0

DataSet_20
0.4178498089313507 0.7950574159622192 0.43964216113090515 -44.27249526977539 
-0.3170807361602783 -0.32586219906806946 0.8906590938568115 110.59111022949219 
0.8513879179954529 -0.511563777923584 0.11593594402074814 -1395.946044921875 
0.0 0.0 0.0 1.0

DataSet_20
0.42071181535720825 0.8000854849815369 0.42762693762779236 -46.007118225097656 
-0.31968003511428833 -0.3103889226913452 0.8952448964118958 114.67903137207031 
0.8490030765533447 -0.513343870639801 0.12518708407878876 -1394.273193359375 
0.0 0.0 0.0 1.0

DataSet_30
0.422518253326416 0.8044686913490295 0.4175025224685669 -47.290992736816406 
-0.32588496804237366 -0.29499220848083496 0.898208498954773 118.84719848632812 
0.8457406759262085 -0.5155673027038574 0.13752470910549164 -1392.0751953125 
0.0 0.0 0.0 1.0

DataSet_30
0.43230968713760376 0.8083455562591553 0.3996070921421051 -50.886436462402344 
-0.31664276123046875 -0.2788514494895935 0.9066306948661804 122.73865509033203 
0.8443019390106201 -0.5184779167175293 0.13540656864643097 -1393.05322265625 
0.0 0.0 0.0 1.0

DataSet_30
0.43375420570373535 0.810975193977356 0.392653226852417 -51.809364318847656 
-0.32860732078552246 -0.26338744163513184 0.9069973826408386 126.96298217773438 
0.8389723300933838 -0.522442638874054 0.15224695205688477 -1390.0330810546875 
0.0 0.0 0.0 1.0

DataSet_30
0.43109577894210815 0.8206607699394226 0.37506309151649475 -53.047569274902344 
-0.32663795351982117 -0.2455422431230545 0.9126974940299988 131.4061279296875 
0.8411088585853577 -0.5159698724746704 0.1622067242860794 -1387.0750732421875 
0.0 0.0 0.0 1.0

DataSet_30
0.4283019006252289 0.8359768390655518 0.3430747389793396 -55.95459747314453 
-0.3015497326850891 -0.22567127645015717 0.9263586401939392 135.59628295898438 
0.8518364429473877 -0.5002152919769287 0.15543310344219208 -1386.3590087890625 
0.0 0.0 0.0 1.0

DataSet_30
0.4300728440284729 0.8430863618850708 0.3228664994239807 -58.5880126953125 
-0.29796692728996277 -0.2050323188304901 0.932296872138977 140.47207641601562 
0.8522047996520996 -0.49715906381607056 0.16303299367427826 -1384.247314453125 
0.0 0.0 0.0 1.0

DataSet_30
0.4315269887447357 0.8492319583892822 0.3042853772640228 -61.08709716796875 
-0.2892586886882782 -0.1892371028661728 0.9383596181869507 144.17845153808594 
0.8544670343399048 -0.4929446876049042 0.16398678719997406 -1383.4503173828125 
0.0 0.0 0.0 1.0

DataSet_30
0.43813058733940125 0.8501458764076233 0.2920507788658142 -63.85007858276367 
-0.29046449065208435 -0.17357240617275238 0.9410116672515869 147.7161865234375 
0.8506891131401062 -0.497116357088089 0.17088976502418518 -1382.4716796875 
0.0 0.0 0.0 1.0

DataSet_30
0.43510499596595764 0.8551400303840637 0.2818140387535095 -64.55680084228516 
-0.2969970703125 -0.1591651886701584 0.9415196180343628 151.33082580566406 
0.8499860763549805 -0.49335777759552 0.1847205013036728 -1379.01708984375 
0.0 0.0 0.0 1.0

DataSet_30
0.4418148994445801 0.8607646822929382 0.2527523636817932 -69.67353820800781 
-0.29708442091941833 -0.12546081840991974 0.94657301902771 158.9182586669922 
0.8464871048927307 -0.49329888820648193 0.20028932392597198 -1375.7188720703125 
0.0 0.0 0.0 1.0

DataSet_30
0.44548317790031433 0.8592835664749146 0.2513492703437805 -70.5807113647461 
-0.31325116753578186 -0.11340013146400452 0.9428754448890686 162.0975341796875 
0.8387004137039185 -0.4987705945968628 0.21865376830101013 -1372.6143798828125 
0.0 0.0 0.0 1.0

DataSet_30
0.4561309516429901 0.8603213429450989 0.22757810354232788 -75.90351867675781 
-0.3084813058376312 -0.0870182067155838 0.9472418427467346 167.85118103027344 
0.8347358107566833 -0.5022699236869812 0.22570134699344635 -1371.654052734375 
0.0 0.0 0.0 1.0

DataSet_30
0.4480838477611542 0.8645971417427063 0.22736011445522308 -74.3846664428711 
-0.3144896924495697 -0.08561976253986359 0.9453917145729065 168.31103515625 
0.8368495106697083 -0.4951171576976776 0.2335420846939087 -1368.9228515625 
0.0 0.0 0.0 1.0

DataSet_30
0.45098865032196045 0.8680979609489441 0.20740103721618652 -77.82762145996094 
-0.31479331851005554 -0.0627327635884285 0.9470848441123962 173.3084716796875 
0.8351732492446899 -0.4924129843711853 0.24497967958450317 -1366.11083984375 
0.0 0.0 0.0 1.0

DataSet_30
0.45877179503440857 0.8697861433029175 0.18166065216064453 -83.0735092163086 
-0.3187793493270874 -0.029721718281507492 0.9473628401756287 180.19284057617188 
0.8294023275375366 -0.49253302812576294 0.2636343538761139 -1361.923583984375 
0.0 0.0 0.0 1.0

DataSet_46
0.4718360900878906 0.866500735282898 0.1629330813884735 -88.61167907714844 
-0.32912078499794006 0.001656707376241684 0.9442864060401917 186.85275268554688 
0.8179548978805542 -0.4991730749607086 0.28596508502960205 -1358.1060791015625 
0.0 0.0 0.0 1.0

DataSet_46
0.4598236680030823 0.8704604506492615 0.17567221820354462 -84.30842590332031 
-0.3147200345993042 -0.025240344926714897 0.9488489031791687 181.34161376953125 
0.8303694725036621 -0.4915907382965088 0.26234522461891174 -1362.2835693359375 
0.0 0.0 0.0 1.0

DataSet_46
0.45179077982902527 0.8721984624862671 0.18749664723873138 -80.98788452148438 
-0.3034389615058899 -0.047402311116456985 0.9516710638999939 176.6820068359375 
0.8389337658882141 -0.48684999346733093 0.24324306845664978 -1365.7261962890625 
0.0 0.0 0.0 1.0

DataSet_46
0.46055689454078674 0.8620869517326355 0.21140827238559723 -79.2188720703125 
-0.31076228618621826 -0.06649551540613174 0.9481588006019592 172.883056640625 
0.8314530253410339 -0.5023788213729858 0.23727914690971375 -1369.221923828125 
0.0 0.0 0.0 1.0

DataSet_46
0.45606812834739685 0.8631196022033691 0.21685606241226196 -77.47984313964844 
-0.3034992218017578 -0.07822039723396301 0.9496155977249146 170.19598388671875 
0.8365944027900696 -0.4989050328731537 0.2262822687625885 -1370.966796875 
0.0 0.0 0.0 1.0

DataSet_46
0.4431573152542114 0.8687614798545837 0.22105459868907928 -74.41575622558594 
-0.2926098704338074 -0.09289932250976562 0.9517086148262024 166.70538330078125 
0.8473435640335083 -0.48643940687179565 0.21303914487361908 -1372.0958251953125 
0.0 0.0 0.0 1.0

DataSet_46
0.4355352222919464 0.8686726093292236 0.23604434728622437 -70.8260498046875 
-0.2900613248348236 -0.11280392110347748 0.9503366351127625 162.30352783203125 
0.8521581292152405 -0.4823724329471588 0.2028382271528244 -1373.825439453125 
0.0 0.0 0.0 1.0

DataSet_46
0.42399993538856506 0.8724638819694519 0.2429627776145935 -67.70594787597656 
-0.2799399495124817 -0.1288793981075287 0.951327383518219 158.230712890625 
0.8613116145133972 -0.47137776017189026 0.1895926296710968 -1374.9510498046875 
0.0 0.0 0.0 1.0

DataSet_46
0.4148280620574951 0.8739359378814697 0.25328585505485535 -64.5364990234375 
-0.26737460494041443 -0.14899776875972748 0.9520034193992615 153.14999389648438 
0.8697290420532227 -0.4626399278640747 0.17185978591442108 -1377.3900146484375 
0.0 0.0 0.0 1.0

DataSet_46
0.4085627794265747 0.8742592334747314 0.2621968388557434 -62.13734436035156 
-0.2661002278327942 -0.16069383919239044 0.9504567980766296 150.34817504882812 
0.8730790615081787 -0.4580918848514557 0.1669870764017105 -1377.744873046875 
0.0 0.0 0.0 1.0

DataSet_46
0.4005863666534424 0.8709291815757751 0.2846277356147766 -57.579856872558594 
-0.271534264087677 -0.18384578824043274 0.9447062611579895 145.161376953125 
0.8750998377799988 -0.4557226300239563 0.16284099221229553 -1378.2537841796875 
0.0 0.0 0.0 1.0

DataSet_35
0.39604219794273376 0.8708813786506653 0.29106032848358154 -55.977596282958984 
-0.26529237627983093 -0.19493858516216278 0.9442557096481323 142.24606323242188 
0.8790736794471741 -0.45118117332458496 0.15383432805538177 -1379.4327392578125 
0.0 0.0 0.0 1.0

DataSet_35
0.3914417624473572 0.8689433932304382 0.30283766984939575 -53.775001525878906 
-0.2601732015609741 -0.21116188168525696 0.9421892166137695 138.1845703125 
0.8826569318771362 -0.44760245084762573 0.14341822266578674 -1381.20458984375 
0.0 0.0 0.0 1.0

DataSet_35
0.3838767111301422 0.8714232444763184 0.30538514256477356 -52.012962341308594 
-0.24102240800857544 -0.22469735145568848 0.9441500306129456 134.12771606445312 
0.8913735747337341 -0.436041921377182 0.12377645820379257 -1383.3651123046875 
0.0 0.0 0.0 1.0

DataSet_35
0.37896332144737244 0.8699254989624023 0.31562066078186035 -49.96281433105469 
-0.23271164298057556 -0.2405165731906891 0.9423359036445618 129.94931030273438 
0.8956740498542786 -0.430559366941452 0.11129485815763474 -1385.172607421875 
0.0 0.0 0.0 1.0

DataSet_35
0.3745480179786682 0.869207501411438 0.3227880895137787 -48.2781982421875 
-0.22261624038219452 -0.2536452114582062 0.9413321018218994 126.21858215332031 
0.9000865817070007 -0.4244319498538971 0.09849738329648972 -1386.9774169921875 
0.0 0.0 0.0 1.0

DataSet_30
0.3687222898006439 0.8689601421356201 0.33007901906967163 -46.33085632324219 
-0.2078094631433487 -0.2690518796443939 0.9404394030570984 121.5166015625 
0.9060127139091492 -0.41535452008247375 0.0813727155327797 -1388.9522705078125 
0.0 0.0 0.0 1.0

DataSet_30
0.36049261689186096 0.8690879940986633 0.3387198746204376 -43.894412994384766 
-0.19374805688858032 -0.2854483127593994 0.9386058449745178 116.64929962158203 
0.9124180674552917 -0.4039868414402008 0.06548209488391876 -1390.2230224609375 
0.0 0.0 0.0 1.0

DataSet_30
0.35045546293258667 0.871448814868927 0.3431588411331177 -41.69586944580078 
-0.1812448650598526 -0.29636669158935547 0.9377190470695496 113.06150817871094 
0.9188750386238098 -0.3908245265483856 0.05408227816224098 -1390.56640625 
0.0 0.0 0.0 1.0

DataSet_30
0.342631995677948 0.8713107705116272 0.3513130843639374 -39.440330505371094 
-0.16756194829940796 -0.3112747073173523 0.9354309439659119 108.47328186035156 
0.9244059324264526 -0.37937527894973755 0.03934586048126221 -1391.65673828125 
0.0 0.0 0.0 1.0

DataSet_30
0.346538782119751 0.8635814785957336 0.36624830961227417 -38.47937774658203 
-0.16896234452724457 -0.32659029960632324 0.9299411177635193 104.53338623046875 
0.9226930737495422 -0.38414284586906433 0.03273657336831093 -1393.677490234375 
0.0 0.0 0.0 1.0

DataSet_30
0.34025838971138 0.8609741926193237 0.3780841827392578 -36.16741943359375 
-0.15651297569274902 -0.3446120321750641 0.9256058931350708 98.84028625488281 
0.9272150993347168 -0.3741202652454376 0.017496496438980103 -1395.12548828125 
0.0 0.0 0.0 1.0

DataSet_30
0.34343448281288147 0.850409746170044 0.39856743812561035 -34.59178161621094 
-0.16709625720977783 -0.36228087544441223 0.916968584060669 94.72938537597656 
0.9241924285888672 -0.38151776790618896 0.017680540680885315 -1396.15087890625 
0.0 0.0 0.0 1.0

DataSet_30
0.3346191346645355 0.8449016809463501 0.4173382520675659 -31.24993896484375 
-0.16860707104206085 -0.38204261660575867 0.9086336493492126 87.95881652832031 
0.9271470308303833 -0.3744123876094818 0.014617613516747952 -1395.50244140625 
0.0 0.0 0.0 1.0

DataSet_30
0.3330199420452118 0.8424867391586304 0.4234545826911926 -30.315616607666016 
-0.15327449142932892 -0.39474818110466003 0.9059143662452698 83.4423828125 
0.9303787350654602 -0.3665923476219177 -0.002327307825908065 -1397.3662109375 
0.0 0.0 0.0 1.0

DataSet_30
0.3153650462627411 0.8431118130683899 0.43555405735969543 -26.336654663085938 
-0.13940556347370148 -0.41283613443374634 0.9000735878944397 77.48399353027344 
0.9386751651763916 -0.3445703685283661 -0.01265962328761816 -1395.98974609375 
0.0 0.0 0.0 1.0

DataSet_30
0.3121355473995209 0.8370220065116882 0.4494057893753052 -24.58197021484375 
-0.13569375872612 -0.4289112687110901 0.8930970430374146 72.55279541015625 
0.9402970671653748 -0.33974891901016235 -0.020299799740314484 -1396.7081298828125 
0.0 0.0 0.0 1.0

DataSet_30
0.3013136088848114 0.836356520652771 0.4579497277736664 -22.134105682373047 
-0.12092554569244385 -0.4428755044937134 0.8883908987045288 67.59620666503906 
0.9458261728286743 -0.32306209206581116 -0.03230753540992737 -1396.390869140625 
0.0 0.0 0.0 1.0

DataSet_30
0.30662718415260315 0.8217251896858215 0.48036184906959534 -21.05870819091797 
-0.1433015614748001 -0.4590659439563751 0.8767685890197754 64.35066223144531 
0.9409805536270142 -0.33767765760421753 -0.023007577285170555 -1396.984375 
0.0 0.0 0.0 1.0

DataSet_17
0.3093324899673462 0.8085402250289917 0.5005757808685303 -20.025047302246094 
-0.1513308882713318 -0.4778313934803009 0.8653184771537781 59.29308319091797 
0.9388356804847717 -0.34342366456985474 -0.025451667606830597 -1398.26220703125 
0.0 0.0 0.0 1.0

DataSet_17
0.3046380579471588 0.8051926493644714 0.5087833404541016 -18.77130126953125 
-0.1398949921131134 -0.4905548691749573 0.8601077795028687 54.552799224853516 
0.9421385526657104 -0.33319777250289917 -0.036799270659685135 -1398.8203125 
0.0 0.0 0.0 1.0

DataSet_17
0.30253636837005615 0.7978275418281555 0.5214815735816956 -17.508014678955078 
-0.1382140964269638 -0.5046157240867615 0.8522087931632996 50.12261199951172 
0.9430634379386902 -0.32990023493766785 -0.04239359498023987 -1399.247314453125 
0.0 0.0 0.0 1.0

DataSet_17
0.3002714514732361 0.7933675050735474 0.5295328497886658 -16.65435028076172 
-0.12456782907247543 -0.517780601978302 0.8463959097862244 45.175537109375 
0.9456848502159119 -0.3201112449169159 -0.0566466748714447 -1400.317626953125 
0.0 0.0 0.0 1.0

DataSet_17
0.29923146963119507 0.7841448187828064 0.5436703562736511 -15.728050231933594 
-0.12223821878433228 -0.5335795879364014 0.8368695378303528 39.82263946533203 
0.9463183283805847 -0.31687501072883606 -0.06381134688854218 -1401.2242431640625 
0.0 0.0 0.0 1.0

DataSet_17
0.29660680890083313 0.7771864533424377 0.5549825429916382 -14.730987548828125 
-0.11630115658044815 -0.547412633895874 0.8287420868873596 34.91191482543945 
0.9478915333747864 -0.31035563349723816 -0.0719786211848259 -1401.6888427734375 
0.0 0.0 0.0 1.0

DataSet_17
0.29395580291748047 0.767834484577179 0.5692276954650879 -13.59027099609375 
-0.11335289478302002 -0.5633317828178406 0.8184182643890381 29.603492736816406 
0.9490737915039062 -0.3051023781299591 -0.07855840027332306 -1402.012939453125 
0.0 0.0 0.0 1.0

DataSet_17
0.29860249161720276 0.7556494474411011 0.5829497575759888 -13.717971801757812 
-0.11695930361747742 -0.5772386193275452 0.8081560134887695 25.064472198486328 
0.9471837282180786 -0.30949878692626953 -0.08398465067148209 -1403.6466064453125 
0.0 0.0 0.0 1.0

DataSet_17
0.29570862650871277 0.7464874386787415 0.5960813760757446 -12.82107162475586 
-0.11209274083375931 -0.5925618410110474 0.7976877093315125 19.61532974243164 
0.9486789107322693 -0.3026995360851288 -0.09154985845088959 -1403.953369140625 
0.0 0.0 0.0 1.0

DataSet_17
0.29492074251174927 0.7398651242256165 0.6046662926673889 -12.456138610839844 
-0.09455154091119766 -0.6071102619171143 0.7889721989631653 13.434431076049805 
0.9508321285247803 -0.2898564338684082 -0.10909399390220642 -1405.0738525390625 
0.0 0.0 0.0 1.0

DataSet_17
0.29741090536117554 0.731042206287384 0.6141042709350586 -12.586372375488281 
-0.09044736623764038 -0.6187437176704407 0.7803688049316406 9.045052528381348 
0.9504557251930237 -0.28763431310653687 -0.1179002895951271 -1406.1986083984375 
0.0 0.0 0.0 1.0

DataSet_17
0.29494744539260864 0.7235034108161926 0.6241384148597717 -11.964584350585938 
-0.08392905443906784 -0.6310555934906006 0.771183967590332 4.292280673980713 
0.9518203139305115 -0.2798420786857605 -0.12540526688098907 -1406.2763671875 
0.0 0.0 0.0 1.0

DataSet_5
0.3021208941936493 0.7117334604263306 0.6341596245765686 -12.953079223632812 
-0.07823347300291061 -0.6444905400276184 0.7605994343757629 -1.0589351654052734 
0.9500539898872375 -0.27940547466278076 -0.13903266191482544 -1408.50927734375 
0.0 0.0 0.0 1.0

DataSet_5
0.2981438934803009 0.7040703892707825 0.6445115208625793 -12.152252197265625 
-0.06739404052495956 -0.6580076217651367 0.7499893307685852 -6.645359039306641 
0.9521387219429016 -0.2670409381389618 -0.1487308144569397 -1408.17236328125 
0.0 0.0 0.0 1.0

DataSet_5
0.29333290457725525 0.6949630379676819 0.656492292881012 -11.248199462890625 
-0.06521689146757126 -0.6705538034439087 0.7389886975288391 -11.250463485717773 
0.9537832736968994 -0.25958409905433655 -0.15137216448783875 -1407.3043212890625 
0.0 0.0 0.0 1.0

DataSet_5
0.28961580991744995 0.6851775646209717 0.6683220267295837 -10.547584533691406 
-0.06226038932800293 -0.6832820177078247 0.7274952530860901 -16.320960998535156 
0.9551158547401428 -0.2523041069507599 -0.1552298367023468 -1406.576171875 
0.0 0.0 0.0 1.0

DataSet_5
0.28585273027420044 0.6794663071632385 0.6757320165634155 -9.912490844726562 
-0.04950615391135216 -0.6937429904937744 0.7185192108154297 -21.57261085510254 
0.9569939374923706 -0.23884357511997223 -0.16467055678367615 -1406.0186767578125 
0.0 0.0 0.0 1.0

DataSet_5
0.28291913866996765 0.6706399917602539 0.6857103705406189 -9.518020629882812 
-0.04151126369833946 -0.705687940120697 0.7073057293891907 -26.78328514099121 
0.958245038986206 -0.22857502102851868 -0.171813502907753 -1405.461181640625 
0.0 0.0 0.0 1.0

DataSet_5
0.2795003652572632 0.6627625823020935 0.6947124004364014 -9.003303527832031 
-0.031398504972457886 -0.7168528437614441 0.6965171694755554 -32.016841888427734 
0.9596320390701294 -0.2164897322654724 -0.1795508861541748 -1404.6383056640625 
0.0 0.0 0.0 1.0

DataSet_5
0.28174835443496704 0.649643063545227 0.7061032056808472 -9.57773208618164 
-0.028693435713648796 -0.729882538318634 0.6829701066017151 -37.50634765625 
0.9590591788291931 -0.21268624067306519 -0.18700270354747772 -1405.3046875 
0.0 0.0 0.0 1.0

DataSet_5
0.28614261746406555 0.6410307884216309 0.7121810913085938 -10.542469024658203 
-0.014462738297879696 -0.74028480052948 0.6721377968788147 -42.979000091552734 
0.9580779075622559 -0.20262736082077026 -0.20255598425865173 -1406.1492919921875 
0.0 0.0 0.0 1.0

DataSet_5
0.2919027507305145 0.6316879987716675 0.7181664705276489 -11.80615234375 
-0.002500205999240279 -0.7503617405891418 0.6610226631164551 -48.058074951171875 
0.9564447402954102 -0.1947498768568039 -0.21745331585407257 -1407.2587890625 
0.0 0.0 0.0 1.0

DataSet_5
0.2910039722919464 0.6227899193763733 0.7262572050094604 -11.973701477050781 
0.003996789455413818 -0.7598947882652283 0.6500337719917297 -52.59980010986328 
0.9567135572433472 -0.1862597018480301 -0.22362157702445984 -1406.94921875 
0.0 0.0 0.0 1.0

DataSet_5
0.2967349886894226 0.6087557077407837 0.7357749342918396 -13.381752014160156 
0.003666758071631193 -0.771198034286499 0.6365847587585449 -57.51481246948242 
0.9549527764320374 -0.18619903922080994 -0.23107361793518066 -1407.9910888671875 
0.0 0.0 0.0 1.0

DataSet_5
0.2967395484447479 0.6018021702766418 0.7414714097976685 -13.728385925292969 
0.011870890855789185 -0.7787081599235535 0.6272739768028259 -61.48393630981445 
0.9548846483230591 -0.17733508348464966 -0.23821744322776794 -1407.7474365234375 
0.0 0.0 0.0 1.0

DataSet_5
0.3044426739215851 0.5916062593460083 0.7465364336967468 -15.431129455566406 
0.024288594722747803 -0.788306713104248 0.6148028373718262 -66.85185241699219 
0.9522209167480469 -0.16903994977474213 -0.2543635070323944 -1408.8212890625 
0.0 0.0 0.0 1.0

DataSet_5
0.31202375888824463 0.5815035104751587 0.7513287663459778 -17.231037139892578 
0.03332626819610596 -0.797022819519043 0.6030290126800537 -71.68059539794922 
0.9494896531105042 -0.16312040388584137 -0.26806938648223877 -1410.0220947265625 
0.0 0.0 0.0 1.0

DataSet_5
0.3176582455635071 0.5781484246253967 0.7515568137168884 -18.363685607910156 
0.0521979033946991 -0.8020702004432678 0.5949443578720093 -76.01222229003906 
0.9467674493789673 -0.14975924789905548 -0.28496235609054565 -1410.35791015625 
0.0 0.0 0.0 1.0

DataSet_5
0.3197912871837616 0.5725066661834717 0.7549633383750916 -19.064788818359375 
0.0608120821416378 -0.8075642585754395 0.5866360664367676 -79.42889404296875 
0.9455344080924988 -0.141690194606781 -0.2930673360824585 -1410.243896484375 
0.0 0.0 0.0 1.0

DataSet_5
0.3207383453845978 0.5648784637451172 0.7602888941764832 -19.640235900878906 
0.07119815051555634 -0.8148048520088196 0.5753467679023743 -84.01846313476562 
0.9444881081581116 -0.13040459156036377 -0.3015574514865875 -1409.488037109375 
0.0 0.0 0.0 1.0

DataSet_5
0.3230745792388916 0.5501227378845215 0.7700570225715637 -20.93514633178711 
0.07794403284788132 -0.8263955116271973 0.5576694011688232 -90.32595825195312 
0.9431582689285278 -0.1201474517583847 -0.30986618995666504 -1408.967529296875 
0.0 0.0 0.0 1.0

DataSet_5
0.3221087157726288 0.5397498607635498 0.7777635455131531 -21.38482666015625 
0.08250818401575089 -0.834429144859314 0.5449039936065674 -94.60906982421875 
0.9431004524230957 -0.11134650558233261 -0.3133106827735901 -1407.711181640625 
0.0 0.0 0.0 1.0

DataSet_5
0.3267578184604645 0.5221326351165771 0.7877860069274902 -23.462066650390625 
0.08175425231456757 -0.846031665802002 0.5268269777297974 -100.57933044433594 
0.9415654540061951 -0.10773999989032745 -0.31913402676582336 -1408.235107421875 
0.0 0.0 0.0 1.0

DataSet_5
0.33768990635871887 0.5112015604972839 0.790340781211853 -26.043380737304688 
0.08729259669780731 -0.8530548214912415 0.5144681930541992 -104.76154327392578 
0.9372009634971619 -0.10473981499671936 -0.33269211649894714 -1409.5849609375 
0.0 0.0 0.0 1.0

DataSet_5
0.3402433693408966 0.4958568811416626 0.7989745140075684 -27.73480224609375 
0.0839870274066925 -0.8622968792915344 0.4993898868560791 -109.22775268554688 
0.936579167842865 -0.10281060636043549 -0.33503633737564087 -1409.66259765625 
0.0 0.0 0.0 1.0

DataSet_18
0.3480244278907776 0.4848042130470276 0.8023988008499146 -29.985553741455078 
0.0941300243139267 -0.8696507215499878 0.484610378742218 -114.38493347167969 
0.9327478408813477 -0.09312641620635986 -0.34829431772232056 -1409.8406982421875 
0.0 0.0 0.0 1.0

DataSet_18
0.36350566148757935 0.4760887622833252 0.8007516264915466 -33.497047424316406 
0.10184290260076523 -0.8747085928916931 0.47382789850234985 -118.19088745117188 
0.9260084629058838 -0.09068825095891953 -0.366447776556015 -1412.1373291015625 
0.0 0.0 0.0 1.0

DataSet_18
0.36978936195373535 0.47588658332824707 0.7979898452758789 -34.582664489746094 
0.12762586772441864 -0.8767459392547607 0.46371132135391235 -122.83683776855469 
0.9203083515167236 -0.06963136047124863 -0.3849467635154724 -1410.72802734375 
0.0 0.0 0.0 1.0

DataSet_18
0.3683575391769409 0.4633238911628723 0.8060047030448914 -35.343772888183594 
0.1357269585132599 -0.8844781517982483 0.4464040696620941 -128.27056884765625 
0.9197232127189636 -0.05503971502184868 -0.38868972659111023 -1408.379150390625 
0.0 0.0 0.0 1.0

DataSet_18
0.37137168645858765 0.4503186047077179 0.8119705319404602 -37.10650634765625 
0.13661475479602814 -0.8914957046508789 0.43193960189819336 -132.321044921875 
0.9183787107467651 -0.04948297142982483 -0.39259645342826843 -1407.9957275390625 
0.0 0.0 0.0 1.0

DataSet_18
0.3774372339248657 0.4378315806388855 0.815993070602417 -39.4010009765625 
0.14180751144886017 -0.8981027603149414 0.41629558801651 -137.2684326171875 
0.9151129722595215 -0.041411519050598145 -0.40106523036956787 -1407.656494140625 
0.0 0.0 0.0 1.0

DataSet_18
0.37468016147613525 0.43419861793518066 0.8191986083984375 -39.251731872558594 
0.15622034668922424 -0.900495171546936 0.4058369994163513 -140.34130859375 
0.913898229598999 -0.024083586409687996 -0.40522831678390503 -1404.9857177734375 
0.0 0.0 0.0 1.0

DataSet_18
0.37155282497406006 0.41697555780410767 0.8295058012008667 -40.309722900390625 
0.1559322476387024 -0.9088029861450195 0.38699132204055786 -145.94070434570312 
0.9152233004570007 -0.01444101333618164 -0.40268823504447937 -1402.4720458984375 
0.0 0.0 0.0 1.0

DataSet_18
0.37266305088996887 0.39909741282463074 0.8377609848976135 -42.42864990234375 
0.15171462297439575 -0.9168481826782227 0.3692858815193176 -151.10739135742188 
0.9154806733131409 -0.010518594644963741 -0.4022243618965149 -1401.6297607421875 
0.0 0.0 0.0 1.0

DataSet_18
0.3810056149959564 0.37898680567741394 0.8433289527893066 -46.13340759277344 
0.1435530036687851 -0.9253154397010803 0.35097554326057434 -155.52633666992188 
0.9133604168891907 -0.012661218643188477 -0.4069550931453705 -1402.7735595703125 
0.0 0.0 0.0 1.0

DataSet_18
0.38414624333381653 0.383363276720047 0.8399192094802856 -46.16838073730469 
0.15252543985843658 -0.9235708713531494 0.35178515315055847 -155.8047332763672 
0.910586416721344 -0.0070278942584991455 -0.41325893998146057 -1402.4554443359375 
0.0 0.0 0.0 1.0

DataSet_18
0.3709438741207123 0.37967392802238464 0.8474953770637512 -44.20800018310547 
0.16666525602340698 -0.925005316734314 0.3414496183395386 -158.78665161132812 
0.9135772585868835 0.014589384198188782 -0.406403511762619 -1397.175048828125 
0.0 0.0 0.0 1.0

DataSet_18
0.37972480058670044 0.37291190028190613 0.8466084003448486 -46.371543884277344 
0.18523205816745758 -0.9272700548171997 0.32536038756370544 -164.10491943359375 
0.9063653945922852 0.033271610736846924 -0.42118266224861145 -1395.6029052734375 
0.0 0.0 0.0 1.0

DataSet_30
0.37962156534194946 0.36998167634010315 0.8479392528533936 -46.65092468261719 
0.20781196653842926 -0.9272302985191345 0.3115415573120117 -169.14422607421875 
0.9014996886253357 0.05794404447078705 -0.42888322472572327 -1391.6156005859375 
0.0 0.0 0.0 1.0

DataSet_30
0.3683004379272461 0.35415130853652954 0.8596113324165344 -46.532958984375 
0.206248939037323 -0.9326894879341125 0.2958914339542389 -173.1483154296875 
0.9065407514572144 0.0683169811964035 -0.416553258895874 -1387.680908203125 
0.0 0.0 0.0 1.0

DataSet_30
0.3836863338947296 0.3479264974594116 0.8554133176803589 -50.00736999511719 
0.2185850590467453 -0.9342036247253418 0.2819293141365051 -177.22088623046875 
0.8972209095954895 0.07880814373493195 -0.43449270725250244 -1388.2230224609375 
0.0 0.0 0.0 1.0

DataSet_30
0.39169740676879883 0.33895790576934814 0.8553833365440369 -52.678749084472656 
0.22610355913639069 -0.9366219639778137 0.267612487077713 -180.97216796875 
0.891880214214325 0.0885821208357811 -0.4435119926929474 -1387.305908203125 
0.0 0.0 0.0 1.0

DataSet_30
0.3958892524242401 0.34266042709350586 0.8519715070724487 -52.914756774902344 
0.25697585940361023 -0.9320440292358398 0.25545525550842285 -185.23497009277344 
0.881609320640564 0.11780412495136261 -0.4570416808128357 -1382.9669189453125 
0.0 0.0 0.0 1.0

DataSet_30
0.41630372405052185 0.32374200224876404 0.8496366143226624 -59.02946472167969 
0.2563948929309845 -0.938338041305542 0.23191241919994354 -190.8252716064453 
0.8723261952400208 0.1212964802980423 -0.4736393988132477 -1384.72705078125 
0.0 0.0 0.0 1.0

DataSet_30
0.41819366812705994 0.31954288482666016 0.8502978086471558 -59.84892272949219 
0.2657516300678253 -0.938165009021759 0.22186146676540375 -193.82415771484375 
0.8686138987541199 0.1331869661808014 -0.4772537052631378 -1382.6937255859375 
0.0 0.0 0.0 1.0

DataSet_30
0.4160335063934326 0.3038801848888397 0.8570722937583923 -61.48878479003906 
0.2661627233028412 -0.9419276714324951 0.20476746559143066 -197.52935791015625 
0.8695248365402222 0.14293058216571808 -0.4727550446987152 -1379.9818115234375 
0.0 0.0 0.0 1.0

DataSet_30
0.4160676896572113 0.28859102725982666 0.8623241782188416 -63.494667053222656 
0.26595038175582886 -0.9454582333564758 0.18809333443641663 -201.88148498535156 
0.8695735335350037 0.15107588469982147 -0.4701255261898041 -1377.9970703125 
0.0 0.0 0.0 1.0

DataSet_30
0.44338542222976685 0.28430020809173584 0.8500486612319946 -69.3114242553711 
0.2795255184173584 -0.9449267983436584 0.17023184895515442 -206.46548461914062 
0.851630687713623 0.16213198006153107 -0.498435914516449 -1379.578125 
0.0 0.0 0.0 1.0

DataSet_40
0.43620750308036804 0.2484525442123413 0.8648666143417358 -72.91732788085938 
0.2556988000869751 -0.9557309150695801 0.14559012651443481 -211.0360107421875 
0.8627520203590393 0.1576378494501114 -0.48042604327201843 -1378.0224609375 
0.0 0.0 0.0 1.0

DataSet_40
0.4464755356311798 0.23244860768318176 0.8640759587287903 -77.24772644042969 
0.2523914873600006 -0.9591726660728455 0.12761810421943665 -214.47433471679688 
0.8584626913070679 0.16110706329345703 -0.4869151711463928 -1378.2625732421875 
0.0 0.0 0.0 1.0

DataSet_40
0.4552672207355499 0.2233806848526001 0.8618775010108948 -80.27301025390625 
0.2590698003768921 -0.9593662619590759 0.11180000007152557 -218.32012939453125 
0.8518301844596863 0.17238755524158478 -0.49463918805122375 -1376.9329833984375 
0.0 0.0 0.0 1.0

DataSet_40
0.47535377740859985 0.19146817922592163 0.8587075471878052 -89.15887451171875 
0.2685513496398926 -0.9610276222229004 0.06562104821205139 -228.4693603515625 
0.837805986404419 0.19941383600234985 -0.5082471370697021 -1372.9208984375 
0.0 0.0 0.0 1.0

DataSet_40
0.4618700444698334 0.19475235044956207 0.8653020262718201 -86.02626037597656 
0.2507065236568451 -0.9644765257835388 0.08325445652008057 -224.08541870117188 
0.8507775068283081 0.17848411202430725 -0.49428850412368774 -1375.775146484375 
0.0 0.0 0.0 1.0

DataSet_40
0.4734434187412262 0.14816057682037354 0.8682740330696106 -95.85289764404297 
0.23066966235637665 -0.9722047448158264 0.04011795297265053 -232.09768676757812 
0.8500840067863464 0.1812909096479416 -0.4944600760936737 -1375.194580078125 
0.0 0.0 0.0 1.0

DataSet_40
0.46236342191696167 0.16604523360729218 0.8710046410560608 -91.81785583496094 
0.26350897550582886 -0.9636607766151428 0.04382796958088875 -232.275390625 
0.8466304540634155 0.20925307273864746 -0.489315927028656 -1367.570068359375 
0.0 0.0 0.0 1.0

DataSet_40
0.4657363295555115 0.1534162014722824 0.8715234398841858 -97.04820251464844 
0.29215767979621887 -0.9562922120094299 0.01221113745123148 -238.66542053222656 
0.8353044390678406 0.24893510341644287 -0.4902017414569855 -1357.3001708984375 
0.0 0.0 0.0 1.0

DataSet_40
0.46794867515563965 0.13544604182243347 0.873314619064331 -101.01483154296875 
0.29021474719047546 -0.9569352865219116 -0.0070908148773014545 -242.17579650878906 
0.8347451686859131 0.2567669153213501 -0.48710504174232483 -1354.790283203125 
0.0 0.0 0.0 1.0

DataSet_50
0.47135958075523376 0.13032874464988708 0.8722583651542664 -104.33978271484375 
0.2889651358127594 -0.957249641418457 -0.013126098550856113 -243.42616271972656 
0.8332582712173462 0.25823935866355896 -0.48886924982070923 -1353.5863037109375 
0.0 0.0 0.0 1.0

DataSet_50
0.4706219732761383 0.13625086843967438 0.8717514872550964 -104.91624450683594 
0.28946197032928467 -0.957166314125061 -0.006667510140687227 -242.10836791992188 
0.8335027098655701 0.25547677278518677 -0.48990291357040405 -1353.3896484375 
0.0 0.0 0.0 1.0

DataSet_50
0.4818270802497864 0.15680764615535736 0.8621218204498291 -105.43814849853516 
0.27525386214256287 -0.9611425399780273 0.020982816815376282 -236.47743225097656 
0.8319122195243835 0.22719228267669678 -0.5062664151191711 -1361.035400390625 
0.0 0.0 0.0 1.0

DataSet_50
0.4700031876564026 0.17457421123981476 0.8652287721633911 -105.99575805664062 
0.2865534722805023 -0.9573301672935486 0.03749772161245346 -234.2379150390625 
0.8348557353019714 0.23031027615070343 -0.4999730885028839 -1356.14453125 
0.0 0.0 0.0 1.0

DataSet_50
0.4646253287792206 0.18830455839633942 0.8652541041374207 -106.13375091552734 
0.2822819948196411 -0.9576466083526611 0.056831683963537216 -229.73670959472656 
0.8393093347549438 0.21784023940563202 -0.4981018602848053 -1356.6597900390625 
0.0 0.0 0.0 1.0

DataSet_50
0.456927090883255 0.1959727555513382 0.8676475286483765 -104.97271728515625 
0.2753211259841919 -0.9586864709854126 0.07154371589422226 -226.3319854736328 
0.8458226323127747 0.20619143545627594 -0.49200528860092163 -1357.592529296875 
0.0 0.0 0.0 1.0

DataSet_50
0.4465309977531433 0.20604188740253448 0.8707219958305359 -101.56512451171875 
0.265128493309021 -0.9598925113677979 0.09117718040943146 -221.62139892578125 
0.8545858263969421 0.1901397854089737 -0.48324933648109436 -1359.9464111328125 
0.0 0.0 0.0 1.0

DataSet_42
0.4370918571949005 0.20839083194732666 0.8749423027038574 -99.41231536865234 
0.247441366314888 -0.9631115794181824 0.1057773008942604 -218.95590209960938 
0.8647100925445557 0.17026251554489136 -0.4725327491760254 -1362.7664794921875 
0.0 0.0 0.0 1.0

DataSet_42
0.4360639154911041 0.2216382771730423 0.8721953630447388 -97.21641540527344 
0.2443322241306305 -0.9619495868682861 0.12228955328464508 -215.2987060546875 
0.8661120533943176 0.1597793698310852 -0.4736248850822449 -1365.2484130859375 
0.0 0.0 0.0 1.0

DataSet_42
0.4468560516834259 0.2393845021724701 0.861983060836792 -99.77650451660156 
0.2425464540719986 -0.9598636031150818 0.14083005487918854 -211.10345458984375 
0.8610987067222595 0.14614015817642212 -0.48698270320892334 -1368.255859375 
0.0 0.0 0.0 1.0

DataSet_42
0.4452948570251465 0.2381591647863388 0.8631296157836914 -101.7103271484375 
0.2214292585849762 -0.9633255004882812 0.15156875550746918 -207.7591552734375 
0.8675722479820251 0.12362935394048691 -0.48169928789138794 -1371.63818359375 
0.0 0.0 0.0 1.0

DataSet_42
