-0.00949885 -0.1191118 0.9928354 663.3462 0.006941812 0.9928484 0.1191798 322.9265 -0.9999308 0.008024148 -0.008604067 8.039751 0 0 0 1
-0.003291792 -0.1010551 0.9948754 669.7635 0.03284307 0.9943331 0.1011087 323.4541 -0.9994551 0.03300759 4.582304E-05 16.91887 0 0 0 1
-0.0002167538 -0.0991284 0.9950746 670.402 0.04105952 0.9942346 0.09905366 323.0322 -0.9991567 0.04087875 0.00385466 19.71543 0 0 0 1
-0.01082289 -0.08764686 0.9960928 674.4826 0.0555239 0.9945616 0.08811542 323.1484 -0.9983987 0.05626062 -0.00589754 25.18214 0 0 0 1
-0.009220759 -0.08654088 0.9962056 674.9219 0.07758236 0.9931831 0.0869964 323.0454 -0.9969433 0.07809015 -0.002443857 32.94121 0 0 0 1
-0.007588391 -0.08391055 0.9964444 675.8567 0.09952709 0.9914618 0.08424892 322.4336 -0.9950059 0.09981252 0.0008277738 40.66134 0 0 0 1
-0.01206598 -0.07995563 0.9967254 677.2623 0.1168806 0.9898521 0.08081918 321.8615 -0.9930727 0.117473 -0.002598279 46.93787 0 0 0 1
-0.02112533 -0.07905611 0.9966463 677.582 0.1339616 0.9876556 0.08118246 321.0809 -0.9907613 0.1352273 -0.01027407 53.24775 0 0 0 1
-0.02249659 -0.07948707 0.996582 677.4288 0.15561 0.9844068 0.08202868 319.9263 -0.9875624 0.1569235 -0.009776814 60.95859 0 0 0 1
-0.0009399562 -0.08307466 0.9965429 676.1537 0.1772306 0.9807535 0.08192559 318.6279 -0.9841689 0.1766949 0.0138015 67.98533 0 0 0 1
0.01755399 -0.08228351 0.9964544 676.4349 0.1943567 0.9778784 0.0773257 317.6061 -0.9807738 0.1923102 0.03315802 73.53503 0 0 0 1
0.02381282 -0.084548 0.9961348 675.6301 0.2106452 0.9744719 0.07767381 316.3954 -0.9772725 0.2079814 0.04101456 79.10455 0 0 0 1
0.03168222 -0.07908479 0.9963643 677.5718 0.2282977 0.9710847 0.06981889 315.1916 -0.9730757 0.2252557 0.04882099 85.24384 0 0 0 1
0.03334616 -0.08298055 0.9959931 676.1872 0.2423073 0.9674875 0.0724931 313.9131 -0.9696263 0.238919 0.05236879 90.09978 0 0 0 1
0.02745527 -0.07466397 0.9968307 679.0967 0.2547188 0.9648113 0.06525006 312.5752 -0.9666253 0.25212 0.04550747 94.79059 0 0 0 1
0.02773828 -0.07063901 0.9971162 680.5272 0.2736192 0.9599402 0.06039366 310.844 -0.9614381 0.2711549 0.04595528 101.5556 0 0 0 1
0.02794383 -0.06843571 0.9972641 681.3102 0.2868265 0.9562503 0.05758419 309.5326 -0.9575749 0.2844326 0.04635047 106.2745 0 0 0 1
0.0344082 -0.06432398 0.9973357 682.7715 0.3077198 0.9501272 0.05066286 307.3564 -0.9508547 0.3051567 0.05248594 113.6398 0 0 0 1
0.03630549 -0.06021938 0.9975247 684.2303 0.3281719 0.9435447 0.04501667 305.017 -0.9439201 0.3257253 0.05401817 120.9499 0 0 0 1
0.02581811 -0.0535345 0.9982322 686.6061 0.3384079 0.9400768 0.04166314 303.7845 -0.9406453 0.336734 0.0423875 124.8624 0 0 0 1
0.02297419 -0.05899321 0.997994 684.6661 0.3517164 0.9349175 0.047168 301.9509 -0.9358246 0.3499272 0.04222785 129.5512 0 0 0 1
0.00174804 -0.05996073 0.9981992 684.3223 0.3618037 0.9306146 0.05526741 300.4217 -0.9322526 0.3610556 0.02332077 133.5063 0 0 0 1
-0.007203265 -0.06848097 0.9976264 681.2941 0.3745701 0.9248331 0.0661887 298.3669 -0.9271706 0.3741578 0.01898911 138.1628 0 0 0 1
-0.01448359 -0.07366943 0.9971775 679.4502 0.3925619 0.9167894 0.07343231 295.5082 -0.9196116 0.3925174 0.01564141 144.6878 0 0 0 1
-0.02022606 -0.08649628 0.9960468 674.8915 0.4106719 0.9076081 0.08715554 292.2451 -0.9115588 0.4108113 0.01716426 151.1895 0 0 0 1
-0.05956242 -0.1055904 0.9926243 668.1055 0.4212358 0.8988579 0.1208922 289.1353 -0.9049932 0.4253295 -0.009059695 156.3492 0 0 0 1
-0.08191743 -0.113829 0.9901174 665.1775 0.4360131 0.8892491 0.1383062 285.7204 -0.8962043 0.4430339 -0.02321406 162.6414 0 0 0 1
-0.05536371 -0.1017608 0.9932671 669.5127 0.467578 0.8763283 0.1158427 281.5152 -0.8822163 0.4708433 -0.0009356904 172.5257 0 0 0 1
-0.0503636 -0.1025017 0.9934571 669.2032 0.4837146 0.8677624 0.1140549 278.084 -0.8737755 0.4862939 0.005877909 178.016 0 0 0 1
-0.05145067 -0.09868015 0.9937882 670.5613 0.4989479 0.8594715 0.1111746 275.1374 -0.8651034 0.5015685 0.005015867 183.4446 0 0 0 1
-0.03884855 -0.108662 0.9933194 667.0138 0.514021 0.8502862 0.1131184 271.873 -0.8568975 0.5149814 0.02282215 188.2115 0 0 0 1
-0.04453201 -0.1034205 0.9936403 668.8766 0.5266793 0.8427437 0.111319 269.1924 -0.8488968 0.5282871 0.01694037 192.9404 0 0 0 1
-0.03185396 -0.09810055 0.9946666 670.7673 0.5428091 0.8339257 0.09963056 266.0584 -0.8392518 0.5430877 0.02668604 198.2005 0 0 0 1
0.003671294 -0.1020141 0.9947762 669.3765 0.5592701 0.8248675 0.08252601 262.8392 -0.8289774 0.5560455 0.06008178 202.8057 0 0 0 1
0.01648992 -0.1026459 0.9945813 669.1519 0.5779893 0.812656 0.07428733 258.4992 -0.8158777 0.5736323 0.07272884 209.056 0 0 0 1
0.0291359 -0.1050532 0.9940397 668.2964 0.5917057 0.8033187 0.06755393 255.1807 -0.8056274 0.5862107 0.08556597 213.5264 0 0 0 1
0.03104101 -0.1090687 0.9935494 666.8693 0.6030593 0.794758 0.06840489 252.1382 -0.7970922 0.5970458 0.09044498 217.3772 0 0 0 1
0.03468604 -0.1007524 0.9943067 669.8249 0.6165286 0.7851892 0.05805529 248.7375 -0.7865681 0.6110048 0.08935184 222.3382 0 0 0 1
0.04479012 -0.1041019 0.9935576 668.6345 0.6414535 0.7654459 0.05128397 241.7207 -0.7658533 0.635024 0.1010609 230.8746 0 0 0 1
0.03314241 -0.0974091 0.9946924 671.0131 0.6521338 0.7562953 0.05233453 238.4686 -0.7573791 0.6469381 0.08858921 235.1089 0 0 0 1
0.03995701 -0.1056707 0.9935981 668.0769 0.6704735 0.7401264 0.0517509 232.7222 -0.7408568 0.6641133 0.1004227 241.213 0 0 0 1
0.04169025 -0.09485892 0.9946173 671.9194 0.6725934 0.738804 0.04226909 232.2522 -0.7388369 0.6672109 0.09460241 242.3139 0 0 0 1
0.05010533 -0.09552611 0.9941651 671.6823 0.6898683 0.7231022 0.0347116 226.6718 -0.7221988 0.6841037 0.1021317 248.3176 0 0 0 1
0.05577332 -0.09441465 0.9939694 672.0773 0.7118247 0.7018486 0.02672513 219.1182 -0.7001392 0.7060414 0.1063511 256.1142 0 0 0 1
0.04930928 -0.09784862 0.993979 670.8569 0.734328 0.678117 0.03032622 210.684 -0.6770014 0.7284113 0.1052905 264.0645 0 0 0 1
0.05993747 -0.09848058 0.9933323 670.6334 0.7134948 0.7001643 0.0263633 218.5196 -0.6980921 0.7071574 0.1122315 257.2038 0 0 0 1
0.06523126 -0.09928363 0.9929187 670.348 0.6974323 0.7161863 0.02579384 224.2139 -0.7136757 0.690811 0.1159614 251.3943 0 0 0 1
0.04327187 -0.10447 0.9935862 668.5047 0.6845741 0.7274476 0.04667303 228.2161 -0.7276578 0.6781638 0.1029955 246.8994 0 0 0 1
0.04739244 -0.104956 0.993347 668.332 0.6749235 0.7364764 0.04561484 231.425 -0.7363642 0.6682714 0.1057407 243.3837 0 0 0 1
0.06062155 -0.1024728 0.9928869 669.2145 0.6638135 0.7470037 0.03656626 235.1663 -0.7454372 0.656875 0.1133074 239.3334 0 0 0 1
0.06002543 -0.100142 0.9931609 670.0429 0.6490348 0.7598394 0.03738892 239.7282 -0.758387 0.6423517 0.1106053 234.1718 0 0 0 1
0.07018135 -0.09622563 0.9928823 671.4348 0.6356874 0.7713703 0.02982448 243.8262 -0.7687498 0.6290696 0.1153052 229.4514 0 0 0 1
0.08019623 -0.0955178 0.992192 671.6863 0.6193447 0.7847055 0.0254832 248.5656 -0.7810126 0.6124652 0.1220889 223.5502 0 0 0 1
0.08018965 -0.09199455 0.9925254 672.9374 0.6099358 0.7920831 0.02413721 251.1876 -0.7883831 0.6034412 0.1196276 219.6501 0 0 0 1
0.0701488 -0.08315775 0.9940643 676.0791 0.5900021 0.8069871 0.02587287 256.4844 -0.8043486 0.584685 0.1056724 213.6771 0 0 0 1
0.0743861 -0.08362362 0.9937171 675.9135 0.5807106 0.8137259 0.02500701 258.8794 -0.8107045 0.575202 0.109091 210.3068 0 0 0 1
0.0738909 -0.08433044 0.9936944 675.6623 0.5664386 0.8236357 0.02777807 262.4014 -0.8207847 0.5608143 0.1086272 205.1934 0 0 0 1
0.08857137 -0.08665291 0.9922935 674.8369 0.5509457 0.8342053 0.02367073 266.1578 -0.8298277 0.5446033 0.1216278 199.432 0 0 0 1
0.08969127 -0.08577215 0.9922694 675.15 0.5377988 0.8427249 0.02423381 269.1857 -0.8382887 0.5314677 0.1217132 194.7637 0 0 0 1
0.09535081 -0.08795042 0.9915508 674.422 0.5250091 0.8507302 0.02497304 272.4176 -0.8457385 0.5181919 0.1272926 190.0464 0 0 0 1
0.1054938 -0.08877554 0.9904494 674.0825 0.5086769 0.8606513 0.02296184 275.5567 -0.85447 0.5013964 0.1359514 184.0763 0 0 0 1
0.1141429 -0.08808554 0.9895516 674.3278 0.4918845 0.8704133 0.02074245 279.0261 -0.863146 0.4843775 0.1426794 178.0278 0 0 0 1
0.1260146 -0.08409871 0.9884573 675.7447 0.4795457 0.8774128 0.01351551 281.5138 -0.8684217 0.4723073 0.150896 173.738 0 0 0 1
0.1332037 -0.08333989 0.9875785 676.0143 0.4640515 0.8857248 0.01215378 284.4678 -0.8757356 0.4566683 0.1566559 168.18 0 0 0 1
0.1222165 -0.08555496 0.9888091 675.2271 0.4503403 0.8925964 0.02156841 286.91 -0.8844528 0.4426646 0.1476189 163.203 0 0 0 1
0.1278113 -0.08651178 0.9880182 674.8871 0.4313181 0.9019022 0.02317554 290.2173 -0.8931007 0.4231881 0.1525874 156.2811 0 0 0 1
0.1093351 -0.08560036 0.9903123 675.211 0.4182375 0.9077636 0.03228967 292.3004 -0.9017335 0.4106554 0.1350517 151.827 0 0 0 1
0.10912 -0.08130468 0.9906979 676.7366 0.3997942 0.9160756 0.03114539 295.2545 -0.9100865 0.3926767 0.1324673 144.7444 0 0 0 1
0.1178768 -0.08509421 0.9893756 675.3898 0.3862171 0.9218078 0.03326792 297.2917 -0.914845 0.3781923 0.1415246 139.5966 0 0 0 1
0.1282678 -0.07237452 0.9890952 679.9104 0.3643514 0.9310275 0.02087576 300.5684 -0.9223857 0.3577006 0.1457906 132.3139 0 0 0 1
0.1234118 -0.07169086 0.9897626 680.1534 0.3475888 0.9373255 0.02455247 302.8067 -0.9294899 0.3410003 0.140596 126.3786 0 0 0 1
0.1338021 -0.06642897 0.9887791 682.0234 0.3302503 0.9437079 0.01871133 305.075 -0.9343617 0.324041 0.1482082 120.3513 0 0 0 1
0.1017057 -0.06547087 0.9926578 682.4102 0.3181147 0.9475805 0.0299044 306.8382 -0.942581 0.3127376 0.1172016 116.3349 0 0 0 1
0.08161175 -0.06633105 0.9944545 682.1044 0.3006009 0.9529566 0.03889373 308.7489 -0.9502519 0.2957598 0.09771164 110.301 0 0 0 1
0.08746101 -0.06566815 0.9940012 682.34 0.283681 0.9581519 0.03833903 310.5953 -0.9549218 0.2786261 0.1024297 104.2117 0 0 0 1
0.08267663 -0.06491328 0.99446 682.6083 0.2681408 0.9625265 0.04053635 312.1501 -0.9598255 0.2633039 0.09698435 98.76618 0 0 0 1
0.08854137 -0.06578813 0.9938976 682.2974 0.2512554 0.9670253 0.04162632 313.7489 -0.9638627 0.2460364 0.1021514 92.62932 0 0 0 1
0.08373293 -0.06819572 0.9941519 681.4417 0.2340339 0.9710965 0.04690257 315.1958 -0.968616 0.2287379 0.09727285 86.48143 0 0 0 1
0.08201701 -0.0675508 0.994339 681.671 0.2164397 0.975096 0.04839071 316.6172 -0.9728448 0.2112456 0.09459513 80.26466 0 0 0 1
0.0757389 -0.06690969 0.9948803 681.8988 0.1985321 0.9787815 0.050713 317.9271 -0.9771636 0.1936747 0.08741555 74.01995 0 0 0 1
0.06335317 -0.07218642 0.9953771 680.0234 0.1848049 0.9809797 0.05937994 318.7083 -0.9807311 0.1801887 0.07548858 69.22702 0 0 0 1
0.06013471 -0.071651 0.9956154 680.2137 0.1649231 0.9844254 0.06088442 319.9329 -0.9844715 0.1605388 0.07101505 62.24344 0 0 0 1
0.06757051 -0.07580204 0.9948308 678.7385 0.1442059 0.9873815 0.06543975 320.9835 -0.987238 0.1390387 0.07764898 54.60232 0 0 0 1
0.06439366 -0.07955557 0.9947484 677.4044 0.1306036 0.9889153 0.07063463 321.5286 -0.9893413 0.1253693 0.07407012 49.74421 0 0 0 1
0.06276849 -0.08035611 0.9947879 677.1199 0.1147354 0.9907258 0.07278848 322.1721 -0.9914111 0.1095686 0.07140606 44.12865 0 0 0 1
0.06108845 -0.0873642 0.9943016 674.6293 0.09754337 0.9919164 0.0811617 322.5952 -0.9933547 0.0920295 0.06911643 37.89525 0 0 0 1
0.06254004 -0.08684234 0.9942571 674.8147 0.07770826 0.9936067 0.08189758 323.1959 -0.9950126 0.07214011 0.06888857 30.82656 0 0 0 1
0.05642424 -0.08306787 0.9949452 676.1562 0.06084482 0.9949667 0.07961909 323.6793 -0.9965512 0.05604481 0.06119449 25.1063 0 0 0 1
0.05182837 -0.08081991 0.9953803 676.9089 0.04427404 0.9959258 0.07855891 323.6333 -0.9976741 0.03999793 0.05519544 19.40238 0 0 0 1
0.05792907 -0.07867285 0.995216 677.6719 0.02654579 0.9966589 0.07724175 323.8938 -0.9979677 0.02194425 0.05982396 12.98611 0 0 0 1
0.05792618 -0.07805313 0.9952649 677.8922 0.008495055 0.9969413 0.07769018 323.9942 -0.9982847 0.003954534 0.05841207 6.59256 0 0 0 1
0.05795153 -0.07580502 0.9954372 678.6912 -0.007735965 0.9970489 0.07637813 324.0324 -0.9982894 -0.0121269 0.05719408 0.8772198 0 0 0 1
0.05183625 -0.07986801 0.9954568 677.2472 -0.02777464 0.9962959 0.08138165 323.7648 -0.9982693 -0.03186697 0.04942594 -6.138402 0 0 0 1
0.05793471 -0.085355 0.9946648 675.2971 -0.04465429 0.9951195 0.08799493 323.3467 -0.9973212 -0.04951401 0.05384049 -12.41016 0 0 0 1
0.06096721 -0.09226386 0.9938664 672.8417 -0.05958092 0.9936067 0.09589466 322.8091 -0.9963599 -0.0650619 0.05508027 -17.93588 0 0 0 1
0.05950506 -0.09316771 0.9938707 672.5205 -0.07756613 0.9921931 0.09765448 322.3066 -0.9952099 -0.08290163 0.05181385 -24.27612 0 0 0 1
0.05190486 -0.098545 0.993778 670.6094 -0.0936996 0.990249 0.103089 321.6157 -0.9942466 -0.09846742 0.04216511 -29.8082 0 0 0 1
0.05198248 -0.1009698 0.9935305 669.7476 -0.1113428 0.9880868 0.1062421 320.8473 -0.9924216 -0.1161451 0.04012094 -36.09087 0 0 0 1
0.05811662 -0.1079629 0.9924548 667.2623 -0.1277954 0.9851514 0.114652 319.804 -0.9900963 -0.1334943 0.0434565 -42.25676 0 0 0 1
0.0611743 -0.1163715 0.99132 664.2739 -0.1423625 0.9820087 0.1240637 318.6871 -0.9879224 -0.1487163 0.04350675 -47.66667 0 0 0 1
0.07344184 -0.1204053 0.9900045 662.8402 -0.1600603 0.9783939 0.130867 317.4024 -0.9843714 -0.1680715 0.05258294 -54.54549 0 0 0 1
0.07657286 -0.1226174 0.9894956 662.0541 -0.1731429 0.9756964 0.1343062 316.4437 -0.9819155 -0.1816083 0.05348153 -59.35649 0 0 0 1
0.08127131 -0.1234044 0.9890229 661.7744 -0.1880893 0.9725769 0.1368083 315.3351 -0.9787836 -0.1971432 0.05583156 -64.87758 0 0 0 1
0.07840834 -0.1275225 0.9887316 660.3108 -0.2094659 0.9675382 0.1414001 313.5443 -0.9746672 -0.2181925 0.04915146 -72.35848 0 0 0 1
0.07562168 -0.1253587 0.9892252 661.0798 -0.2276182 0.9637026 0.1395248 312.1812 -0.9708096 -0.2357168 0.04434288 -78.58662 0 0 0 1
0.0696721 -0.1339261 0.9885391 658.035 -0.2468548 0.9578132 0.1471617 310.088 -0.9665446 -0.2542787 0.03367256 -85.18354 0 0 0 1
0.07123952 -0.1438036 0.9870387 654.5245 -0.2609335 0.9524069 0.1575908 308.1666 -0.9627246 -0.2687782 0.03032584 -90.33665 0 0 0 1
0.06080575 -0.1476022 0.9871759 653.1744 -0.2775554 0.9475001 0.1587661 306.4228 -0.9587834 -0.2836499 0.01664565 -95.62206 0 0 0 1
0.06550086 -0.1545194 0.9858161 650.7161 -0.2932628 0.9413275 0.1670315 304.229 -0.9537854 -0.3000439 0.01634295 -101.4485 0 0 0 1
0.07296744 -0.1703068 0.9826858 645.1053 -0.3035633 0.9347691 0.184543 301.8982 -0.9500132 -0.311773 0.01650882 -105.617 0 0 0 1
0.09436909 -0.1696402 0.9809774 645.3422 -0.3165577 0.9291192 0.1911249 299.8902 -0.9438674 -0.3285722 0.03397924 -111.5874 0 0 0 1
0.09179346 -0.1676415 0.9815652 646.0525 -0.3379323 0.9219843 0.1890683 297.3544 -0.9366834 -0.3490579 0.02798063 -118.868 0 0 0 1
0.08744784 -0.1729124 0.9810475 644.1792 -0.3530297 0.915525 0.1928319 295.0588 -0.9315165 -0.3632016 0.01901748 -123.8947 0 0 0 1
0.08913168 -0.1781735 0.9799539 642.3094 -0.3668696 0.908824 0.1986094 292.6773 -0.9259925 -0.3772177 0.01563856 -128.8761 0 0 0 1
0.0910466 -0.1743727 0.9804615 643.6602 -0.3816275 0.9032782 0.1960841 290.7063 -0.9198211 -0.3920239 0.01569501 -134.1382 0 0 0 1
0.08402022 -0.170743 0.9817268 644.9503 -0.4016331 0.8958365 0.1901783 288.0615 -0.9119383 -0.4102728 0.006692346 -140.6238 0 0 0 1
0.07829054 -0.1729682 0.9818109 644.1594 -0.4169443 0.8888849 0.1898447 285.5909 -0.905554 -0.4242235 -0.002526833 -145.5819 0 0 0 1
0.06791133 -0.1843262 0.9805161 640.1227 -0.4339974 0.8794709 0.1953899 282.2452 -0.8983509 -0.4388107 -0.02027107 -150.7662 0 0 0 1
0.07847914 -0.1844141 0.9797104 640.0915 -0.4336389 0.8785847 0.2001153 281.9302 -0.8976627 -0.4405454 -0.01101857 -151.3827 0 0 0 1
0.07766017 -0.1700214 0.9823755 645.2067 -0.4494124 0.8735923 0.1867217 280.1559 -0.8899423 -0.4559926 -0.008566396 -156.8727 0 0 0 1
0.09463242 -0.1708021 0.9807504 644.9292 -0.4618155 0.8652207 0.1952426 277.1807 -0.8819133 -0.471402 0.002998857 -162.3492 0 0 0 1
0.1104048 -0.1610738 0.9807477 648.3867 -0.4771822 0.8570172 0.1944702 274.2651 -0.8718417 -0.4894658 0.01775731 -168.769 0 0 0 1
0.0973949 -0.152581 0.9834802 651.405 -0.4926794 0.8512109 0.1808507 272.2016 -0.8647435 -0.5021544 0.007730064 -173.2785 0 0 0 1
0.1096436 -0.1639379 0.9803584 647.3688 -0.5042709 0.8407759 0.1969943 268.493 -0.8565566 -0.5159653 0.009516588 -178.187 0 0 0 1
0.1159814 -0.1676273 0.9790043 646.0576 -0.5159633 0.8320646 0.2035935 265.397 -0.8487227 -0.5287433 0.01001455 -182.7283 0 0 0 1
0.1423042 -0.1578544 0.9771548 649.5308 -0.5283172 0.8227069 0.2098436 262.0713 -0.8370367 -0.5461093 0.03367745 -188.9001 0 0 0 1
0.1437172 -0.1799077 0.9731283 641.6931 -0.5427913 0.8078966 0.2295229 256.8077 -0.8274799 -0.5611919 0.01845633 -194.2605 0 0 0 1
0.1502201 -0.1759359 0.9728723 643.1047 -0.5531552 0.8006414 0.2302014 254.2292 -0.8194225 -0.5727302 0.02295262 -198.3612 0 0 0 1
0.1403137 -0.1751328 0.9744951 643.3901 -0.5699582 0.7905135 0.2241343 250.6297 -0.8096047 -0.5868706 0.01110147 -203.3867 0 0 0 1
0.1378832 -0.1743193 0.9749877 643.6792 -0.584803 0.7801527 0.2221876 246.9475 -0.7993708 -0.6008117 0.005627567 -208.3413 0 0 0 1
0.1616101 -0.1931015 0.9677778 637.004 -0.5903737 0.7669104 0.2516093 242.2412 -0.7907851 -0.6120132 0.00993844 -212.3224 0 0 0 1
0.1263888 -0.1984375 0.9719303 635.1076 -0.615353 0.7528055 0.233719 237.2283 -0.778053 -0.6276197 -0.02696293 -217.8689 0 0 0 1
0.1218808 -0.2108943 0.9698808 630.6804 -0.6241305 0.7435128 0.2401039 233.9257 -0.7717553 -0.6345962 -0.04100566 -220.3484 0 0 0 1
0.129825 -0.2146163 0.9680316 629.3577 -0.6366628 0.7304068 0.2473183 229.2678 -0.7601354 -0.6484179 -0.04181319 -225.2606 0 0 0 1
0.1383684 -0.2283335 0.9637002 624.4357 -0.6691239 0.695833 0.2609397 216.5935 -0.7301557 -0.6809407 -0.05650211 -236.8201 0 0 0 1
0.1183437 -0.2275083 0.9665582 624.7291 -0.6572859 0.7116714 0.24799 222.2225 -0.7442917 -0.6646531 -0.06531619 -231.0314 0 0 0 1
0.09820255 -0.2497378 0.963321 616.8287 -0.6889536 0.6814572 0.2468986 211.4843 -0.7181219 -0.6879296 -0.1051369 -239.3039 0 0 0 1
0.114063 -0.2230246 0.9681165 626.1786 -0.6899673 0.6833454 0.2387136 210.9954 -0.714797 -0.6951971 -0.07593528 -241.8895 0 0 0 1
0.126115 -0.2137789 0.9687072 629.0546 -0.7136444 0.6587363 0.2382817 199.1594 -0.6890622 -0.7213634 -0.06948555 -251.1965 0 0 0 1
0.1191406 -0.2172824 0.9688106 627.7556 -0.7255662 0.6470227 0.23434 194.6105 -0.6777604 -0.7308556 -0.08056606 -254.571 0 0 0 1
0.1193217 -0.2205269 0.9680548 626.2665 -0.7304416 0.6408932 0.2360318 190.1185 -0.6724711 -0.7352713 -0.08460958 -256.1465 0 0 0 1
0.120525 -0.2202778 0.9679625 626.059 -0.7249669 0.6465756 0.2374089 190.2126 -0.6781569 -0.7303545 -0.0817656 -254.4046 0 0 0 1
0.1276387 -0.2356342 0.9634236 620.2904 -0.699044 0.6677136 0.2559219 195.8018 -0.7035949 -0.706141 -0.07949258 -245.8048 0 0 0 1
0.1353103 -0.2157365 0.9670309 626.1208 -0.6894817 0.6804236 0.2482715 193.4165 -0.7115519 -0.7003438 -0.05667801 -243.7673 0 0 0 1
0.1317979 -0.2136358 0.9679819 626.0958 -0.6780947 0.6928521 0.2452416 194.0146 -0.7230607 -0.6887058 -0.05354885 -239.6454 0 0 0 1
0.1248928 -0.2104172 0.9696012 626.833 -0.6661794 0.7064207 0.2391128 196.9319 -0.7352597 -0.6757917 -0.05194876 -234.3765 0 0 0 1
0.1138327 -0.2081723 0.9714455 627.6309 -0.6532192 0.7210524 0.2310586 202.132 -0.7485631 -0.6608689 -0.05390284 -229.0729 0 0 0 1
0.1002696 -0.2055425 0.9734979 628.5643 -0.6432305 0.7330752 0.2210324 206.4049 -0.7590787 -0.6483464 -0.0587061 -225.3092 0 0 0 1
0.104143 -0.206392 0.9729114 628.2624 -0.6288385 0.7442124 0.2251887 210.3631 -0.7705299 -0.6352559 -0.05228279 -220.6568 0 0 0 1
0.1151702 -0.214656 0.9698756 624.5546 -0.6101801 0.7551658 0.2395931 210.835 -0.7838469 -0.6193928 -0.04400619 -215.0332 0 0 0 1
0.09947586 -0.2245376 0.9693748 620.594 -0.6007004 0.7631015 0.2384013 211.7596 -0.7932613 -0.606019 -0.05896968 -210.2885 0 0 0 1
0.09012305 -0.2224358 0.970773 619.9081 -0.590642 0.7728856 0.2319264 209.571 -0.8018852 -0.5942813 -0.06172514 -206.1432 0 0 0 1
0.07929276 -0.2172529 0.9728894 620.6168 -0.5793547 0.7841672 0.2223287 209.4472 -0.8112095 -0.5812771 -0.06368771 -201.5424 0 0 0 1
0.08598053 -0.2177325 0.9722139 620.4463 -0.5568288 0.7986895 0.2281156 214.6084 -0.8261653 -0.5609702 -0.052568 -194.3253 0 0 0 1
0.07832529 -0.2143391 0.9736138 621.6523 -0.5507333 0.8047627 0.2214723 216.7668 -0.8309982 -0.5535484 -0.05501042 -191.6876 0 0 0 1
0.06583077 -0.2135354 0.9747148 620.9589 -0.537115 0.8156575 0.2149659 217.2717 -0.8409362 -0.5376853 -0.06099772 -186.0679 0 0 0 1
0.03999321 -0.2144645 0.9759126 620.6287 -0.5309272 0.8228461 0.2025845 219.8265 -0.8464732 -0.5262406 -0.0809568 -182.0005 0 0 0 1
0.01698572 -0.2151394 0.9764356 619.9387 -0.5187421 0.8329648 0.1925522 221.9306 -0.854762 -0.5097889 -0.09745338 -176.1618 0 0 0 1
0.006040104 -0.2143887 0.9767298 620.2056 -0.505602 0.8420454 0.1879527 225.1579 -0.8627457 -0.4949718 -0.1033093 -170.8958 0 0 0 1
0.007140737 -0.2137139 0.9768702 620.2169 -0.4916711 0.8499044 0.1895311 227.2059 -0.8707517 -0.4816522 -0.09900801 -166.1663 0 0 0 1
0.00522284 -0.2114475 0.9773754 621.0224 -0.4764881 0.8587719 0.1883347 230.3574 -0.8791654 -0.4666913 -0.09626696 -160.8492 0 0 0 1
0.01823044 -0.2120838 0.9770814 620.7963 -0.4563474 0.8677502 0.1968671 233.5483 -0.8896149 -0.4494776 -0.08096443 -154.7314 0 0 0 1
0.01337342 -0.2113863 0.9773111 621.0441 -0.4431539 0.8749124 0.1953022 236.0938 -0.8963458 -0.4357111 -0.08197612 -149.8388 0 0 0 1
0.01148169 -0.2105941 0.9775062 621.3257 -0.4274487 0.8827158 0.1951932 238.8671 -0.9039667 -0.4200749 -0.07988312 -144.2817 0 0 0 1
0.01263525 -0.2037027 0.9789512 623.7749 -0.409407 0.892151 0.1909253 242.2204 -0.9122643 -0.4032019 -0.07212479 -138.285 0 0 0 1
0.01241007 -0.2016624 0.9793765 624.5 -0.3986035 0.8972674 0.1898063 244.0388 -0.9170394 -0.3927384 -0.0692482 -134.5663 0 0 0 1
-0.007552083 -0.2052622 0.9786779 623.2206 -0.3839894 0.9042666 0.1866926 246.5263 -0.9233066 -0.374392 -0.08564761 -128.046 0 0 0 1
-0.01839346 -0.2029398 0.9790184 624.046 -0.3694412 0.911266 0.1819545 249.0139 -0.9290721 -0.358343 -0.09173565 -122.3422 0 0 0 1
-0.02019836 -0.1976045 0.9800737 625.9422 -0.3530907 0.9185166 0.1779164 251.5907 -0.935371 -0.3424613 -0.08832483 -116.6978 0 0 0 1
-0.01742642 -0.1954521 0.9805584 626.7072 -0.3395067 0.9235954 0.1780641 253.3957 -0.9404422 -0.3298031 -0.08245226 -112.1991 0 0 0 1
-0.02975777 -0.1839803 0.9824794 630.7842 -0.3229396 0.9319713 0.1647407 256.3725 -0.9459516 -0.3123792 -0.0871479 -106.0066 0 0 0 1
-0.03155023 -0.1831325 0.9825819 631.0856 -0.3061826 0.9375797 0.1649137 258.3658 -0.9514499 -0.2956464 -0.08565285 -100.0598 0 0 0 1
-0.03181591 -0.1807717 0.9830104 631.9246 -0.2890699 0.943141 0.1640839 260.3423 -0.9567791 -0.2789382 -0.08226254 -94.12171 0 0 0 1
0.005517933 -0.1950661 0.9807746 626.8444 -0.2666237 0.9449975 0.1894505 261.002 -0.9637849 -0.2625432 -0.04679482 -88.29491 0 0 0 1
0.006779693 -0.1926048 0.981253 627.7191 -0.2471355 0.9505131 0.1882785 262.9623 -0.9689572 -0.2437789 -0.0411553 -81.6261 0 0 0 1
0.0006077874 -0.1873195 0.9822989 629.5975 -0.2329717 0.9552431 0.1823042 264.6433 -0.9724833 -0.2289586 -0.04305955 -76.35896 0 0 0 1
-0.0040917 -0.1834357 0.9830232 630.9778 -0.2164124 0.9598976 0.1782196 266.2975 -0.9762934 -0.2120092 -0.04362537 -70.33514 0 0 0 1
-0.008739802 -0.1766266 0.9842391 633.3978 -0.2018014 0.9643366 0.171263 267.8752 -0.9793875 -0.1971241 -0.04407161 -65.04496 0 0 0 1
-0.01646539 -0.1757469 0.9842977 633.7104 -0.1854686 0.9678836 0.1697137 269.1357 -0.9825122 -0.1797619 -0.04853213 -58.87446 0 0 0 1
-0.02266644 -0.1748638 0.9843317 634.0242 -0.1687983 0.9711185 0.1686296 270.2854 -0.9853899 -0.1623313 -0.05152852 -52.67961 0 0 0 1
-0.0227977 -0.1709585 0.9850144 635.4122 -0.1510925 0.9745425 0.1656441 271.5023 -0.9882567 -0.1450519 -0.04804787 -46.53852 0 0 0 1
-0.02896359 -0.1716779 0.9847273 635.1565 -0.1362422 0.976625 0.1662581 272.2424 -0.9902521 -0.1293459 -0.05167634 -40.95661 0 0 0 1
-0.02906202 -0.1693755 0.985123 635.9748 -0.1203867 0.9789585 0.1647642 273.0718 -0.9923016 -0.1138073 -0.04884107 -35.43419 0 0 0 1
-0.02764633 -0.1669713 0.9855741 636.8293 -0.1022566 0.9812511 0.1633705 273.8865 -0.9943738 -0.09626485 -0.0442019 -29.19959 0 0 0 1
-0.05040341 -0.1570029 0.9863111 640.372 -0.08801795 0.984422 0.1522042 275.0135 -0.9948429 -0.07914148 -0.0634373 -23.11395 0 0 0 1
-0.04289748 -0.1470176 0.9882032 643.9208 -0.06892768 0.9871925 0.1438752 275.9981 -0.9966989 -0.06194267 -0.05248165 -17.00149 0 0 0 1
-0.04294016 -0.1401518 0.9891984 646.3609 -0.05297605 0.9890382 0.1378295 276.6541 -0.9976721 -0.04648541 -0.04989415 -11.50798 0 0 0 1
-0.03993711 -0.1315596 0.9905034 649.4146 -0.03262567 0.9909374 0.1303018 277.3291 -0.9986694 -0.02711196 -0.0438674 -4.622655 0 0 0 1
-0.04147295 -0.1293379 0.9907329 650.2042 -0.01883212 0.9915111 0.1286511 277.533 -0.9989622 -0.01332205 -0.0435566 0.278277 0 0 0 1
-0.03843699 -0.1252943 0.9913748 651.6412 0.00153952 0.9920993 0.1254455 277.742 -0.9992598 0.006347991 -0.03794042 7.269011 0 0 0 1
