DataSet: 1
-1.40625 0.3515625 -6.767578125 3.955078125 -0.114657527545736 6.85546875 -87.626953125
663.346 322.926 8.040 737.817
-0.00949885 -0.1191118 0.9928354 663.3462 0.006941812 0.9928484 0.1191798 322.9265 -0.9999308 0.008024148 -0.008604067 8.039751 0 0 0 1
DataSet: 2
-1.40625 0.3515625 -6.767578125 3.955078125 -1.60447392981858 5.888671875 -87.275390625
669.763 323.454 16.919 743.970
-0.003291792 -0.1010551 0.9948754 669.7635 0.03284307 0.9943331 0.1011087 323.4541 -0.9994551 0.03300759 4.582304E-05 16.91887 0 0 0 1
DataSet: 3
-1.40625 0.3515625 -6.85546875 3.955078125 -2.06279764216443 5.80078125 -87.099609375
670.402 323.032 19.715 744.431
-0.0002167538 -0.0991284 0.9950746 670.402 0.04105952 0.9942346 0.09905366 323.0322 -0.9991567 0.04087875 0.00385466 19.71543 0 0 0 1
DataSet: 4
-1.40625 0.3515625 -6.85546875 3.955078125 -2.97879288188446 5.185546875 -87.71484375
674.483 323.148 25.182 748.322
-0.01082289 -0.08764686 0.9960928 674.4826 0.0555239 0.9945616 0.08811542 323.1484 -0.9983987 0.05626062 -0.00589754 25.18214 0 0 0 1
DataSet: 5
-1.40625 0.3515625 -6.767578125 3.955078125 -4.23880781392677 5.185546875 -87.626953125
674.922 323.045 32.941 748.975
-0.009220759 -0.08654088 0.9962056 674.9219 0.07758236 0.9931831 0.0869964 323.0454 -0.9969433 0.07809015 -0.002443857 32.94121 0 0 0 1
DataSet: 6
-1.40625 0.3515625 -6.767578125 3.955078125 -5.49839089886511 5.09765625 -87.5390625
675.857 322.434 40.661 749.933
-0.007588391 -0.08391055 0.9964444 675.8567 0.09952709 0.9914618 0.08424892 322.4336 -0.9950059 0.09981252 0.0008277738 40.66134 0 0 0 1
DataSet: 7
-1.40625 0.3515625 -6.767578125 3.955078125 -6.5284189804758 4.921875 -87.802734375
677.262 321.862 46.938 751.320
-0.01206598 -0.07995563 0.9967254 677.2623 0.1168806 0.9898521 0.08081918 321.8615 -0.9930727 0.117473 -0.002598279 46.93787 0 0 0 1
DataSet: 8
-1.40625 0.3515625 -6.767578125 3.955078125 -7.55852817683071 4.921875 -88.330078125
677.582 321.081 53.248 751.695
-0.02112533 -0.07905611 0.9966463 677.582 0.1339616 0.9876556 0.08118246 321.0809 -0.9907613 0.1352273 -0.01027407 53.24775 0 0 0 1
DataSet: 9
-1.40625 0.3515625 -6.767578125 3.955078125 -8.81740607263337 5.009765625 -88.41796875
677.429 319.926 60.959 751.651
-0.02249659 -0.07948707 0.996582 677.4288 0.15561 0.9844068 0.08202868 319.9263 -0.9875624 0.1569235 -0.009776814 60.95859 0 0 0 1
DataSet: 10
-1.40625 0.3515625 -6.767578125 3.955078125 -9.96212805695992 5.2734375 -87.1875
676.154 318.628 67.985 750.553
-0.0009399562 -0.08307466 0.9965429 676.1537 0.1772306 0.9807535 0.08192559 318.6279 -0.9841689 0.1766949 0.0138015 67.98533 0 0 0 1
DataSet: 11
-1.40625 0.3515625 -6.767578125 3.955078125 -10.8768719853039 5.2734375 -86.1328125
676.435 317.606 73.535 750.896
0.01755399 -0.08228351 0.9964544 676.4349 0.1943567 0.9778784 0.0773257 317.6061 -0.9807738 0.1923102 0.03315802 73.53503 0 0 0 1
DataSet: 12
-1.40625 0.3515625 -6.767578125 3.955078125 -11.7920587003584 5.44921875 -85.78125
675.630 316.395 79.105 750.226
0.02381282 -0.084548 0.9961348 675.6301 0.2106452 0.9744719 0.07767381 316.3954 -0.9772725 0.2079814 0.04101456 79.10455 0 0 0 1
DataSet: 13
-1.40625 0.3515625 -6.767578125 3.955078125 -12.8190982528799 5.185546875 -85.341796875
677.572 315.192 85.244 752.141
0.03168222 -0.07908479 0.9963643 677.5718 0.2282977 0.9710847 0.06981889 315.1916 -0.9730757 0.2252557 0.04882099 85.24384 0 0 0 1
DataSet: 14
-1.40625 0.3515625 -6.767578125 3.955078125 -13.6198197003648 5.44921875 -85.25390625
676.187 313.913 90.100 750.925
0.03334616 -0.08298055 0.9959931 676.1872 0.2423073 0.9674875 0.0724931 313.9131 -0.9696263 0.238919 0.05236879 90.09978 0 0 0 1
DataSet: 15
-1.40625 0.3515625 -6.85546875 3.955078125 -14.4165833263519 5.009765625 -85.60546875
679.097 312.575 94.791 753.565
0.02745527 -0.07466397 0.9968307 679.0967 0.2547188 0.9648113 0.06525006 312.5752 -0.9666253 0.25212 0.04550747 94.79059 0 0 0 1
DataSet: 16
-1.40625 0.3515625 -6.85546875 3.955078125 -15.5564211701446 4.833984375 -85.60546875
680.527 310.844 101.556 755.020
0.02773828 -0.07063901 0.9971162 680.5272 0.2736192 0.9599402 0.06039366 310.844 -0.9614381 0.2711549 0.04595528 101.5556 0 0 0 1
DataSet: 17
-1.40625 0.3515625 -6.85546875 3.955078125 -16.3539819677105 4.74609375 -85.60546875
681.310 309.533 106.274 755.836
0.02794383 -0.06843571 0.9972641 681.3102 0.2868265 0.9562503 0.05758419 309.5326 -0.9575749 0.2844326 0.04635047 106.2745 0 0 0 1
DataSet: 18
-1.40625 0.3515625 -6.85546875 3.955078125 -17.6061881809004 4.5703125 -85.25390625
682.772 307.356 113.640 757.337
0.0344082 -0.06432398 0.9973357 682.7715 0.3077198 0.9501272 0.05066286 307.3564 -0.9508547 0.3051567 0.05248594 113.6398 0 0 0 1
DataSet: 19
-1.40625 0.3515625 -6.85546875 3.955078125 -18.8572327789052 4.39453125 -85.166015625
684.230 305.017 120.950 758.838
0.03630549 -0.06021938 0.9975247 684.2303 0.3281719 0.9435447 0.04501667 305.017 -0.9439201 0.3257253 0.05401817 120.9499 0 0 0 1
DataSet: 20
-1.40625 0.3515625 -6.85546875 3.955078125 -19.5376369491664 4.04296875 -85.78125
686.606 303.785 124.862 761.120
0.02581811 -0.0535345 0.9982322 686.6061 0.3384079 0.9400768 0.04166314 303.7845 -0.9406453 0.336734 0.0423875 124.8624 0 0 0 1
DataSet: 21
-1.40625 0.3515625 -6.85546875 3.955078125 -20.335430143474 4.39453125 -85.95703125
684.666 301.951 129.551 759.424
0.02297419 -0.05899321 0.997994 684.6661 0.3517164 0.9349175 0.047168 301.9509 -0.9358246 0.3499272 0.04222785 129.5512 0 0 0 1
DataSet: 22
-1.40625 0.3515625 -6.85546875 3.955078125 -21.017684489538 4.482421875 -87.1875
684.322 300.422 133.506 759.193
0.00174804 -0.05996073 0.9981992 684.3223 0.3618037 0.9306146 0.05526741 300.4217 -0.9322526 0.3610556 0.02332077 133.5063 0 0 0 1
DataSet: 23
-1.40625 0.3515625 -6.85546875 3.955078125 -21.8163698533967 5.009765625 -87.71484375
681.294 298.367 138.163 756.488
-0.007203265 -0.06848097 0.9976264 681.2941 0.3745701 0.9248331 0.0661887 298.3669 -0.9271706 0.3741578 0.01898911 138.1628 0 0 0 1
DataSet: 24
-1.40625 0.3515625 -6.85546875 3.955078125 -22.9540690593336 5.361328125 -88.154296875
679.450 295.508 144.688 754.925
-0.01448359 -0.07366943 0.9971775 679.4502 0.3925619 0.9167894 0.07343231 295.5082 -0.9196116 0.3925174 0.01564141 144.6878 0 0 0 1
DataSet: 25
-1.40625 0.3515625 -6.85546875 3.955078125 -24.0955617521336 6.15234375 -88.505859375
674.891 292.245 151.189 750.829
-0.02022606 -0.08649628 0.9960468 674.8915 0.4106719 0.9076081 0.08715554 292.2451 -0.9115588 0.4108113 0.01716426 151.1895 0 0 0 1
DataSet: 26
-1.40625 0.3515625 -6.85546875 3.955078125 -25.0155748259727 7.294921875 -90.791015625
668.105 289.135 156.349 744.587
-0.05956242 -0.1055904 0.9926243 668.1055 0.4212358 0.8988579 0.1208922 289.1353 -0.9049932 0.4253295 -0.009059695 156.3492 0 0 0 1
DataSet: 27
-1.40625 0.3515625 -6.85546875 3.955078125 -26.1554672567829 7.822265625 -92.109375
665.177 285.720 162.641 741.990
-0.08191743 -0.113829 0.9901174 665.1775 0.4360131 0.8892491 0.1383062 285.7204 -0.8962043 0.4430339 -0.02321406 162.6414 0 0 0 1
DataSet: 28
-1.40625 0.3515625 -6.767578125 3.955078125 -27.9560979170981 7.20703125 -90.615234375
669.513 281.515 172.526 746.501
-0.05536371 -0.1017608 0.9932671 669.5127 0.467578 0.8763283 0.1158427 281.5152 -0.8822163 0.4708433 -0.0009356904 172.5257 0 0 0 1
DataSet: 29
-1.40625 0.3515625 -6.85546875 3.955078125 -28.9735201453281 7.294921875 -90.3515625
669.203 278.084 178.016 746.226
-0.0503636 -0.1025017 0.9934571 669.2032 0.4837146 0.8677624 0.1140549 278.084 -0.8737755 0.4862939 0.005877909 178.016 0 0 0 1
DataSet: 30
-1.40625 0.3515625 -6.85546875 3.955078125 -29.9858340525474 7.119140625 -90.439453125
670.561 275.137 183.445 747.666
-0.05145067 -0.09868015 0.9937882 670.5613 0.4989479 0.8594715 0.1111746 275.1374 -0.8651034 0.5015685 0.005015867 183.4446 0 0 0 1
DataSet: 31
-1.40625 0.3515625 -6.85546875 3.955078125 -30.8969077985455 7.734375 -89.736328125
667.014 271.873 188.212 744.477
-0.03884855 -0.108662 0.9933194 667.0138 0.514021 0.8502862 0.1131184 271.873 -0.8568975 0.5149814 0.02282215 188.2115 0 0 0 1
DataSet: 32
-1.40625 0.3515625 -6.85546875 3.955078125 -31.7928328475264 7.470703125 -90.087890625
668.877 269.192 192.940 746.382
-0.04453201 -0.1034205 0.9936403 668.8766 0.5266793 0.8427437 0.111319 269.1924 -0.8488968 0.5282871 0.01694037 192.9404 0 0 0 1
DataSet: 33
-1.40625 0.3515625 -6.85546875 3.955078125 -32.799984386852 7.20703125 -89.384765625
670.767 266.058 198.200 748.331
-0.03185396 -0.09810055 0.9946666 670.7673 0.5428091 0.8339257 0.09963056 266.0584 -0.8392518 0.5430877 0.02668604 198.2005 0 0 0 1
DataSet: 34
-1.40625 0.3515625 -6.85546875 3.955078125 -33.7025521285603 7.470703125 -87.36328125
669.376 262.839 202.806 747.181
0.003671294 -0.1020141 0.9947762 669.3765 0.5592701 0.8248675 0.08252601 262.8392 -0.8289774 0.5560455 0.06008178 202.8057 0 0 0 1
DataSet: 35
-1.40625 0.3515625 -6.85546875 3.955078125 -34.9373018922449 7.55859375 -86.66015625
669.152 258.499 209.056 747.188
0.01648992 -0.1026459 0.9945813 669.1519 0.5779893 0.812656 0.07428733 258.4992 -0.8158777 0.5736323 0.07272884 209.056 0 0 0 1
DataSet: 36
-1.40625 0.3515625 -6.85546875 3.955078125 -35.8362230663898 7.734375 -85.95703125
668.296 255.181 213.526 746.546
0.0291359 -0.1050532 0.9940397 668.2964 0.5917057 0.8033187 0.06755393 255.1807 -0.8056274 0.5862107 0.08556597 213.5264 0 0 0 1
DataSet: 37
-1.40625 0.3515625 -6.85546875 3.955078125 -36.6242836820045 7.998046875 -85.869140625
666.869 252.138 217.377 745.346
0.03104101 -0.1090687 0.9935494 666.8693 0.6030593 0.794758 0.06840489 252.1382 -0.7970922 0.5970458 0.09044498 217.3772 0 0 0 1
DataSet: 38
-1.40625 0.3515625 -6.85546875 3.955078125 -37.6204692161554 7.55859375 -85.693359375
669.825 248.737 222.338 748.311
0.03468604 -0.1007524 0.9943067 669.8249 0.6165286 0.7851892 0.05805529 248.7375 -0.7865681 0.6110048 0.08935184 222.3382 0 0 0 1
DataSet: 39
-1.40625 0.3515625 -6.85546875 3.955078125 -39.408875550029 7.822265625 -85.166015625
668.634 241.721 230.875 747.532
0.04479012 -0.1041019 0.9935576 668.6345 0.6414535 0.7654459 0.05128397 241.7207 -0.7658533 0.635024 0.1010609 230.8746 0 0 0 1
DataSet: 40
-1.40625 0.3515625 -6.85546875 3.955078125 -40.2909820952819 7.470703125 -85.869140625
671.013 238.469 235.109 749.935
0.03314241 -0.0974091 0.9946924 671.0131 0.6521338 0.7562953 0.05233453 238.4686 -0.7573791 0.6469381 0.08858921 235.1089 0 0 0 1
DataSet: 41
-1.40625 0.3515625 -6.85546875 3.955078125 -41.6346432851978 7.998046875 -85.517578125
668.077 232.722 241.213 747.442
0.03995701 -0.1056707 0.9935981 668.0769 0.6704735 0.7401264 0.0517509 232.7222 -0.7408568 0.6641133 0.1004227 241.213 0 0 0 1
DataSet: 42
-1.40625 0.3515625 -6.85546875 3.955078125 -41.8426076441566 7.3828125 -85.4296875
671.919 232.252 242.314 751.088
0.04169025 -0.09485892 0.9946173 671.9194 0.6725934 0.738804 0.04226909 232.2522 -0.7388369 0.6672109 0.09460241 242.3139 0 0 0 1
DataSet: 43
-1.40625 0.3515625 -6.85546875 3.955078125 -43.1728556317955 7.470703125 -84.990234375
671.682 226.672 248.318 751.132
0.05010533 -0.09552611 0.9941651 671.6823 0.6898683 0.7231022 0.0347116 226.6718 -0.7221988 0.6841037 0.1021317 248.3176 0 0 0 1
DataSet: 44
-1.40625 0.3515625 -6.85546875 3.955078125 -44.9391596666151 7.470703125 -84.7265625
672.077 219.118 256.114 751.861
0.05577332 -0.09441465 0.9939694 672.0773 0.7118247 0.7018486 0.02672513 219.1182 -0.7001392 0.7060414 0.1063511 256.1142 0 0 0 1
DataSet: 45
-1.40625 0.3515625 -6.85546875 3.955078125 -46.8160609626459 7.734375 -85.166015625
670.857 210.684 264.064 751.110
0.04930928 -0.09784862 0.993979 670.8569 0.734328 0.678117 0.03032622 210.684 -0.6770014 0.7284113 0.1052905 264.0645 0 0 0 1
DataSet: 46
-1.40625 0.263671875 -6.85546875 3.955078125 -45.0535086466949 7.646484375 -84.55078125
670.633 218.520 257.204 750.769
0.05993747 -0.09848058 0.9933323 670.6334 0.7134948 0.7001643 0.0263633 218.5196 -0.6980921 0.7071574 0.1122315 257.2038 0 0 0 1
DataSet: 47
-1.40625 0.263671875 -6.85546875 3.955078125 -43.7294563923109 7.646484375 -84.19921875
670.348 224.214 251.394 750.225
0.06523126 -0.09928363 0.9929187 670.348 0.6974323 0.7161863 0.02579384 224.2139 -0.7136757 0.690811 0.1159614 251.3943 0 0 0 1
DataSet: 48
-1.40625 0.263671875 -6.85546875 3.955078125 -42.7404493827949 7.91015625 -85.4296875
668.505 228.216 246.899 748.292
0.04327187 -0.10447 0.9935862 668.5047 0.6845741 0.7274476 0.04667303 228.2161 -0.7276578 0.6781638 0.1029955 246.8994 0 0 0 1
DataSet: 49
-1.40625 0.263671875 -6.85546875 3.955078125 -41.9651856727397 7.91015625 -85.166015625
668.332 231.425 243.384 747.971
0.04739244 -0.104956 0.993347 668.332 0.6749235 0.7364764 0.04561484 231.425 -0.7363642 0.6682714 0.1057407 243.3837 0 0 0 1
DataSet: 50
-1.40625 0.263671875 -6.85546875 3.955078125 -41.0739799481511 7.734375 -84.375
669.215 235.166 239.333 748.620
0.06062155 -0.1024728 0.9928869 669.2145 0.6638135 0.7470037 0.03656626 235.1663 -0.7454372 0.656875 0.1133074 239.3334 0 0 0 1
DataSet: 51
-1.40625 0.263671875 -6.85546875 3.955078125 -39.9594078280309 7.55859375 -84.375
670.043 239.728 234.172 749.175
0.06002543 -0.100142 0.9931609 670.0429 0.6490348 0.7598394 0.03738892 239.7282 -0.758387 0.6423517 0.1106053 234.1718 0 0 0 1
DataSet: 52
-1.40625 0.263671875 -6.85546875 3.955078125 -38.9527244873809 7.294921875 -83.759765625
671.435 243.826 229.451 750.282
0.07018135 -0.09622563 0.9928823 671.4348 0.6356874 0.7713703 0.02982448 243.8262 -0.7687498 0.6290696 0.1153052 229.4514 0 0 0 1
DataSet: 53
-1.40625 0.263671875 -6.85546875 3.955078125 -37.7251910805127 7.20703125 -83.14453125
671.686 248.566 223.550 750.281
0.08019623 -0.0955178 0.992192 671.6863 0.6193447 0.7847055 0.0254832 248.5656 -0.7810126 0.6124652 0.1220889 223.5502 0 0 0 1
DataSet: 54
-1.40625 0.3515625 -6.85546875 3.955078125 -37.0523666104719 7.03125 -83.056640625
672.937 251.188 219.650 751.123
0.08018965 -0.09199455 0.9925254 672.9374 0.6099358 0.7920831 0.02413721 251.1876 -0.7883831 0.6034412 0.1196276 219.6501 0 0 0 1
DataSet: 55
-1.40625 0.263671875 -6.85546875 3.955078125 -35.7009993154716 6.416015625 -83.671875
676.079 256.484 213.677 754.006
0.0701488 -0.08315775 0.9940643 676.0791 0.5900021 0.8069871 0.02587287 256.4844 -0.8043486 0.584685 0.1056724 213.6771 0 0 0 1
DataSet: 56
-1.40625 0.263671875 -6.85546875 3.955078125 -35.0297018206288 6.416015625 -83.408203125
675.914 258.879 210.307 753.728
0.0743861 -0.08362362 0.9937171 675.9135 0.5807106 0.8137259 0.02500701 258.8794 -0.8107045 0.575202 0.109091 210.3068 0 0 0 1
DataSet: 57
-1.40625 0.263671875 -6.85546875 3.955078125 -34.0215821404041 6.416015625 -83.408203125
675.662 262.401 205.193 753.312
0.0738909 -0.08433044 0.9936944 675.6623 0.5664386 0.8236357 0.02777807 262.4014 -0.8207847 0.5608143 0.1086272 205.1934 0 0 0 1
DataSet: 58
-1.40625 0.263671875 -6.85546875 3.955078125 -32.9011517705678 6.50390625 -82.529296875
674.837 266.158 199.432 752.342
0.08857137 -0.08665291 0.9922935 674.8369 0.5509457 0.8342053 0.02367073 266.1578 -0.8298277 0.5446033 0.1216278 199.432 0 0 0 1
DataSet: 59
-1.40625 0.263671875 -6.85546875 3.955078125 -32.0012668158352 6.416015625 -82.44140625
675.150 269.186 194.764 752.477
0.08969127 -0.08577215 0.9922694 675.15 0.5377988 0.8427249 0.02423381 269.1857 -0.8382887 0.5314677 0.1217132 194.7637 0 0 0 1
DataSet: 60
-1.40625 0.263671875 -6.767578125 3.955078125 -31.1029129690259 6.50390625 -82.08984375
674.422 272.418 190.046 751.781
0.09535081 -0.08795042 0.9915508 674.422 0.5250091 0.8507302 0.02497304 272.4176 -0.8457385 0.5181919 0.1272926 190.0464 0 0 0 1
DataSet: 61
-1.40625 0.263671875 -6.85546875 3.955078125 -29.9769849873286 6.50390625 -81.474609375
674.083 275.557 184.076 751.134
0.1054938 -0.08877554 0.9904494 674.0825 0.5086769 0.8606513 0.02296184 275.5567 -0.85447 0.5013964 0.1359514 184.0763 0 0 0 1
DataSet: 62
-1.40625 0.263671875 -6.85546875 3.955078125 -28.8484098824328 6.416015625 -80.947265625
674.328 279.026 178.028 751.177
0.1141429 -0.08808554 0.9895516 674.3278 0.4918845 0.8704133 0.02074245 279.0261 -0.863146 0.4843775 0.1426794 178.0278 0 0 0 1
DataSet: 63
-1.40625 0.263671875 -6.85546875 3.955078125 -28.0551118433582 6.15234375 -80.244140625
675.745 281.514 173.738 752.373
0.1260146 -0.08409871 0.9884573 675.7447 0.4795457 0.8774128 0.01351551 281.5138 -0.8684217 0.4723073 0.150896 173.738 0 0 0 1
DataSet: 64
-1.40625 0.263671875 -6.85546875 3.955078125 -27.0374570751466 6.064453125 -79.8046875
676.014 284.468 168.180 752.464
0.1332037 -0.08333989 0.9875785 676.0143 0.4640515 0.8857248 0.01215378 284.4678 -0.8757356 0.4566683 0.1566559 168.18 0 0 0 1
DataSet: 65
-1.40625 0.263671875 -6.85546875 3.955078125 -26.1338905461491 6.15234375 -80.419921875
675.227 286.910 163.203 751.588
0.1222165 -0.08555496 0.9888091 675.2271 0.4503403 0.8925964 0.02156841 286.91 -0.8844528 0.4426646 0.1476189 163.203 0 0 0 1
DataSet: 66
-1.40625 0.263671875 -6.85546875 3.955078125 -24.8887253705171 6.15234375 -80.068359375
674.887 290.217 156.281 751.081
0.1278113 -0.08651178 0.9880182 674.8871 0.4313181 0.9019022 0.02317554 290.2173 -0.8931007 0.4231881 0.1525874 156.2811 0 0 0 1
DataSet: 67
-1.40625 0.263671875 -6.85546875 3.955078125 -24.0946477583819 6.064453125 -81.123046875
675.211 292.300 151.827 751.266
0.1093351 -0.08560036 0.9903123 675.211 0.4182375 0.9077636 0.03228967 292.3004 -0.9017335 0.4106554 0.1350517 151.827 0 0 0 1
DataSet: 68
-1.40625 0.3515625 -6.85546875 3.955078125 -22.9580451651968 5.80078125 -81.03515625
676.737 295.255 144.744 752.395
0.10912 -0.08130468 0.9906979 676.7366 0.3997942 0.9160756 0.03114539 295.2545 -0.9100865 0.3926767 0.1324673 144.7444 0 0 0 1
DataSet: 69
-1.40625 0.3515625 -6.85546875 3.955078125 -22.0516808372708 5.9765625 -80.5078125
675.390 297.292 139.597 751.013
0.1178768 -0.08509421 0.9893756 675.3898 0.3862171 0.9218078 0.03326792 297.2917 -0.914845 0.3781923 0.1415246 139.5966 0 0 0 1
DataSet: 70
-1.40625 0.3515625 -6.85546875 3.955078125 -20.7954842651316 5.185546875 -79.892578125
679.910 300.568 132.314 755.067
0.1282678 -0.07237452 0.9890952 679.9104 0.3643514 0.9310275 0.02087576 300.5684 -0.9223857 0.3577006 0.1457906 132.3139 0 0 0 1
DataSet: 71
-1.40625 0.3515625 -6.85546875 3.955078125 -19.7717485606616 5.09765625 -80.15625
680.153 302.807 126.379 755.164
0.1234118 -0.07169086 0.9897626 680.1534 0.3475888 0.9373255 0.02455247 302.8067 -0.9294899 0.3410003 0.140596 126.3786 0 0 0 1
DataSet: 72
-1.40625 0.3515625 -6.85546875 3.955078125 -18.7455861456013 4.74609375 -79.541015625
682.023 305.075 120.351 756.777
0.1338021 -0.06642897 0.9887791 682.0234 0.3302503 0.9437079 0.01871133 305.075 -0.9343617 0.324041 0.1482082 120.3513 0 0 0 1
DataSet: 73
-1.40625 0.3515625 -6.767578125 3.955078125 -18.0621395563605 4.658203125 -81.38671875
682.410 306.838 116.335 757.210
0.1017057 -0.06547087 0.9926578 682.4102 0.3181147 0.9475805 0.0299044 306.8382 -0.942581 0.3127376 0.1172016 116.3349 0 0 0 1
DataSet: 74
-1.40625 0.3515625 -6.767578125 3.955078125 -17.0371883548814 4.658203125 -82.529296875
682.104 308.749 110.301 756.808
0.08161175 -0.06633105 0.9944545 682.1044 0.3006009 0.9529566 0.03889373 308.7489 -0.9502519 0.2957598 0.09771164 110.301 0 0 0 1
DataSet: 75
-1.40625 0.3515625 -6.767578125 3.955078125 -16.0110911827616 4.5703125 -82.177734375
682.340 310.595 104.212 756.913
0.08746101 -0.06566815 0.9940012 682.34 0.283681 0.9581519 0.03833903 310.5953 -0.9549218 0.2786261 0.1024297 104.2117 0 0 0 1
DataSet: 76
-1.40625 0.3515625 -6.767578125 3.955078125 -15.0984712206806 4.482421875 -82.44140625
682.608 312.150 98.766 757.064
0.08267663 -0.06491328 0.99446 682.6083 0.2681408 0.9625265 0.04053635 312.1501 -0.9598255 0.2633039 0.09698435 98.76618 0 0 0 1
DataSet: 77
-1.40625 0.3515625 -6.767578125 3.955078125 -14.0717078189264 4.482421875 -82.08984375
682.297 313.749 92.629 756.669
0.08854137 -0.06578813 0.9938976 682.2974 0.2512554 0.9670253 0.04162632 313.7489 -0.9638627 0.2460364 0.1021514 92.62932 0 0 0 1
DataSet: 78
-1.40625 0.3515625 -6.767578125 3.955078125 -13.0447452663588 4.5703125 -82.353515625
681.442 315.196 86.481 755.771
0.08373293 -0.06819572 0.9941519 681.4417 0.2340339 0.9710965 0.04690257 315.1958 -0.968616 0.2287379 0.09727285 86.48143 0 0 0 1
DataSet: 79
-1.40625 0.3515625 -6.767578125 3.955078125 -12.016521876517 4.482421875 -82.44140625
681.671 316.617 80.265 755.886
0.08201701 -0.0675508 0.994339 681.671 0.2164397 0.975096 0.04839071 316.6172 -0.9728448 0.2112456 0.09459513 80.26466 0 0 0 1
DataSet: 80
-1.40625 0.3515625 -6.767578125 3.955078125 -10.987878249901 4.39453125 -82.79296875
681.899 317.927 74.020 756.004
0.0757389 -0.06690969 0.9948803 681.8988 0.1985321 0.9787815 0.050713 317.9271 -0.9771636 0.1936747 0.08741555 74.01995 0 0 0 1
DataSet: 81
-1.40625 0.3515625 -6.767578125 3.955078125 -10.188634818739 4.658203125 -83.49609375
680.023 318.708 69.227 754.188
0.06335317 -0.07218642 0.9953771 680.0234 0.1848049 0.9809797 0.05937994 318.7083 -0.9807311 0.1801887 0.07548858 69.22702 0 0 0 1
DataSet: 82
-1.40625 0.3515625 -6.767578125 3.955078125 -9.04484383792047 4.5703125 -83.671875
680.214 319.933 62.243 754.269
0.06013471 -0.071651 0.9956154 680.2137 0.1649231 0.9844254 0.06088442 319.9329 -0.9844715 0.1605388 0.07101505 62.24344 0 0 0 1
DataSet: 83
-1.40625 0.3515625 -6.767578125 3.955078125 -7.78693150410605 4.74609375 -83.232421875
678.738 320.984 54.602 752.793
0.06757051 -0.07580204 0.9948308 678.7385 0.1442059 0.9873815 0.06543975 320.9835 -0.987238 0.1390387 0.07764898 54.60232 0 0 0 1
DataSet: 84
-1.40625 0.3515625 -6.767578125 3.955078125 -6.98628023187464 4.921875 -83.408203125
677.404 321.529 49.744 751.486
0.06439366 -0.07955557 0.9947484 677.4044 0.1306036 0.9889153 0.07063463 321.5286 -0.9893413 0.1253693 0.07407012 49.74421 0 0 0 1
DataSet: 85
-1.40625 0.3515625 -6.767578125 3.955078125 -6.07050577013719 4.921875 -83.49609375
677.120 322.172 44.129 751.155
0.06276849 -0.08035611 0.9947879 677.1199 0.1147354 0.9907258 0.07278848 322.1721 -0.9914111 0.1095686 0.07140606 44.12865 0 0 0 1
DataSet: 86
-1.40625 0.3515625 -6.767578125 3.955078125 -5.04067219014851 5.2734375 -83.583984375
674.629 322.595 37.895 748.751
0.06108845 -0.0873642 0.9943016 674.6293 0.09754337 0.9919164 0.0811617 322.5952 -0.9933547 0.0920295 0.06911643 37.89525 0 0 0 1
DataSet: 87
-1.40625 0.3515625 -6.767578125 3.955078125 -3.89518949374056 5.185546875 -83.49609375
674.815 323.196 30.827 748.853
0.06254004 -0.08684234 0.9942571 674.8147 0.07770826 0.9936067 0.08189758 323.1959 -0.9950126 0.07214011 0.06888857 30.82656 0 0 0 1
DataSet: 88
-1.40625 0.3515625 -6.767578125 3.955078125 -2.97851063906453 4.921875 -83.84765625
676.156 323.679 25.106 750.057
0.05642424 -0.08306787 0.9949452 676.1562 0.06084482 0.9949667 0.07961909 323.6793 -0.9965512 0.05604481 0.06119449 25.1063 0 0 0 1
DataSet: 89
-1.40625 0.3515625 -6.85546875 3.955078125 -2.06198145670521 4.74609375 -84.111328125
676.909 323.633 19.402 750.547
0.05182837 -0.08081991 0.9953803 676.9089 0.04427404 0.9959258 0.07855891 323.6333 -0.9976741 0.03999793 0.05519544 19.40238 0 0 0 1
DataSet: 90
-1.40625 0.3515625 -6.85546875 3.955078125 -1.03095150805993 4.5703125 -83.759765625
677.672 323.894 12.986 751.209
0.05792907 -0.07867285 0.995216 677.6719 0.02654579 0.9966589 0.07724175 323.8938 -0.9979677 0.02194425 0.05982396 12.98611 0 0 0 1
DataSet: 91
-1.40625 0.3515625 -6.85546875 3.955078125 0 4.482421875 -83.759765625
677.892 323.994 6.593 751.368
0.05792618 -0.07805313 0.9952649 677.8922 0.008495055 0.9969413 0.07769018 323.9942 -0.9982847 0.003954534 0.05841207 6.59256 0 0 0 1
DataSet: 92
-1.40625 0.3515625 -6.85546875 3.955078125 0.916326460051452 4.306640625 -83.759765625
678.691 324.032 0.877 752.077
0.05795153 -0.07580502 0.9954372 678.6912 -0.007735965 0.9970489 0.07637813 324.0324 -0.9982894 -0.0121269 0.05719408 0.8772198 0 0 0 1
DataSet: 93
-1.40625 0.3515625 -6.85546875 3.955078125 2.06180322407804 4.482421875 -84.111328125
677.247 323.765 -6.138 750.683
0.05183625 -0.07986801 0.9954568 677.2472 -0.02777464 0.9962959 0.08138165 323.7648 -0.9982693 -0.03186697 0.04942594 -6.138402 0 0 0 1
DataSet: 94
-1.40625 0.3515625 -6.85546875 3.955078125 3.09286835335911 4.74609375 -83.759765625
675.297 323.347 -12.410 748.821
0.05793471 -0.085355 0.9946648 675.2971 -0.04465429 0.9951195 0.08799493 323.3467 -0.9973212 -0.04951401 0.05384049 -12.41016 0 0 0 1
DataSet: 95
-1.40625 0.3515625 -6.85546875 3.955078125 4.00960208897193 5.09765625 -83.583984375
672.842 322.809 -17.936 746.487
0.06096721 -0.09226386 0.9938664 672.8417 -0.05958092 0.9936067 0.09589466 322.8091 -0.9963599 -0.0650619 0.05508027 -17.93588 0 0 0 1
DataSet: 96
-1.40625 0.3515625 -6.85546875 3.955078125 5.04034546094718 5.09765625 -83.671875
672.521 322.307 -24.276 746.160
0.05950506 -0.09316771 0.9938707 672.5205 -0.07756613 0.9921931 0.09765448 322.3066 -0.9952099 -0.08290163 0.05181385 -24.27612 0 0 0 1
DataSet: 97
-1.40625 0.3515625 -6.85546875 3.955078125 5.95697662197184 5.361328125 -84.111328125
670.609 321.616 -29.808 744.340
0.05190486 -0.098545 0.993778 670.6094 -0.0936996 0.990249 0.103089 321.6157 -0.9942466 -0.09846742 0.04216511 -29.8082 0 0 0 1
DataSet: 98
-1.40625 0.3515625 -6.85546875 3.955078125 6.98763846038363 5.44921875 -84.111328125
669.748 320.847 -36.091 743.510
0.05198248 -0.1009698 0.9935305 669.7476 -0.1113428 0.9880868 0.1062421 320.8473 -0.9924216 -0.1161451 0.04012094 -36.09087 0 0 0 1
DataSet: 99
-1.40625 0.3515625 -6.85546875 3.955078125 8.01894541176866 5.80078125 -83.759765625
667.262 319.804 -42.257 741.147
0.05811662 -0.1079629 0.9924548 667.2623 -0.1277954 0.9851514 0.114652 319.804 -0.9900963 -0.1334943 0.0434565 -42.25676 0 0 0 1
DataSet: 100
-1.40625 0.3515625 -6.85546875 3.955078125 8.93620159170092 6.240234375 -83.583984375
664.274 318.687 -47.667 738.304
0.0611743 -0.1163715 0.99132 664.2739 -0.1423625 0.9820087 0.1240637 318.6871 -0.9879224 -0.1487163 0.04350675 -47.66667 0 0 0 1
DataSet: 101
-1.40625 0.3515625 -6.85546875 3.955078125 10.0812777621985 6.416015625 -82.880859375
662.840 317.402 -54.545 736.937
0.07344184 -0.1204053 0.9900045 662.8402 -0.1600603 0.9783939 0.130867 317.4024 -0.9843714 -0.1680715 0.05258294 -54.54549 0 0 0 1
DataSet: 102
-1.40625 0.3515625 -6.85546875 3.955078125 10.8824799684161 6.50390625 -82.705078125
662.054 316.444 -59.356 736.190
0.07657286 -0.1226174 0.9894956 662.0541 -0.1731429 0.9756964 0.1343062 316.4437 -0.9819155 -0.1816083 0.05348153 -59.35649 0 0 0 1
DataSet: 103
-1.40625 0.3515625 -6.85546875 3.955078125 11.7973469947458 6.50390625 -82.44140625
661.774 315.335 -64.878 735.928
0.08127131 -0.1234044 0.9890229 661.7744 -0.1880893 0.9725769 0.1368083 315.3351 -0.9787836 -0.1971432 0.05583156 -64.87758 0 0 0 1
DataSet: 104
-1.40625 0.3515625 -6.85546875 3.955078125 13.0557461837782 6.6796875 -82.6171875
660.311 313.544 -72.358 734.545
0.07840834 -0.1275225 0.9887316 660.3108 -0.2094659 0.9675382 0.1414001 313.5443 -0.9746672 -0.2181925 0.04915146 -72.35848 0 0 0 1
DataSet: 105
-1.40625 0.3515625 -6.85546875 3.955078125 14.0828048738112 6.50390625 -82.79296875
661.080 312.181 -78.587 735.295
0.07562168 -0.1253587 0.9892252 661.0798 -0.2276182 0.9637026 0.1395248 312.1812 -0.9708096 -0.2357168 0.04434288 -78.58662 0 0 0 1
DataSet: 106
-1.40625 0.3515625 -6.85546875 3.955078125 15.227711676144 6.943359375 -83.14453125
658.035 310.088 -85.184 732.408
0.0696721 -0.1339261 0.9885391 658.035 -0.2468548 0.9578132 0.1471617 310.088 -0.9665446 -0.2542787 0.03367256 -85.18354 0 0 0 1
DataSet: 107
-1.40625 0.3515625 -6.85546875 3.955078125 16.1450936817104 7.470703125 -83.056640625
654.524 308.167 -90.337 729.061
0.07123952 -0.1438036 0.9870387 654.5245 -0.2609335 0.9524069 0.1575908 308.1666 -0.9627246 -0.2687782 0.03032584 -90.33665 0 0 0 1
DataSet: 108
-1.40625 0.3515625 -6.85546875 3.955078125 17.0594503103814 7.646484375 -83.671875
653.174 306.423 -95.622 727.788
0.06080575 -0.1476022 0.9871759 653.1744 -0.2775554 0.9475001 0.1587661 306.4228 -0.9587834 -0.2836499 0.01664565 -95.62206 0 0 0 1
DataSet: 109
-1.40625 0.3515625 -6.85546875 3.955078125 18.0892748071106 7.998046875 -83.408203125
650.716 304.229 -101.448 725.451
0.06550086 -0.1545194 0.9858161 650.7161 -0.2932628 0.9413275 0.1670315 304.229 -0.9537854 -0.3000439 0.01634295 -101.4485 0 0 0 1
DataSet: 110
-1.40625 0.3515625 -6.85546875 3.955078125 18.8971512130978 8.876953125 -82.96875
645.105 301.898 -105.617 720.040
0.07296744 -0.1703068 0.9826858 645.1053 -0.3035633 0.9347691 0.184543 301.8982 -0.9500132 -0.311773 0.01650882 -105.617 0 0 0 1
DataSet: 111
-1.40625 0.3515625 -6.85546875 3.955078125 19.9217292255841 8.7890625 -81.73828125
645.342 299.890 -111.587 720.314
0.09436909 -0.1696402 0.9809774 645.3422 -0.3165577 0.9291192 0.1911249 299.8902 -0.9438674 -0.3285722 0.03397924 -111.5874 0 0 0 1
DataSet: 112
-1.40625 0.3515625 -6.85546875 3.955078125 21.1718619368031 8.61328125 -81.9140625
646.052 297.354 -118.868 721.064
0.09179346 -0.1676415 0.9815652 646.0525 -0.3379323 0.9219843 0.1890683 297.3544 -0.9366834 -0.3490579 0.02798063 -118.868 0 0 0 1
DataSet: 113
-1.40625 0.3515625 -6.85546875 3.955078125 22.0854679220992 8.876953125 -82.177734375
644.179 295.059 -123.895 719.289
0.08744784 -0.1729124 0.9810475 644.1792 -0.3530297 0.915525 0.1928319 295.0588 -0.9315165 -0.3632016 0.01901748 -123.8947 0 0 0 1
DataSet: 114
-1.40625 0.3515625 -6.85546875 3.955078125 22.9987807453245 9.140625 -82.08984375
642.309 292.677 -128.876 717.517
0.08913168 -0.1781735 0.9799539 642.3094 -0.3668696 0.908824 0.1986094 292.6773 -0.9259925 -0.3772177 0.01563856 -128.8761 0 0 0 1
DataSet: 115
-1.40625 0.3515625 -6.85546875 3.955078125 23.9035565049306 8.876953125 -82.001953125
643.660 290.706 -134.138 718.889
0.0910466 -0.1743727 0.9804615 643.6602 -0.3816275 0.9032782 0.1960841 290.7063 -0.9198211 -0.3920239 0.01569501 -134.1382 0 0 0 1
DataSet: 116
-1.40625 0.3515625 -6.85546875 3.955078125 25.0342114564026 8.61328125 -82.44140625
644.950 288.062 -140.624 720.219
0.08402022 -0.170743 0.9817268 644.9503 -0.4016331 0.8958365 0.1901783 288.0615 -0.9119383 -0.4102728 0.006692346 -140.6238 0 0 0 1
DataSet: 117
-1.40625 0.3515625 -6.85546875 3.955078125 25.9423845332659 8.701171875 -82.79296875
644.159 285.591 -145.582 719.512
0.07829054 -0.1729682 0.9818109 644.1594 -0.4169443 0.8888849 0.1898447 285.5909 -0.905554 -0.4242235 -0.002526833 -145.5819 0 0 0 1
DataSet: 118
-1.40625 0.3515625 -6.85546875 3.955078125 26.9721990325868 9.31640625 -83.408203125
640.123 282.245 -150.766 715.646
0.06791133 -0.1843262 0.9805161 640.1227 -0.4339974 0.8794709 0.1953899 282.2452 -0.8983509 -0.4388107 -0.02027107 -150.7662 0 0 0 1
DataSet: 119
-1.40625 0.3515625 -6.85546875 3.955078125 27.0854177361876 9.31640625 -82.79296875
640.091 281.930 -151.383 715.625
0.07847914 -0.1844141 0.9797104 640.0915 -0.4336389 0.8785847 0.2001153 281.9302 -0.8976627 -0.4405454 -0.01101857 -151.3827 0 0 0 1
DataSet: 120
-1.40625 0.3515625 -6.85546875 3.955078125 27.975156442574 8.4375 -82.880859375
645.207 280.156 -156.873 720.686
0.07766017 -0.1700214 0.9823755 645.2067 -0.4494124 0.8735923 0.1867217 280.1559 -0.8899423 -0.4559926 -0.008566396 -156.8727 0 0 0 1
DataSet: 121
-1.40625 0.3515625 -6.85546875 3.955078125 28.9919490746062 8.4375 -81.9140625
644.929 277.181 -162.349 720.500
0.09463242 -0.1708021 0.9807504 644.9292 -0.4618155 0.8652207 0.1952426 277.1807 -0.8819133 -0.471402 0.002998857 -162.3492 0 0 0 1
DataSet: 122
-1.40625 0.3515625 -6.85546875 3.955078125 30.1096866978639 7.822265625 -81.03515625
648.387 274.265 -168.769 723.954
0.1104048 -0.1610738 0.9807477 648.3867 -0.4771822 0.8570172 0.1944702 274.2651 -0.8718417 -0.4894658 0.01775731 -168.769 0 0 0 1
DataSet: 123
-1.40625 0.3515625 -6.85546875 3.955078125 30.8897130270736 7.294921875 -81.826171875
651.405 272.202 -173.279 726.944
0.0973949 -0.152581 0.9834802 651.405 -0.4926794 0.8512109 0.1808507 272.2016 -0.8647435 -0.5021544 0.007730064 -173.2785 0 0 0 1
DataSet: 124
-1.40625 0.3515625 -6.85546875 3.955078125 31.9129004006989 7.91015625 -81.123046875
647.369 268.493 -178.187 723.136
0.1096436 -0.1639379 0.9803584 647.3688 -0.5042709 0.8407759 0.1969943 268.493 -0.8565566 -0.5159653 0.009516588 -178.187 0 0 0 1
DataSet: 125
-1.40625 0.3515625 -6.85546875 3.955078125 32.8155093290527 8.0859375 -80.771484375
646.058 265.397 -182.728 721.953
0.1159814 -0.1676273 0.9790043 646.0576 -0.5159633 0.8320646 0.2035935 265.397 -0.8487227 -0.5287433 0.01001455 -182.7283 0 0 0 1
DataSet: 126
-1.40625 0.3515625 -6.85546875 3.955078125 33.926910974001 7.470703125 -79.27734375
649.531 262.071 -188.900 725.434
0.1423042 -0.1578544 0.9771548 649.5308 -0.5283172 0.8227069 0.2098436 262.0713 -0.8370367 -0.5461093 0.03367745 -188.9001 0 0 0 1
DataSet: 127
-1.40625 0.3515625 -6.85546875 3.955078125 35.184275334652 8.701171875 -79.189453125
641.693 256.808 -194.260 717.954
0.1437172 -0.1799077 0.9731283 641.6931 -0.5427913 0.8078966 0.2295229 256.8077 -0.8274799 -0.5611919 0.01845633 -194.2605 0 0 0 1
DataSet: 128
-1.40625 0.3515625 -6.85546875 3.955078125 35.9624588021263 8.4375 -78.837890625
643.105 254.229 -198.361 719.419
0.1502201 -0.1759359 0.9728723 643.1047 -0.5531552 0.8006414 0.2302014 254.2292 -0.8194225 -0.5727302 0.02295262 -198.3612 0 0 0 1
DataSet: 129
-1.40625 0.3515625 -6.85546875 3.955078125 36.9669699077038 8.349609375 -79.453125
643.390 250.630 -203.387 719.814
0.1403137 -0.1751328 0.9744951 643.3901 -0.5699582 0.7905135 0.2241343 250.6297 -0.8096047 -0.5868706 0.01110147 -203.3867 0 0 0 1
DataSet: 130
-1.40625 0.3515625 -6.85546875 3.955078125 37.9699087008653 8.26171875 -79.62890625
643.679 246.947 -208.341 720.217
0.1378832 -0.1743193 0.9749877 643.6792 -0.584803 0.7801527 0.2221876 246.9475 -0.7993708 -0.6008117 0.005627567 -208.3413 0 0 0 1
DataSet: 131
-1.40625 0.3515625 -6.85546875 3.955078125 38.9985679973098 9.31640625 -78.22265625
637.004 242.241 -212.322 713.818
0.1616101 -0.1931015 0.9677778 637.004 -0.5903737 0.7669104 0.2516093 242.2412 -0.7907851 -0.6120132 0.00993844 -212.3224 0 0 0 1
DataSet: 132
-1.40625 0.3515625 -6.85546875 3.955078125 40.2304712351884 9.580078125 -80.33203125
635.108 237.228 -217.869 712.114
0.1263888 -0.1984375 0.9719303 635.1076 -0.615353 0.7528055 0.233719 237.2283 -0.778053 -0.6276197 -0.02696293 -217.8689 0 0 0 1
DataSet: 133
-1.40625 0.3515625 -6.85546875 3.955078125 40.9177573032016 10.283203125 -80.595703125
630.680 233.926 -220.348 707.836
0.1218808 -0.2108943 0.9698808 630.6804 -0.6241305 0.7435128 0.2401039 233.9257 -0.7717553 -0.6345962 -0.04100566 -220.3484 0 0 0 1
DataSet: 134
-1.40625 0.3515625 -6.85546875 3.955078125 42.0340141689777 10.458984375 -80.15625
629.358 229.268 -225.261 706.680
0.129825 -0.2146163 0.9680316 629.3577 -0.6366628 0.7304068 0.2473183 229.2678 -0.7601354 -0.6484179 -0.04181319 -225.2606 0 0 0 1
DataSet: 135
-1.40625 0.3515625 -6.943359375 3.955078125 44.8261025123838 11.162109375 -79.716796875
624.436 216.593 -236.820 702.080
0.1383684 -0.2283335 0.9637002 624.4357 -0.6691239 0.695833 0.2609397 216.5935 -0.7301557 -0.6809407 -0.05650211 -236.8201 0 0 0 1
DataSet: 136
-1.40625 0.3515625 -6.943359375 3.955078125 43.4984128577707 11.162109375 -80.859375
624.729 222.222 -231.031 702.171
0.1183437 -0.2275083 0.9665582 624.7291 -0.6572859 0.7116714 0.24799 222.2225 -0.7442917 -0.6646531 -0.06531619 -231.0314 0 0 0 1
DataSet: 137
-1.40625 0.3515625 -6.943359375 3.955078125 45.7561234801789 12.392578125 -82.08984375
616.829 211.484 -239.304 694.600
0.09820255 -0.2497378 0.963321 616.8287 -0.6889536 0.6814572 0.2468986 211.4843 -0.7181219 -0.6879296 -0.1051369 -239.3039 0 0 0 1
DataSet: 138
-1.40625 0.3515625 -7.20703125 3.955078125 45.9176077407576 10.810546875 -81.2109375
626.179 210.995 -241.889 703.654
0.114063 -0.2230246 0.9681165 626.1786 -0.6899673 0.6833454 0.2387136 210.9954 -0.714797 -0.6951971 -0.07593528 -241.8895 0 0 0 1
DataSet: 139
-1.40625 0.3515625 -7.91015625 3.955078125 47.9865849126304 10.1953125 -80.595703125
629.055 199.159 -251.196 706.027
0.126115 -0.2137789 0.9687072 629.0546 -0.7136444 0.6587363 0.2382817 199.1594 -0.6890622 -0.7213634 -0.06948555 -251.1965 0 0 0 1
DataSet: 140
-1.40625 0.3515625 -7.998046875 3.955078125 48.8700463724461 10.37109375 -81.03515625
627.756 194.610 -254.571 704.810
0.1191406 -0.2172824 0.9688106 627.7556 -0.7255662 0.6470227 0.23434 194.6105 -0.6777604 -0.7308556 -0.08056606 -254.571 0 0 0 1
DataSet: 141
-1.40625 0.3515625 -8.525390625 3.955078125 49.3144758407757 10.546875 -81.03515625
626.267 190.119 -256.147 702.827
0.1193217 -0.2205269 0.9680548 626.2665 -0.7304416 0.6408932 0.2360318 190.1185 -0.6724711 -0.7352713 -0.08460958 -256.1465 0 0 0 1
DataSet: 142
-1.40625 0.3515625 -8.96484375 3.955078125 48.876297665425 10.546875 -80.947265625
626.059 190.213 -254.405 702.034
0.120525 -0.2202778 0.9679625 626.059 -0.7249669 0.6465756 0.2374089 190.2126 -0.6781569 -0.7303545 -0.0817656 -254.4046 0 0 0 1
DataSet: 143
-1.40625 0.3515625 -9.404296875 3.955078125 47.0448352965077 11.513671875 -80.419921875
620.290 195.802 -245.805 695.355
0.1276387 -0.2356342 0.9634236 620.2904 -0.699044 0.6677136 0.2559219 195.8018 -0.7035949 -0.706141 -0.07949258 -245.8048 0 0 0 1
DataSet: 144
-1.40625 0.3515625 -10.986328125 3.955078125 46.23320910137 10.37109375 -79.98046875
626.121 193.417 -243.767 699.185
0.1353103 -0.2157365 0.9670309 626.1208 -0.6894817 0.6804236 0.2482715 193.4165 -0.7115519 -0.7003438 -0.05667801 -243.7673 0 0 0 1
DataSet: 145
-1.40625 0.3515625 -11.865234375 3.955078125 45.238051892872 10.283203125 -80.15625
626.096 194.015 -239.645 697.902
0.1317979 -0.2136358 0.9679819 626.0958 -0.6780947 0.6928521 0.2452416 194.0146 -0.7230607 -0.6887058 -0.05354885 -239.6454 0 0 0 1
DataSet: 146
-1.40625 0.263671875 -12.3046875 3.955078125 44.1306499794288 10.1953125 -80.595703125
626.833 196.932 -234.376 697.592
0.1248928 -0.2104172 0.9696012 626.833 -0.6661794 0.7064207 0.2391128 196.9319 -0.7352597 -0.6757917 -0.05194876 -234.3765 0 0 0 1
DataSet: 147
-1.40625 0.263671875 -12.3046875 3.955078125 42.9104077402965 10.107421875 -81.2109375
627.631 202.132 -229.073 698.035
0.1138327 -0.2081723 0.9714455 627.6309 -0.6532192 0.7210524 0.2310586 202.132 -0.7485631 -0.6608689 -0.05390284 -229.0729 0 0 0 1
DataSet: 148
-1.40625 0.3515625 -12.3046875 3.955078125 41.9071652271805 9.931640625 -81.9140625
628.564 206.405 -225.309 698.899
0.1002696 -0.2055425 0.9734979 628.5643 -0.6432305 0.7330752 0.2210324 206.4049 -0.7590787 -0.6483464 -0.0587061 -225.3092 0 0 0 1
DataSet: 149
-1.40625 0.3515625 -12.3046875 3.955078125 40.9100487917392 10.01953125 -81.650390625
628.262 210.363 -220.657 698.323
0.104143 -0.206392 0.9729114 628.2624 -0.6288385 0.7442124 0.2251887 210.3631 -0.7705299 -0.6352559 -0.05228279 -220.6568 0 0 0 1
DataSet: 150
-1.40625 0.3515625 -13.095703125 3.955078125 39.8125599629025 10.546875 -80.947265625
624.555 210.835 -215.033 693.368
0.1151702 -0.214656 0.9698756 624.5546 -0.6101801 0.7551658 0.2395931 210.835 -0.7838469 -0.6193928 -0.04400619 -215.0332 0 0 0 1
DataSet: 151
-1.40625 0.3515625 -13.53515625 3.955078125 38.9390408726893 11.162109375 -81.826171875
620.594 211.760 -210.288 688.622
0.09947586 -0.2245376 0.9693748 620.594 -0.6007004 0.7631015 0.2384013 211.7596 -0.7932613 -0.606019 -0.05896968 -210.2885 0 0 0 1
DataSet: 152
-1.40625 0.3515625 -14.853515625 3.955078125 38.042820540438 11.07421875 -82.353515625
619.908 209.571 -206.143 686.077
0.09012305 -0.2224358 0.970773 619.9081 -0.590642 0.7728856 0.2319264 209.571 -0.8018852 -0.5942813 -0.06172514 -206.1432 0 0 0 1
DataSet: 153
-1.40625 0.3515625 -15.8203125 3.955078125 37.0285606375498 10.810546875 -82.96875
620.617 209.447 -201.542 685.312
0.07929276 -0.2172529 0.9728894 620.6168 -0.5793547 0.7841672 0.2223287 209.4472 -0.8112095 -0.5812771 -0.06368771 -201.5424 0 0 0 1
DataSet: 154
-1.40625 0.3515625 -15.8203125 3.955078125 35.5745343762128 10.8984375 -82.529296875
620.446 214.608 -194.325 684.670
