0.2681109 -0.1080833 0.9573059 665.5684 0.1106523 0.9905653 0.08084826 350.878 -0.9570124 0.08425177 0.277541 94.01184 0 0 0 1
0.1083116 -0.06480626 0.9920024 680.9491 0.1878989 0.9812208 0.0435862 347.557 -0.976198 0.1816753 0.1184547 128.6362 0 0 0 1
0.2555775 -0.0762008 0.9637809 676.8995 0.1189275 0.9917957 0.04687833 351.3153 -0.9594459 0.102639 0.262543 100.5467 0 0 0 1
0.4106354 -0.03218473 0.9112315 692.5428 0.01108601 0.9994792 0.03030586 354.046 -0.9117323 -0.002342738 0.4107783 63.23615 0 0 0 1
0.06277077 0.01252104 0.9979494 708.4312 0.1186719 0.9927337 -0.01992003 351.6487 -0.9909474 0.119679 0.06082876 106.6027 0 0 0 1
0.1235085 -0.07649812 0.9893906 676.7938 0.1390983 0.9885155 0.05906643 350.1495 -0.9825463 0.1303273 0.1327308 110.3871 0 0 0 1
0.2475843 -0.1879744 0.9504566 637.1752 0.08418281 0.9814622 0.1721777 347.6428 -0.9652022 0.03738361 0.2588189 77.3549 0 0 0 1
0.5777113 -0.04533654 0.8149811 687.8687 -0.02473323 0.9970255 0.072996 353.174 -0.8158664 -0.06232773 0.5748716 41.91749 0 0 0 1
0.5944176 -0.008526414 0.8041113 700.951 0.06916725 0.9967802 -0.04056064 353.0868 -0.8011764 0.07972813 0.5930935 92.40414 0 0 0 1
0.1360339 0.03022286 0.9902431 714.7225 0.03776848 0.9986498 -0.03566785 353.7513 -0.989984 0.04225201 0.1347087 79.08513 0 0 0 1
-0.08273774 0.01099442 0.9965107 707.8887 -0.02286361 0.999655 -0.01292742 354.1085 -0.996309 -0.02385342 -0.08245783 55.59126 0 0 0 1
0.06857199 -0.09476199 0.9931355 670.3029 -0.1553826 0.982316 0.1044582 347.9462 -0.9854715 -0.1614789 0.05263501 6.679176 0 0 0 1
0.4168982 -0.06696909 0.9064828 680.1804 -0.0126396 0.9967586 0.07945152 353.0791 -0.9088653 -0.04458078 0.4147004 48.22475 0 0 0 1
0.3618038 0.07321788 0.9293746 730.0029 0.003988537 0.9967804 -0.08008096 353.0869 -0.9322457 0.03268044 0.3603469 75.68339 0 0 0 1
0.2289932 0.1330873 0.9642872 751.2805 0.1067929 0.9811955 -0.1607815 347.548 -0.9675522 0.1397969 0.2104744 113.7526 0 0 0 1
-0.05472039 0.1330452 0.9895982 751.2655 0.1520553 0.9806343 -0.123432 347.3485 -0.986856 0.1437194 -0.07389092 115.1467 0 0 0 1
-0.0808142 -0.1040589 0.9912824 666.9987 0.127605 0.9852713 0.1138309 348.9965 -0.9885272 0.1356918 -0.06634548 112.2936 0 0 0 1
0.1276487 -0.1131447 0.9853446 663.7697 0.1437546 0.9850917 0.09449264 348.9327 -0.9813462 0.129586 0.1420107 110.1236 0 0 0 1
0.0344503 -0.2094807 0.9772057 629.5318 0.2315678 0.9528498 0.196096 337.4739 -0.9722086 0.2195338 0.08133494 142.0911 0 0 0 1
0.3646381 -0.1670103 0.9160495 644.6258 0.2437582 0.966597 0.07919677 342.3597 -0.8986773 0.1944164 0.3931682 133.1644 0 0 0 1
0.4612879 -0.1202107 0.8790693 661.2584 0.1253386 0.9896722 0.06956443 350.5606 -0.8783528 0.07809212 0.4715909 91.8227 0 0 0 1
0.3904232 -0.1806687 0.9027339 639.7716 0.1268088 0.9817623 0.1416416 347.7494 -0.9118603 0.05917441 0.4062132 85.09935 0 0 0 1
0.007616627 -0.2847992 0.958557 602.7636 0.1815884 0.9430409 0.2787463 333.9879 -0.9833452 0.1719397 0.05889903 125.1761 0 0 0 1
-0.1954896 -0.1088034 0.9746516 665.3125 0.1280958 0.9824798 0.13537 348.0044 -0.9723041 0.1513122 -0.1781273 117.8451 0 0 0 1
-0.07346936 -0.04753274 0.9961641 687.0881 -0.004005765 0.9988695 0.0473664 353.8293 -0.9972894 -0.0005104198 -0.0735767 63.88736 0 0 0 1
0.1067143 -0.08911776 0.9902879 672.3088 -0.1084666 0.9889877 0.1006892 350.3174 -0.9883558 -0.1181581 0.09587279 22.07537 0 0 0 1
0.01070326 0.1108873 0.9937754 743.3906 0.0799334 0.990557 -0.1113891 350.8751 -0.9967427 0.08062807 0.001738583 92.72398 0 0 0 1
-0.02874845 0.1444097 0.9891003 755.3044 -0.06226146 0.9873292 -0.1459607 349.7279 -0.9976457 -0.06577897 -0.01939303 40.69092 0 0 0 1
0.2596534 -0.1427306 0.9550958 653.2548 -0.0510321 0.9856074 0.1611639 349.116 -0.9643525 -0.09058731 0.2486325 31.87403 0 0 0 1
0.4892176 -0.228101 0.8418053 622.9142 0.1159138 0.9736364 0.1964591 344.8615 -0.8644248 0.001465567 0.5027601 64.58962 0 0 0 1
0.2291523 -0.3030413 0.9250163 596.2804 0.169058 0.9482513 0.2687728 335.8396 -0.9585972 0.09479154 0.2685255 97.75768 0 0 0 1
-0.1605143 -0.3373596 0.9275903 584.0837 0.1282226 0.9246853 0.3584913 327.4643 -0.9786696 0.176481 -0.1051681 126.7901 0 0 0 1
-0.1016784 -0.3028972 0.9475836 596.3316 0.05270467 0.9495424 0.3091787 336.2985 -0.9934202 0.08137889 -0.0805839 92.99082 0 0 0 1
0.009222413 -0.2834579 0.9589403 603.2404 -0.09109476 0.9547554 0.2830969 338.1512 -0.9957995 -0.08996528 -0.01701638 32.0951 0 0 0 1
0.3552957 -0.2536207 0.8996897 613.8445 -0.02032822 0.9601642 0.2786961 340.0735 -0.9345329 -0.1173086 0.3359865 22.37728 0 0 0 1
0.5828779 -0.1506349 0.7984751 650.4456 0.03882002 0.9867066 0.1578072 349.5066 -0.8116319 -0.06098549 0.5809771 42.39452 0 0 0 1
0.6330101 -0.1610351 0.7572093 646.7494 -0.07122213 0.9618624 0.2640986 340.677 -0.7708603 -0.2211071 0.5973994 -14.51271 0 0 0 1
0.6021069 -0.2539746 0.756944 613.7187 -0.02614025 0.9412788 0.3366168 333.3616 -0.7979875 -0.222466 0.5601115 -14.99566 0 0 0 1
0.2121508 -0.1918914 0.9582117 635.7831 -0.1170613 0.9684811 0.2198656 343.0293 -0.9702003 -0.1588142 0.183001 7.626183 0 0 0 1
-0.04246375 -0.1328824 0.9902217 656.7548 -0.02313153 0.9909808 0.1319923 351.0257 -0.9988302 -0.01730045 -0.04515453 57.92018 0 0 0 1
-0.1480171 -0.2406806 0.9592517 618.4434 0.02631215 0.968634 0.2470948 343.0836 -0.9886347 0.06181422 -0.1370416 86.03754 0 0 0 1
-0.01725747 -0.2995115 0.9539366 597.5349 0.1780058 0.9379166 0.2977019 332.1667 -0.9838781 0.1749439 0.03712872 126.2438 0 0 0 1
0.09114648 -0.423923 0.9011002 553.319 0.09458336 0.9044613 0.4159371 320.2767 -0.9913356 0.04731788 0.1225345 80.88554 0 0 0 1
-0.05635879 -0.1305854 0.9898339 657.5712 0.1877695 0.9723325 0.1389677 344.3981 -0.9805949 0.1936927 -0.03027952 132.9071 0 0 0 1
0.2999575 -0.05951563 0.9520942 682.8294 0.1293405 0.9913731 0.02122222 351.1651 -0.9451436 0.1167785 0.3050676 105.5719 0 0 0 1
0.3958607 -0.1094379 0.9117662 665.087 0.106574 0.9916395 0.07275382 351.2598 -0.9121054 0.0683702 0.4042144 88.36753 0 0 0 1
0.04179683 -0.2518373 0.9668666 614.4783 0.1463167 0.958822 0.2434168 339.5965 -0.9883544 0.1312947 0.07692374 110.7309 0 0 0 1
0.3965166 -0.238203 0.8865855 619.3239 0.1986769 0.9651293 0.1704494 341.838 -0.8962712 0.1085581 0.4300152 102.6503 0 0 0 1
0.5905477 -0.07043628 0.803923 678.9482 0.03625423 0.9974935 0.06076438 353.3403 -0.806188 -0.006738652 0.5916211 61.67384 0 0 0 1
-0.001529973 -0.07900377 0.9968731 675.9033 0.07891159 0.9937561 0.07887785 352.012 -0.9968805 0.07878552 0.004713893 92.06914 0 0 0 1
-0.1920502 -0.2119236 0.9582302 628.6636 0.1271123 0.9628094 0.2384124 341.0136 -0.9731183 0.16759 -0.1579697 123.6302 0 0 0 1
0.3712569 -0.1950279 0.9078174 634.6683 0.1989097 0.9717008 0.1274068 344.1736 -0.9069748 0.1332731 0.3995435 111.434 0 0 0 1
0.5647181 -0.2749544 0.7781346 606.2625 0.2269397 0.9582568 0.1739031 339.3956 -0.7934682 0.0783834 0.603543 91.92622 0 0 0 1
-0.06527448 -0.2365043 0.9694354 619.9276 0.07575584 0.9675291 0.2411401 342.6909 -0.9949876 0.08918069 -0.04523837 95.76358 0 0 0 1
-0.1178091 -0.3891653 0.9136035 565.6719 0.1732681 0.8978418 0.4047942 317.9241 -0.9778032 0.2059868 -0.03834401 137.2765 0 0 0 1
0.4175048 -0.2314054 0.8787157 621.7398 -0.001452672 0.9668588 0.2553076 342.4527 -0.9086735 -0.1078687 0.4033321 25.73224 0 0 0 1
0.1305893 0.1219032 0.9839137 747.3057 -0.1097368 0.9880915 -0.1078561 349.9988 -0.9853448 -0.09388667 0.1424115 30.70144 0 0 0 1
0.4752479 0.08137794 0.8760805 732.903 -0.05208797 0.9965694 -0.0643138 353.0119 -0.8783088 -0.01506825 0.4778563 58.7135 0 0 0 1
0.03973769 0.0321378 0.9986932 715.403 0.1481908 0.98824 -0.03769788 350.0516 -0.9881601 0.1494952 0.03450785 117.1994 0 0 0 1
-0.1909067 -0.1628734 0.9680015 646.0961 0.05915646 0.982437 0.176969 347.9892 -0.9798241 0.09104811 -0.1779188 96.42726 0 0 0 1
-0.170002 -0.2538594 0.9521842 613.7596 0.2831677 0.9129139 0.2939461 323.2807 -0.9438831 0.3195992 -0.08331242 177.6543 0 0 0 1
0.4232729 -0.1979733 0.8841078 633.6215 0.2019345 0.9719014 0.1209549 344.2449 -0.8832115 0.127335 0.4513572 109.3236 0 0 0 1
0.5082871 -0.2397376 0.8271458 618.7785 0.1026458 0.9704893 0.2182072 343.743 -0.8550485 -0.02600888 0.5178953 54.82521 0 0 0 1
0.5241114 -0.1883821 0.8305537 637.0303 -0.07840252 0.9604153 0.2673116 340.1627 -0.8480331 -0.2052186 0.488595 -8.865924 0 0 0 1
0.5589736 0.01674342 0.8290164 709.9319 -0.2358274 0.9617178 0.1395857 340.6256 -0.7949428 -0.2735295 0.5415234 -33.14363 0 0 0 1
0.2096343 -0.03401157 0.9771882 691.8936 -0.248006 0.9648632 0.08678684 341.7435 -0.9458047 -0.260542 0.1938333 -28.52786 0 0 0 1
0.2241033 -0.2687778 0.9367691 608.4576 -0.1632226 0.9372886 0.3079746 331.9435 -0.9607998 -0.22192 0.1661789 -14.80159 0 0 0 1
-0.07805778 -0.2618004 0.9619603 610.9374 0.07425763 0.9606972 0.2674823 340.2629 -0.9941794 0.09231196 -0.05554921 96.87643 0 0 0 1
-0.09538154 -0.006047855 0.9954224 701.8318 0.2756716 0.9607106 0.03225186 340.2677 -0.956508 0.277486 -0.08996684 162.6873 0 0 0 1
0.4303238 0.1904166 0.8823621 771.6553 0.1915615 0.9359689 -0.2954088 331.4745 -0.8821143 0.2961481 0.3662932 169.3198 0 0 0 1
0.7667994 -0.1453109 0.6252226 652.3378 0.1179475 0.9893508 0.08528393 350.4464 -0.6309572 0.008347755 0.7757728 67.03555 0 0 0 1
0.7571388 -0.2754507 0.5923409 606.0861 0.2949844 0.9532056 0.06620686 337.6004 -0.5828593 0.1246036 0.8029626 108.3529 0 0 0 1
0.2548396 -0.3560604 0.8990427 577.4374 0.4091689 0.8821099 0.2333727 312.333 -0.8761493 0.3083877 0.3704854 173.6697 0 0 0 1
-0.08073872 -0.3202787 0.9438764 590.1557 0.4781537 0.8184447 0.3186179 290.096 -0.8745572 0.4770429 0.0870623 233.6099 0 0 0 1
0.8004279 -0.07959274 0.5941213 675.6955 0.2264729 0.9578378 -0.1767961 339.6363 -0.5550001 0.2760649 0.7847057 162.1824 0 0 0 1
-0.2164882 0.1525235 0.9642974 758.1881 -0.08024555 0.9815988 -0.1732755 347.6913 -0.9729818 -0.1148927 -0.2002653 23.2359 0 0 0 1
-0.2883538 -0.2773837 0.9164662 605.399 -0.05346694 0.960292 0.2738257 340.1189 -0.95603 0.02995805 -0.2917348 74.71585 0 0 0 1
-0.1577425 -0.3814449 0.9108332 568.4157 0.2352748 0.8813006 0.4098231 312.0453 -0.9590428 0.2789426 -0.0492742 163.205 0 0 0 1
0.5296555 -0.3366041 0.7785646 584.3522 0.1642933 0.9412173 0.295157 333.3398 -0.8321495 -0.02841859 0.5538227 53.9688 0 0 0 1
0.6104594 -0.1237502 0.7823204 660.0004 -0.05152607 0.9794219 0.1951352 346.9177 -0.7903697 -0.159432 0.591521 7.406625 0 0 0 1
0.5665046 0.1212039 0.8150964 747.0571 -0.2092596 0.9778601 3.200995E-05 346.3626 -0.7970464 -0.1705849 0.5793253 3.442887 0 0 0 1
-0.1042337 0.03333307 0.9939941 715.8278 0.1834924 0.9829254 -0.01372023 348.1628 -0.9774793 0.1809602 -0.1085703 128.382 0 0 0 1
-0.1770996 -0.2180817 0.9597271 626.475 0.1452731 0.9586673 0.2446483 339.5415 -0.9734123 0.1827496 -0.1380982 129.018 0 0 0 1
-0.09938699 -0.3598825 0.927689 576.079 0.1008232 0.9238645 0.3692005 327.1726 -0.9899277 0.1302263 -0.05553561 110.3512 0 0 0 1
0.2589948 -0.420128 0.8697207 554.6677 0.2066442 0.9036979 0.3750044 320.0053 -0.9435146 0.08259859 0.3208701 93.4243 0 0 0 1
0.5628453 -0.3804566 0.7337969 568.767 0.1643316 0.9215542 0.351757 326.3515 -0.8100619 -0.07739877 0.5812135 36.56124 0 0 0 1
0.7133003 -0.1894032 0.6747808 636.6674 0.05964747 0.9757041 0.2108165 345.5964 -0.6983157 -0.1101265 0.7072675 24.92981 0 0 0 1
-0.214349 -0.2037538 0.955269 631.5671 0.06099721 0.9732994 0.2212865 344.7417 -0.9748507 0.1057013 -0.1961973 101.635 0 0 0 1
-0.1066896 -0.3860615 0.9162826 566.775 0.1506633 0.9046242 0.3986923 320.3346 -0.9828112 0.1805864 -0.0383487 128.2492 0 0 0 1
0.3073142 -0.4047529 0.8612393 560.1321 0.3523861 0.8890999 0.2921052 314.8172 -0.8839582 0.2137207 0.4158623 140.0251 0 0 0 1
-0.1209264 -0.3833869 0.9156371 567.7256 0.1607704 0.9026639 0.3991875 319.6379 -0.9795558 0.1954796 -0.04751868 133.5422 0 0 0 1
-0.3197685 -0.3737983 0.8706452 571.1334 -0.1652853 0.9268081 0.3372054 328.2187 -0.9329678 -0.03607719 -0.3581474 51.24693 0 0 0 1
-0.2652332 -0.4930436 0.8285888 528.7535 -0.1383758 0.8699364 0.4733527 308.0065 -0.9542031 0.01089219 -0.2989613 67.93985 0 0 0 1
0.4098373 -0.16829 0.8964998 644.171 -0.2960209 0.9050997 0.3052311 320.5036 -0.8627891 -0.3904777 0.3211263 -74.70703 0 0 0 1
-0.1688855 -0.3377024 0.9259777 583.9618 0.4470899 0.8110128 0.3773179 287.0651 -0.878401 0.4777189 0.01401503 233.85 0 0 0 1
0.2786961 -0.3599498 0.8903733 576.0551 0.5095723 0.841262 0.1805942 297.8156 -0.8140421 0.4033787 0.4178768 207.4296 0 0 0 1
0.5156728 -0.03198351 0.8561884 692.6143 0.3641578 0.9127311 -0.1852325 323.2157 -0.7755454 0.407307 0.4823176 208.8257 0 0 0 1
0.548254 -0.1319372 0.825839 657.0908 0.1034167 0.9905939 0.08960293 350.8882 -0.8298931 0.03628034 0.5567416 76.96279 0 0 0 1
0.6592759 -0.3315309 0.6748649 586.1552 0.1568937 0.9384438 0.3077459 332.3541 -0.7353501 -0.09700739 0.6707085 29.59233 0 0 0 1
0.08049598 -0.2453744 0.9660807 616.7752 0.1057238 0.9658602 0.2365092 342.0978 -0.9911321 0.0830997 0.1036898 93.60239 0 0 0 1
-0.1353284 -0.1030171 0.9854307 667.369 0.02451867 0.9939273 0.1072725 352.0729 -0.9904974 0.03867847 -0.1319808 77.81509 0 0 0 1
-0.2646711 -0.1948647 0.9444453 634.7264 0.2028041 0.9462208 0.2520647 335.118 -0.9427724 0.2582516 -0.2109179 155.8514 0 0 0 1
0.3467657 -0.09846017 0.9327696 668.9885 0.0726444 0.9943071 0.07794964 352.2079 -0.9351344 0.04073022 0.3519442 78.54428 0 0 0 1
0.5699406 -0.2862765 0.7702035 602.2386 0.2000305 0.9574857 0.2078674 339.1216 -0.7969664 0.03559215 0.6029741 76.71822 0 0 0 1
-0.1018171 -0.2002445 0.9744411 632.8143 0.03890228 0.9779809 0.2050367 346.4055 -0.9940422 0.05878424 -0.09178525 84.96068 0 0 0 1
-0.07202626 -0.3703202 0.9261075 572.3694 0.1548988 0.9131003 0.377166 323.347 -0.9853013 0.1706188 -0.008405043 124.7067 0 0 0 1
0.4454789 -0.359915 0.819762 576.0674 0.1717809 0.9329851 0.3162754 330.414 -0.878658 -7.461318E-05 0.4774517 64.04224 0 0 0 1
-0.05735345 -0.2717211 0.9606655 607.4116 0.1809103 0.9434904 0.2776639 334.1476 -0.9818259 0.1897192 -0.004955282 131.495 0 0 0 1
-0.01927577 -0.3647933 0.930889 574.3337 0.05120647 0.9294798 0.3653014 329.1682 -0.9985021 0.05470901 0.0007633348 83.51234 0 0 0 1
0.5143722 -0.3283553 0.7922147 587.2838 0.1892545 0.9444809 0.2685863 334.4996 -0.8364233 0.01177685 0.5479574 68.25426 0 0 0 1
0.2666017 -0.02807819 0.9633977 694.0023 0.04954203 0.9986534 0.01539591 353.7525 -0.9625327 0.0436241 0.2676337 79.57277 0 0 0 1
0.02583718 -0.1714185 0.9848595 643.0591 0.04670293 0.9843196 0.1700993 348.6583 -0.9985746 0.04160094 0.03343778 78.85374 0 0 0 1
-0.1076486 -0.3392227 0.9345265 583.4215 0.1897213 0.9157054 0.3542449 324.2728 -0.9759188 0.2154336 -0.03421659 140.6339 0 0 0 1
0.5985466 -0.289028 0.747131 601.2607 0.1954753 0.9571486 0.2136729 339.0017 -0.7768729 0.01815244 0.6293958 70.52014 0 0 0 1
-0.2109313 -0.1808799 0.9606198 639.6965 0.03963129 0.9803399 0.1932953 347.2439 -0.9766971 0.07884264 -0.1996159 92.08944 0 0 0 1
0.324952 -0.194398 0.9255353 634.8922 0.13598 0.978081 0.1576925 346.4411 -0.9359037 0.07461178 0.3442636 90.58579 0 0 0 1
-0.2072676 -0.3688947 0.9060667 572.8761 0.09818115 0.9136593 0.3944454 323.5456 -0.973345 0.1707144 -0.1531534 124.7407 0 0 0 1
0.5703898 -0.3430206 0.7463192 582.0717 0.120352 0.9337189 0.3371711 330.6748 -0.812509 -0.102498 0.573867 27.64099 0 0 0 1
-0.05188459 -0.09300624 0.9943128 671.1201 -0.06144055 0.994065 0.08977702 352.1218 -0.9967613 -0.05643307 -0.057291 41.85236 0 0 0 1
-0.1520332 -0.1730363 0.9731107 642.4841 0.1666713 0.9659677 0.1978059 342.136 -0.9742211 0.1922626 -0.1180189 132.3989 0 0 0 1
