DataSet_1
-0.07925302535295486 0.7539232969284058 0.6521645784378052 59.722747802734375 
-0.02072572521865368 -0.6553272008895874 0.7550607323646545 28.636510848999023 
0.9966390132904053 0.04632424935698509 0.06756225973367691 -1356.8160400390625 
0.0 0.0 0.0 1.0

DataSet_2
-0.10772949457168579 0.785561740398407 0.609333336353302 60.70172882080078 
-0.22336211800575256 -0.6163561344146729 0.7551254630088806 55.69869613647461 
0.968764066696167 -0.05475267767906189 0.24186444282531738 -1341.1297607421875 
0.0 0.0 0.0 1.0

DataSet_3
-0.11121661216020584 0.7611157894134521 0.6390098929405212 61.71398162841797 
-0.04674398526549339 -0.646293580532074 0.7616558074951172 33.939697265625 
0.9926962852478027 0.054838892072439194 0.10745618492364883 -1347.169189453125 
0.0 0.0 0.0 1.0

DataSet_4
-0.14072294533252716 0.7090240120887756 0.6910006999969482 63.880943298339844 
0.15588311851024628 -0.6733728647232056 0.7226821184158325 1.570988655090332 
0.9777001142501831 0.2094133049249649 -0.015765851363539696 -1337.50146484375 
0.0 0.0 0.0 1.0

DataSet_5
-0.1899077445268631 0.7375237941741943 0.6480692028999329 66.33265686035156 
-0.2371000200510025 -0.674995481967926 0.6986878514289856 34.496803283691406 
0.9527426958084106 -0.02097100019454956 0.30305376648902893 -1321.19970703125 
0.0 0.0 0.0 1.0

DataSet_6
-0.10317002981901169 0.7581788301467896 0.6438329815864563 61.348514556884766 
-0.18394407629966736 -0.6506654620170593 0.736748993396759 41.77471923828125 
0.9775073528289795 -0.042418867349624634 0.2065916806459427 -1346.2664794921875 
0.0 0.0 0.0 1.0

DataSet_7
0.005083739757537842 0.7287942171096802 0.6847139596939087 52.776268005371094 
-0.021149367094039917 -0.6844912767410278 0.7287142276763916 17.458087921142578 
0.9997633695602417 -0.018185824155807495 0.011933743953704834 -1380.624755859375 
0.0 0.0 0.0 1.0

DataSet_8
-0.10049936175346375 0.7052079439163208 0.7018415927886963 61.303688049316406 
0.36819586157798767 -0.628970205783844 0.6847103238105774 -16.530914306640625 
0.9243006110191345 0.3272280991077423 -0.19644352793693542 -1342.192626953125 
0.0 0.0 0.0 1.0

DataSet_9
-0.1932353675365448 0.7667093873023987 0.6122227907180786 65.36812591552734 
0.3163045644760132 -0.5419890880584717 0.7785879969596863 23.430683135986328 
0.9287687540054321 0.34409964084625244 -0.1377822458744049 -1328.255615234375 
0.0 0.0 0.0 1.0

DataSet_-2.4
-0.21559588611125946 0.6925371885299683 0.6884116530418396 67.45391845703125 
-0.12984883785247803 -0.7190629243850708 0.6827062368392944 12.1339693069458 
0.9678107500076294 0.05779922008514404 0.24495214223861694 -1318.0198974609375 
0.0 0.0 0.0 1.0

DataSet_11
-0.21597978472709656 0.6229432821273804 0.7518606185913086 65.66547393798828 
-0.29475000500679016 -0.7757080793380737 0.5580317378044128 -7.012489318847656 
0.9308465123176575 -0.10108734667301178 0.3511497974395752 -1325.6488037109375 
0.0 0.0 0.0 1.0

DataSet_12
-0.10242416709661484 0.5369035005569458 0.8374030590057373 53.837799072265625 
-0.09220564365386963 -0.843330442905426 0.5294259786605835 -45.285858154296875 
0.9904581904411316 -0.022987276315689087 0.13588294386863708 -1357.4210205078125 
0.0 0.0 0.0 1.0

DataSet_13
-0.09513195604085922 0.6892656087875366 0.7182359099388123 60.77632522583008 
0.18513080477714539 -0.6966710686683655 0.693091630935669 -11.373522758483887 
0.9780983924865723 0.19890275597572327 -0.06132861226797104 -1348.09765625 
0.0 0.0 0.0 1.0

DataSet_14
-0.25168901681900024 0.6899977922439575 0.6786425709724426 68.38932800292969 
0.09952188283205032 -0.6790462732315063 0.7273180484771729 6.84602165222168 
0.962677538394928 0.2505977749824524 0.10223863273859024 -1305.57568359375 
0.0 0.0 0.0 1.0

DataSet_15
-0.3171679377555847 0.7383086681365967 0.5952351093292236 68.49623107910156 
-0.1040998324751854 -0.6509512066841125 0.7519479990005493 36.43239212036133 
0.9426386952400208 0.17652994394302368 0.2833186686038971 -1284.2080078125 
0.0 0.0 0.0 1.0

DataSet_16
-0.295844703912735 0.7399164438247681 0.6041519045829773 68.53201293945312 
-0.3693135678768158 -0.671879768371582 0.6420164108276367 36.72129821777344 
0.8809559345245361 -0.03318434953689575 0.4720332622528076 -1284.25 
0.0 0.0 0.0 1.0

DataSet_17
-0.06745690852403641 0.7258249521255493 0.6845638751983643 59.19042205810547 
-0.37884628772735596 -0.6533732414245605 0.6554227471351624 43.74956512451172 
0.9229978322982788 -0.21513167023658752 0.3190505802631378 -1353.339111328125 
0.0 0.0 0.0 1.0

DataSet_18
-0.07027317583560944 0.7592015862464905 0.6470507383346558 58.94478225708008 
-0.1812378168106079 -0.6475756764411926 0.7401341795921326 42.18301010131836 
0.9809253215789795 -0.06525850296020508 0.18310324847698212 -1355.556640625 
0.0 0.0 0.0 1.0

DataSet_19
0.048388462513685226 0.7890541553497314 0.6124149560928345 46.997318267822266 
-0.2891945540904999 -0.5758036971092224 0.7647330164909363 71.62550354003906 
0.9560465812683105 -0.2141112983226776 0.20032790303230286 -1379.1612548828125 
0.0 0.0 0.0 1.0

DataSet_20
-0.04743386432528496 0.8413750529289246 0.5383660793304443 52.42539978027344 
0.023979751393198967 -0.5378583073616028 0.8426941633224487 63.88357162475586 
0.9985864758491516 0.05288210138678551 0.005336746107786894 -1367.277099609375 
0.0 0.0 0.0 1.0

DataSet_21
-0.08215892314910889 0.7870120406150818 0.611442506313324 58.77326583862305 
0.16852782666683197 -0.5937103629112244 0.7868331670761108 28.37252426147461 
0.982266902923584 0.16769041121006012 -0.0838547945022583 -1359.052001953125 
0.0 0.0 0.0 1.0

DataSet_22
-0.014436705969274044 0.7737708687782288 0.6333010196685791 53.786216735839844 
0.1093124970793724 -0.6283494234085083 0.7702128291130066 23.85948944091797 
0.9939025640487671 0.08034705370664597 -0.07551155239343643 -1376.54443359375 
0.0 0.0 0.0 1.0

DataSet_23
0.11960141360759735 0.744136393070221 0.6572340130805969 39.7730598449707 
-0.29286813735961914 -0.6060850620269775 0.7395195364952087 61.05109786987305 
0.9486430883407593 -0.28093042969703674 0.14544521272182465 -1402.136962890625 
0.0 0.0 0.0 1.0

DataSet_24
-0.055820077657699585 0.7144296169281006 0.6974771618843079 58.334136962890625 
-0.4808051288127899 -0.6314684748649597 0.6083370447158813 49.47592544555664 
0.8750488758087158 -0.30139321088790894 0.3787500560283661 -1354.2950439453125 
0.0 0.0 0.0 1.0

DataSet_25
-0.1556820422410965 0.6386580467224121 0.753577470779419 63.305885314941406 
-0.3037349581718445 -0.7568698525428772 0.5786994695663452 1.5049123764038086 
0.9399511814117432 -0.1387946903705597 0.3118138015270233 -1341.3863525390625 
0.0 0.0 0.0 1.0

DataSet_26
-0.10368017852306366 0.5788394212722778 0.8088234066963196 56.816978454589844 
-0.07804170250892639 -0.8154333829879761 0.5735659599304199 -32.673988342285156 
0.9915441870689392 -0.003654569387435913 0.1297179013490677 -1354.6431884765625 
0.0 0.0 0.0 1.0

DataSet_27
-0.29232296347618103 0.7015005350112915 0.6499571204185486 69.22037506103516 
-0.26780563592910767 -0.7124997973442078 0.6485554575920105 20.306926727294922 
0.918056309223175 0.015525429509580135 0.39614588022232056 -1292.513916015625 
0.0 0.0 0.0 1.0

DataSet_28
-0.3470897674560547 0.5909198522567749 0.7282461524009705 67.22860717773438 
-0.2066965401172638 -0.8056269884109497 0.555195152759552 -22.330020904541016 
0.9147706031799316 0.04217660427093506 0.40176597237586975 -1285.863037109375 
0.0 0.0 0.0 1.0

DataSet_29
-0.033173128962516785 0.6359935402870178 0.7709810137748718 54.206298828125 
0.04298516735434532 -0.7697839140892029 0.6368554830551147 -23.488372802734375 
0.9985247850418091 0.05426722392439842 -0.0018021351424977183 -1368.8365478515625 
0.0 0.0 0.0 1.0

DataSet_30
0.043203819543123245 0.7687843441963196 0.6380470395088196 48.260746002197266 
0.24298295378684998 -0.62755286693573 0.7396868467330933 5.486976623535156 
0.9690679311752319 0.12307727336883545 -0.2139141708612442 -1390.8067626953125 
0.0 0.0 0.0 1.0

DataSet_31
0.11355080455541611 0.7597503066062927 0.6402230858802795 39.97320556640625 
-0.052552755922079086 -0.6388958692550659 0.7674961090087891 36.65665817260742 
0.9921413064002991 -0.12079533189535141 -0.032620158046483994 -1409.1246337890625 
0.0 0.0 0.0 1.0

DataSet_32
0.1750371903181076 0.6738158464431763 0.7178678512573242 32.062965393066406 
-0.44701945781707764 -0.5952510833740234 0.667719841003418 63.950416564941406 
0.877231776714325 -0.43777668476104736 0.19701771438121796 -1416.281494140625 
0.0 0.0 0.0 1.0

DataSet_33
0.11402363330125809 0.6441700458526611 0.7563355565071106 39.177730560302734 
-0.37348002195358276 -0.6776636242866516 0.633470356464386 33.96657943725586 
0.9206037521362305 -0.35470685362815857 0.16331501305103302 -1410.502685546875 
0.0 0.0 0.0 1.0

DataSet_34
0.07376663386821747 0.5540735125541687 0.8291929960250854 38.56373596191406 
-0.21435852348804474 -0.8032148480415344 0.5557844638824463 -21.104522705078125 
0.973965585231781 -0.2187429517507553 0.0595199316740036 -1409.11669921875 
0.0 0.0 0.0 1.0

DataSet_35
0.09666601568460464 0.6545935869216919 0.7497752904891968 41.33454513549805 
0.1358582228422165 -0.7549302577972412 0.6415784358978271 -28.638826370239258 
0.986001193523407 0.0398443304002285 -0.16190803050994873 -1400.3199462890625 
0.0 0.0 0.0 1.0

DataSet_36
-0.008865103125572205 0.7389668822288513 0.6736834049224854 53.871856689453125 
0.36587202548980713 -0.6245974898338318 0.6899388432502747 -14.975761413574219 
0.9306229948997498 0.25259828567504883 -0.26483020186424255 -1370.5340576171875 
0.0 0.0 0.0 1.0

DataSet_37
0.07346013188362122 0.6751576662063599 0.7340066432952881 44.86963653564453 
0.4711340069770813 -0.67218416929245 0.5711402297019958 -56.631263732910156 
0.8789973855018616 0.3038594424724579 -0.3674684762954712 -1374.8170166015625 
0.0 0.0 0.0 1.0

DataSet_38
0.156907856464386 0.6883345246315002 0.7082200050354004 34.77482604980469 
0.43143999576568604 -0.6928318738937378 0.5777919292449951 -55.76427459716797 
0.8883915543556213 0.21489430963993073 -0.40568581223487854 -1400.85546875 
0.0 0.0 0.0 1.0

DataSet_39
0.018411953002214432 0.5833818912506104 0.8119893074035645 46.538490295410156 
0.016597479581832886 -0.8121933937072754 0.583152174949646 -39.43565368652344 
0.9996927380561829 0.0027399957180023193 -0.024636726826429367 -1383.56787109375 
0.0 0.0 0.0 1.0

DataSet_40
-0.07278116047382355 0.6337307691574097 0.7701221704483032 57.525081634521484 
-0.271779865026474 -0.7555495500564575 0.596054196357727 2.658781051635742 
0.9596033692359924 -0.16592222452163696 0.22722503542900085 -1364.9456787109375 
0.0 0.0 0.0 1.0

DataSet_41
0.0444825142621994 0.6400662660598755 0.7670309543609619 47.04022979736328 
-0.41022148728370667 -0.6883711814880371 0.5982168912887573 28.957578659057617 
0.9109004139900208 -0.3412627875804901 0.23194846510887146 -1393.677734375 
0.0 0.0 0.0 1.0

DataSet_42
0.13813892006874084 0.7445116639137268 0.6531616449356079 37.307289123535156 
-0.31266582012176514 -0.5929772257804871 0.7420364618301392 66.75486755371094 
0.9397647380828857 -0.306725412607193 0.15087011456489563 -1405.2774658203125 
0.0 0.0 0.0 1.0

DataSet_43
0.25035935640335083 0.6759051084518433 0.6931612491607666 20.206100463867188 
-0.1701168417930603 -0.6741111278533936 0.7187728881835938 32.10690689086914 
0.9530899524688721 -0.2978699207305908 -0.05378717556595802 -1444.41162109375 
0.0 0.0 0.0 1.0

DataSet_44
-0.02744308114051819 0.7629417777061462 0.6458844542503357 55.433189392089844 
-0.3717537820339203 -0.6075738668441772 0.7018924951553345 61.55448532104492 
0.927925705909729 -0.22084788978099823 0.3003001809120178 -1358.4100341796875 
0.0 0.0 0.0 1.0

DataSet_45
-0.13693936169147491 0.7735084295272827 0.6188153028488159 62.75439453125 
-0.014573663473129272 -0.6262059211730957 0.7795214653015137 38.35188674926758 
0.9904721975326538 0.09772875905036926 0.0970250815153122 -1340.0457763671875 
0.0 0.0 0.0 1.0

DataSet_46
-0.08721528947353363 0.7682632207870483 0.6341649293899536 59.803367614746094 
0.10585841536521912 -0.6258389353752136 0.7727351188659668 25.479576110839844 
0.9905490875244141 0.13452601432800293 -0.026744410395622253 -1355.93359375 
0.0 0.0 0.0 1.0

DataSet_47
0.0751897394657135 0.7331592440605164 0.6758875846862793 45.31262969970703 
-0.2497374713420868 -0.6423596143722534 0.724572479724884 46.96829605102539 
0.9653899073600769 -0.22327487170696259 0.13479849696159363 -1394.3861083984375 
0.0 0.0 0.0 1.0

DataSet_48
0.0301462784409523 0.8130202889442444 0.5814544558525085 47.500999450683594 
0.10135558247566223 -0.5812068581581116 0.8074191212654114 41.04734802246094 
0.9943934082984924 0.03459298610687256 -0.09992536157369614 -1390.4976806640625 
0.0 0.0 0.0 1.0

DataSet_49
-0.10949277132749557 0.7468170523643494 0.6559539437294006 61.64471435546875 
0.346497118473053 -0.5898503661155701 0.7293944954872131 1.274383544921875 
0.9316388964653015 0.30714961886405945 -0.19418561458587646 -1346.568603515625 
0.0 0.0 0.0 1.0

DataSet_50
-0.10861135274171829 0.7004397511482239 0.7053989768028259 61.96837615966797 
-0.27683284878730774 -0.702838122844696 0.6552725434303284 24.079280853271484 
0.9547602534294128 -0.12410756200551987 0.2702409327030182 -1347.8233642578125 
0.0 0.0 0.0 1.0

DataSet_51
0.04615854471921921 0.6976227164268494 0.7149768471717834 48.59235382080078 
-0.4785028100013733 -0.6128405332565308 0.6288573741912842 56.635440826416016 
0.8768719434738159 -0.3711456060409546 0.30552661418914795 -1382.304443359375 
0.0 0.0 0.0 1.0

DataSet_52
-0.01493991818279028 0.8150190114974976 0.5792415738105774 51.80437469482422 
0.0577792190015316 -0.5776345729827881 0.8142480254173279 47.15478515625 
0.9982175827026367 0.045632924884557724 -0.038461338728666306 -1377.0963134765625 
0.0 0.0 0.0 1.0

DataSet_53
0.04580987989902496 0.8466233611106873 0.5302172303199768 43.040889739990234 
0.30339065194129944 -0.5174945592880249 0.8000959157943726 33.11418533325195 
0.9517644047737122 0.1242106482386589 -0.28056398034095764 -1401.678955078125 
0.0 0.0 0.0 1.0

DataSet_54
0.049981288611888885 0.6761085987091064 0.7351047396659851 47.59413146972656 
-0.3420359790325165 -0.6799306869506836 0.6486182808876038 33.52165603637695 
0.9383566379547119 -0.2838510572910309 0.19726966321468353 -1391.7034912109375 
0.0 0.0 0.0 1.0

DataSet_55
0.23935815691947937 0.6916592121124268 0.6814067363739014 22.52704620361328 
-0.403970330953598 -0.567234456539154 0.7176719307899475 75.13318634033203 
0.8829017877578735 -0.44704875349998474 0.14363762736320496 -1428.869384765625 
0.0 0.0 0.0 1.0

DataSet_56
0.07848883420228958 0.6828708648681641 0.7263104319572449 44.3554573059082 
0.198087677359581 -0.7247136235237122 0.6599631905555725 -24.919723510742188 
0.977036714553833 0.09207341820001602 -0.19215023517608643 -1394.1064453125 
0.0 0.0 0.0 1.0

DataSet_57
-0.3081153929233551 0.5766960978507996 0.7566284537315369 65.96617126464844 
-0.03896591067314148 -0.8023042678833008 0.5956421494483948 -29.80565071105957 
0.9505506753921509 0.1540437787771225 0.26967376470565796 -1292.0482177734375 
0.0 0.0 0.0 1.0

DataSet_58
-0.24802878499031067 0.6646827459335327 0.7047542929649353 67.72795867919922 
0.24485522508621216 -0.6608523726463318 0.7094505429267883 -6.845458984375 
0.937298059463501 0.34852689504623413 0.0011593960225582123 -1302.1563720703125 
0.0 0.0 0.0 1.0

DataSet_59
-0.21098822355270386 0.7532870769500732 0.622930645942688 66.60986328125 
-0.2827087938785553 -0.657066822052002 0.6988124847412109 42.02992248535156 
0.9357134103775024 -0.028666794300079346 0.3515942692756653 -1311.5904541015625 
0.0 0.0 0.0 1.0

DataSet_60
-0.0323130339384079 0.664277970790863 0.746786892414093 55.36478805541992 
-0.4588658809661865 -0.6736381649971008 0.5793562531471252 32.59686279296875 
0.8879177570343018 -0.3239542841911316 0.32658180594444275 -1370.00244140625 
0.0 0.0 0.0 1.0

DataSet_61
0.14137417078018188 0.7804203033447266 0.6090627908706665 35.89003372192383 
-0.49006280303001404 -0.4793953597545624 0.7280237078666687 103.55967712402344 
0.8601464033126831 -0.4014027714729309 0.31468087434768677 -1384.7945556640625 
0.0 0.0 0.0 1.0

DataSet_62
-0.020746266469359398 0.8194234371185303 0.572813093662262 51.959163665771484 
0.11777853220701218 -0.566943883895874 0.8152931332588196 43.98112106323242 
0.9928231835365295 0.08437936753034592 -0.0847485363483429 -1377.21484375 
0.0 0.0 0.0 1.0

DataSet_63
0.05858822166919708 0.7625740766525269 0.6442422866821289 46.617488861083984 
0.2725581228733063 -0.6330508589744568 0.7245402932167053 -1.1365890502929688 
0.9603537917137146 0.13314393162727356 -0.24493509531021118 -1393.6146240234375 
0.0 0.0 0.0 1.0

DataSet_64
0.07508394867181778 0.6507545113563538 0.7555665969848633 43.90239334106445 
0.34684693813323975 -0.7274363040924072 0.5920587778091431 -51.991455078125 
0.9349114894866943 0.2176118791103363 -0.280331015586853 -1381.1632080078125 
0.0 0.0 0.0 1.0

DataSet_65
-0.07054999470710754 0.5496269464492798 0.8324260115623474 52.13990020751953 
0.4531794786453247 -0.7257526516914368 0.5176016092300415 -75.48704528808594 
0.8886231780052185 0.4137551486492157 -0.19787779450416565 -1321.9310302734375 
0.0 0.0 0.0 1.0

DataSet_66
-0.12518583238124847 0.48947665095329285 0.8629838228225708 51.3437385559082 
0.09947168081998825 -0.8592514395713806 0.5017891526222229 -71.94686889648438 
0.9871341586112976 0.1486593335866928 0.05887705087661743 -1337.045166015625 
0.0 0.0 0.0 1.0

DataSet_67
0.1032739207148552 0.5348961353302002 0.838582456111908 33.730350494384766 
0.04139259085059166 -0.8446714282035828 0.5336824059486389 -57.377750396728516 
0.9937912821769714 -0.020404336974024773 -0.10937327146530151 -1403.8126220703125 
0.0 0.0 0.0 1.0

DataSet_68
0.07361548393964767 0.6787614822387695 0.7306596636772156 45.032752990722656 
-0.3527240455150604 -0.6675722599029541 0.6556927561759949 38.8103141784668 
0.9328271150588989 -0.30599039793014526 0.19027183949947357 -1396.88671875 
0.0 0.0 0.0 1.0

DataSet_69
-0.12169639766216278 0.8193460702896118 0.5602338910102844 59.44200134277344 
-0.4633520245552063 -0.5460497140884399 0.6979503035545349 82.08763122558594 
0.8777783513069153 -0.1746474653482437 0.4460979104042053 -1316.7999267578125 
0.0 0.0 0.0 1.0

DataSet_70
-0.4177974760532379 0.7905021905899048 0.4478299617767334 60.46266174316406 
-0.03079327940940857 -0.5049490332603455 0.8625997304916382 79.53055572509766 
0.9080182313919067 0.34660184383392334 0.23530855774879456 -1256.1075439453125 
0.0 0.0 0.0 1.0

DataSet_71
-0.08158518373966217 0.8161337971687317 0.572074830532074 56.88456726074219 
0.5508326888084412 -0.44143733382225037 0.7083194851875305 7.905452728271484 
0.8306186199188232 0.3729059100151062 -0.4135384261608124 -1365.287353515625 
0.0 0.0 0.0 1.0

DataSet_72
-0.054892636835575104 0.9079453349113464 0.41547808051109314 43.15035629272461 
0.5287967920303345 -0.32652702927589417 0.7834245562553406 48.476200103759766 
0.8469715118408203 0.26270774006843567 -0.46219468116760254 -1398.226318359375 
0.0 0.0 0.0 1.0

DataSet_73
0.15090379118919373 0.8921185731887817 0.42585504055023193 22.294448852539062 
-0.051542218774557114 -0.4231017827987671 0.904615044593811 108.54048156738281 
0.98720383644104 -0.1584593504667282 -0.017865916714072227 -1413.060791015625 
0.0 0.0 0.0 1.0

DataSet_74
0.25156840682029724 0.8676488995552063 0.42883411049842834 8.484485626220703 
-0.40741798281669617 -0.3069763481616974 0.8601023554801941 157.33444213867188 
0.8779088258743286 -0.3910892903804779 0.2762702405452728 -1392.0367431640625 
0.0 0.0 0.0 1.0

DataSet_75
-0.29372119903564453 0.8649640679359436 0.4068969190120697 55.32664489746094 
0.4513806104660034 -0.24972037971019745 0.8566768765449524 84.40470886230469 
0.8426051735877991 0.4352894723415375 -0.3170797824859619 -1335.7271728515625 
0.0 0.0 0.0 1.0

DataSet_76
-0.393533319234848 0.547534704208374 0.7384695410728455 64.83118438720703 
-0.33433282375335693 -0.8335220813751221 0.43984371423721313 -37.43903350830078 
0.8563603758811951 -0.0738014355301857 0.5110775232315063 -1282.4207763671875 
0.0 0.0 0.0 1.0

DataSet_77
0.03145458549261093 0.5493577122688293 0.8349950313568115 43.14033508300781 
-0.5210521221160889 -0.7038976550102234 0.48273470997810364 14.199583053588867 
0.8529450297355652 -0.45026013255119324 0.2641031742095947 -1403.5850830078125 
0.0 0.0 0.0 1.0

DataSet_78
0.2505090832710266 0.7240208983421326 0.6426810622215271 20.601821899414062 
-0.4525860846042633 -0.4992564916610718 0.7388563752174377 97.43385314941406 
0.8558101654052734 -0.4759587049484253 0.2026134729385376 -1420.658935546875 
0.0 0.0 0.0 1.0

DataSet_79
0.1469694823026657 0.7891889214515686 0.5963059663772583 34.439937591552734 
0.30653801560401917 -0.6095120310783386 0.7311152815818787 1.4211406707763672 
0.9404436945915222 0.07533884048461914 -0.33149605989456177 -1419.7452392578125 
0.0 0.0 0.0 1.0

DataSet_80
-0.0025968290865421295 0.6911778450012207 0.7226800322532654 53.148155212402344 
0.4340037405490875 -0.6502931714057922 0.6235058903694153 -38.20012283325195 
0.9009073376655579 0.3152649700641632 -0.29828503727912903 -1361.5147705078125 
0.0 0.0 0.0 1.0

DataSet_81
-0.21519163250923157 0.5696908235549927 0.7931865453720093 62.39002990722656 
0.4423809349536896 -0.6672350168228149 0.599246621131897 -46.88734436035156 
0.8706271648406982 0.47984349727630615 -0.10843697935342789 -1290.0040283203125 
0.0 0.0 0.0 1.0

DataSet_82
-0.18977968394756317 0.7735341191291809 0.6046722531318665 65.31288146972656 
-0.4220653772354126 -0.6203307509422302 0.6610980033874512 57.83269500732422 
0.8864786624908447 -0.12974828481674194 0.44420820474624634 -1308.8399658203125 
0.0 0.0 0.0 1.0

DataSet_83
0.0499749481678009 0.715107262134552 0.6972259879112244 48.30427551269531 
-0.466632604598999 -0.6005006432533264 0.6493480801582336 62.232234954833984 
0.8830382227897644 -0.3577995300292969 0.303682416677475 -1380.568115234375 
0.0 0.0 0.0 1.0

DataSet_84
0.17773355543613434 0.6643949151039124 0.7259409427642822 31.466583251953125 
-0.37519505620002747 -0.6362150311470032 0.6741358041763306 50.85923385620117 
0.9097469449043274 -0.3921859860420227 0.1362009197473526 -1421.943359375 
0.0 0.0 0.0 1.0

DataSet_85
0.2284993827342987 0.7638807892799377 0.6035513281822205 22.705291748046875 
0.0041770339012146 -0.6207163333892822 0.7840241193771362 38.50663757324219 
0.9735351204872131 -0.1766279935836792 -0.14502404630184174 -1439.5343017578125 
0.0 0.0 0.0 1.0

DataSet_86
0.19876405596733093 0.7913642525672913 0.5781310200691223 26.58160972595215 
0.3657253682613373 -0.6071810126304626 0.7053907513618469 -8.088184356689453 
0.9092512130737305 0.07123082876205444 -0.4101077616214752 -1432.352783203125 
0.0 0.0 0.0 1.0

DataSet_87
0.02395220287144184 0.7734203338623047 0.6334408521652222 50.01953125 
0.5291070342063904 -0.5474110841751099 0.64837247133255 -22.31539535522461 
0.8482169508934021 0.3196280598640442 -0.42233383655548096 -1379.08642578125 
0.0 0.0 0.0 1.0

DataSet_88
0.013486775569617748 0.6686803698539734 0.7434276938438416 51.28977584838867 
-0.47603264451026917 -0.649539053440094 0.5928675532341003 43.1864013671875 
0.879324197769165 -0.3618917167186737 0.30955347418785095 -1379.65185546875 
0.0 0.0 0.0 1.0

DataSet_89
0.22300466895103455 0.688046395778656 0.6905512809753418 25.118812561035156 
-0.3777431547641754 -0.5920499563217163 0.7118896842002869 68.51301574707031 
0.8986539840698242 -0.4196057617664337 0.1278749406337738 -1427.90869140625 
0.0 0.0 0.0 1.0

DataSet_90
0.18882036209106445 0.858609676361084 0.4765881597995758 21.37676239013672 
0.029011666774749756 -0.48998376727104187 0.8712486624717712 79.450927734375 
0.9815829992294312 -0.15068286657333374 -0.11742860823869705 -1429.658935546875 
0.0 0.0 0.0 1.0

DataSet_91
0.22515778243541718 0.6895883083343506 0.688310980796814 24.814315795898438 
-0.4020704925060272 -0.577731728553772 0.710327684879303 72.14616394042969 
0.8874927163124084 -0.43668532371520996 0.14718227088451385 -1426.463134765625 
0.0 0.0 0.0 1.0

DataSet_92
0.08544917404651642 0.4443017244338989 0.8917928338050842 27.832332611083984 
-0.544048547744751 -0.7290399670600891 0.41534557938575745 -1.2933082580566406 
0.8346913456916809 -0.5206695199012756 0.17942585051059723 -1431.8907470703125 
0.0 0.0 0.0 1.0

DataSet_93
0.2373938262462616 0.43241792917251587 0.8698614239692688 6.866004943847656 
-0.5257656574249268 -0.6957697868347168 0.4893617033958435 17.659061431884766 
0.8168320655822754 -0.5735146999359131 0.062179047614336014 -1463.174072265625 
0.0 0.0 0.0 1.0

DataSet_94
0.10325831174850464 0.4641268253326416 0.8797294497489929 27.565296173095703 
0.2976086139678955 -0.8583550453186035 0.41791832447052 -105.974365234375 
0.9490873217582703 0.21866156160831451 -0.22676044702529907 -1372.4459228515625 
0.0 0.0 0.0 1.0

DataSet_95
0.2934233546257019 0.831692099571228 0.47137150168418884 5.456890106201172 
-0.4825911223888397 -0.296771764755249 0.8240342140197754 158.47854614257812 
0.8252324461936951 -0.4692705571651459 0.3142874240875244 -1395.10498046875 
0.0 0.0 0.0 1.0

DataSet_96
0.14012779295444489 0.9336754083633423 0.329567015171051 13.021400451660156 
-0.07297395914793015 -0.32220718264579773 0.9438523650169373 135.94410705566406 
0.9874406456947327 -0.15630976855754852 0.022983817383646965 -1405.162109375 
0.0 0.0 0.0 1.0

DataSet_97
-0.25451716780662537 0.9062750339508057 0.33747079968452454 47.009613037109375 
0.03216204047203064 -0.3408373296260834 0.9395719766616821 122.35211181640625 
0.9665333032608032 0.24999094009399414 0.057601310312747955 -1314.2794189453125 
0.0 0.0 0.0 1.0

DataSet_98
-0.074153371155262 0.778863251209259 0.6227947473526001 58.36835479736328 
0.2850276827812195 -0.5819095969200134 0.7616694569587708 14.940391540527344 
0.9556465744972229 0.23399409651756287 -0.17884701490402222 -1360.7181396484375 
0.0 0.0 0.0 1.0

DataSet_99
0.14715617895126343 0.8085483908653259 0.5697320103645325 33.313018798828125 
0.479219526052475 -0.5621650815010071 0.6740319132804871 -15.537456512451172 
0.8652708530426025 0.17383873462677002 -0.47019824385643005 -1419.0438232421875 
0.0 0.0 0.0 1.0

DataSet_100
0.05371071770787239 0.7224106192588806 0.6893752217292786 47.638275146484375 
-0.19708994030952454 -0.6691213250160217 0.7165418863296509 35.49898910522461 
0.9789130687713623 -0.17435488104820251 0.10644086450338364 -1391.68115234375 
0.0 0.0 0.0 1.0

DataSet_101
-0.10219228267669678 0.6623978614807129 0.7421494722366333 60.728946685791016 
-0.38736993074417114 -0.7136641144752502 0.583633542060852 19.312719345092773 
0.9162430167198181 -0.22784356772899628 0.3295239508152008 -1353.074462890625 
0.0 0.0 0.0 1.0

DataSet_102
0.06402955949306488 0.7420684099197388 0.6672590970993042 46.76940155029297 
-0.5642396211624146 -0.5245784521102905 0.6375351548194885 84.91344451904297 
0.8231244683265686 -0.4173150658607483 0.3851158618927002 -1371.0814208984375 
0.0 0.0 0.0 1.0

DataSet_103
-0.09854684770107269 0.7381396889686584 0.6674116849899292 61.25482177734375 
0.07912671566009521 -0.6627405285835266 0.7446569204330444 16.26542854309082 
0.9919816255569458 0.12619367241859436 0.006904434412717819 -1351.3309326171875 
0.0 0.0 0.0 1.0

DataSet_104
0.06634017825126648 0.8278921246528625 0.5569503307342529 42.42864227294922 
0.32887187600135803 -0.5451319217681885 0.7711514234542847 20.164260864257812 
0.9420415759086609 0.13200700283050537 -0.3084345757961273 -1404.11474609375 
0.0 0.0 0.0 1.0

DataSet_105
-0.0039000639226287603 0.6538491249084473 0.7566149234771729 52.44129943847656 
-0.35644131898880005 -0.7078322768211365 0.6098549962043762 22.899797439575195 
0.9343095421791077 -0.26731038093566895 0.23581942915916443 -1380.6405029296875 
0.0 0.0 0.0 1.0

DataSet_106
0.20179125666618347 0.6969941258430481 0.6880984306335449 28.462158203125 
-0.3553917706012726 -0.6025620102882385 0.7145738005638123 63.41204833984375 
0.912675678730011 -0.3887392580509186 0.12611421942710876 -1423.57421875 
0.0 0.0 0.0 1.0

DataSet_107
0.16857796907424927 0.7794537544250488 0.6033516526222229 31.723800659179688 
0.21158601343631744 -0.6264585852622986 0.7501872777938843 10.952680587768555 
0.9627111554145813 0.0011957584647461772 -0.270528644323349 -1425.9620361328125 
0.0 0.0 0.0 1.0

DataSet_108
0.10411463677883148 0.7382051944732666 0.6664932370185852 41.83199691772461 
-0.35644954442977905 -0.5979213118553162 0.717937171459198 65.03376770019531 
0.928495466709137 -0.3123190104961395 0.20088057219982147 -1395.6409912109375 
0.0 0.0 0.0 1.0

DataSet_109
0.1735418438911438 0.6404501795768738 0.7481355667114258 31.172489166259766 
-0.2820558249950409 -0.6955172419548035 0.6608330011367798 27.492168426513672 
0.9435718059539795 -0.3256981372833252 0.059941358864307404 -1426.712646484375 
0.0 0.0 0.0 1.0

DataSet_110
0.12634149193763733 0.8066564798355103 0.5773587226867676 36.35332489013672 
0.281534343957901 -0.5872481465339661 0.7588662505149841 13.905740737915039 
0.9511972069740295 0.0666700229048729 -0.30129534006118774 -1416.9674072265625 
0.0 0.0 0.0 1.0

DataSet_111
-0.16885264217853546 0.7116823792457581 0.6819068193435669 65.4130859375 
-0.004605144262313843 -0.6924028396606445 0.7214964032173157 13.137029647827148 
0.9856305718421936 0.11868631839752197 0.12019143998622894 -1331.0860595703125 
0.0 0.0 0.0 1.0

DataSet_112
-0.031185688450932503 0.6775464415550232 0.7348185181617737 55.52781677246094 
-0.23272298276424408 -0.719892680644989 0.6539071798324585 16.559192657470703 
0.9720429182052612 -0.1506166011095047 0.1801309734582901 -1372.129150390625 
0.0 0.0 0.0 1.0

DataSet_113
0.18279528617858887 0.720150887966156 0.6693045496940613 31.305599212646484 
-0.4010663628578186 -0.566931962966919 0.7195373177528381 75.67721557617188 
0.8976255059242249 -0.3999635577201843 0.18519580364227295 -1412.9608154296875 
0.0 0.0 0.0 1.0

DataSet_114
0.07024635374546051 0.8269355297088623 0.5578916668891907 42.025360107421875 
0.3677493631839752 -0.5413486361503601 0.7561098337173462 14.210655212402344 
0.9272679686546326 0.15205034613609314 -0.3421327471733093 -1405.134521484375 
0.0 0.0 0.0 1.0

DataSet_115
-0.02590079978108406 0.6448699831962585 0.7638533115386963 54.176025390625 
-0.45568376779556274 -0.6877222657203674 0.5651463270187378 28.571378707885742 
0.8897648453712463 -0.33343780040740967 0.31166931986808777 -1374.781494140625 
0.0 0.0 0.0 1.0

DataSet_116
-0.009367302060127258 0.7670733332633972 0.6414910554885864 53.46033477783203 
0.042299628257751465 -0.6406409740447998 0.7666745781898499 27.495132446289062 
0.999061107635498 0.03431650996208191 -0.026445820927619934 -1377.21533203125 
0.0 0.0 0.0 1.0

DataSet_117
0.19732992351055145 0.6431891322135925 0.7398436069488525 28.18092918395996 
-0.4752131402492523 -0.5973297357559204 0.6460415124893188 63.85334777832031 
0.8574574589729309 -0.47906672954559326 0.18778090178966522 -1424.1715087890625 
0.0 0.0 0.0 1.0

DataSet_118
0.17562174797058105 0.7701660990715027 0.6131893396377563 31.150836944580078 
0.37212687730789185 -0.6285911202430725 0.6829310059547424 -17.3869686126709 
0.911415696144104 0.10824668407440186 -0.39699381589889526 -1422.6556396484375 
0.0 0.0 0.0 1.0

DataSet_119
-0.1279648095369339 0.6061422228813171 0.7849946618080139 60.0616455078125 
-0.25776150822639465 -0.7846287488937378 0.5638410449028015 -11.143453598022461 
0.9576972126960754 -0.13018959760665894 0.25664499402046204 -1352.1217041015625 
0.0 0.0 0.0 1.0

DataSet_120
0.010544197633862495 0.7381057739257812 0.6746026277542114 52.417701721191406 
-0.44491493701934814 -0.600718080997467 0.6642202138900757 64.15457153320312 
0.895510733127594 -0.307144433259964 0.32206016778945923 -1368.1707763671875 
0.0 0.0 0.0 1.0

