-0.1366883 -0.003314086 0.9906086 311.934 -0.1719735 0.9848896 -0.02043466 363.2712 -0.9755723 -0.1731516 -0.1351928 395.934 0 0 0 1
-0.116934 0.0005427074 0.9931396 313.3047 -0.1512003 0.9883329 -0.01834267 364.495 -0.9815625 -0.1523079 -0.1154877 403.3418 0 0 0 1
-0.1184204 0.003575025 0.9929571 314.3824 -0.1345066 0.9907187 -0.01960827 365.3429 -0.9838113 -0.1358813 -0.1168405 409.1798 0 0 0 1
-0.1121816 0.007986865 0.9936556 315.9503 -0.1103276 0.993685 -0.02044285 366.3971 -0.987544 -0.111921 -0.110592 417.6953 0 0 0 1
-0.1166565 0.009916899 0.9931228 316.6363 -0.09957795 0.9947946 -0.02163045 366.7915 -0.9881678 -0.1014165 -0.1150617 421.4286 0 0 0 1
-0.1209705 0.01377552 0.9925605 318.0076 -0.07813001 0.9966696 -0.02335482 367.4578 -0.9895766 -0.080374 -0.1194913 428.9071 0 0 0 1
-0.1146455 0.0165297 0.9932689 318.9865 -0.06300753 0.9977274 -0.02387638 367.8338 -0.9914063 -0.06532074 -0.1133435 434.257 0 0 0 1
-0.1128767 0.01900643 0.9934272 319.8667 -0.04929528 0.9984787 -0.02470419 368.1008 -0.9923854 -0.05175979 -0.1117681 439.0766 0 0 0 1
-0.1107972 0.02367777 0.9935609 321.5269 -0.02334355 0.9993783 -0.02641957 368.4205 -0.9935688 -0.02612046 -0.1101756 448.1888 0 0 0 1
-0.1164674 0.02669434 0.9928357 322.5989 -0.006348704 0.9995983 -0.02762091 368.4987 -0.9931743 -0.009520154 -0.1162511 454.0886 0 0 0 1
-0.1281025 0.0282871 0.9913574 323.165 0.01400036 0.9995452 -0.02671161 368.4798 -0.9916621 0.01045754 -0.1284403 461.1886 0 0 0 1
-0.1184618 0.032982 0.9924107 324.8336 0.02893573 0.9991384 -0.0297516 368.3352 -0.9925369 0.0251917 -0.1193141 466.4252 0 0 0 1
-0.1210343 0.03543381 0.9920157 325.705 0.04279504 0.9986198 -0.03044835 368.1509 -0.9917254 0.03876806 -0.1223836 471.2502 0 0 0 1
-0.1262573 0.03950763 0.9912105 327.1528 0.06591537 0.9973325 -0.03135555 367.6934 -0.9898052 0.06137714 -0.1285247 479.2855 0 0 0 1
-0.1241456 0.04079482 0.991425 327.6103 0.08429677 0.995976 -0.03042649 367.2113 -0.9886768 0.07979661 -0.1270849 485.8318 0 0 0 1
-0.1251524 0.04295409 0.9912072 328.3777 0.09654303 0.9948484 -0.0309221 366.8105 -0.9874291 0.09182417 -0.1286546 490.1064 0 0 0 1
-0.125993 0.04564532 0.9909804 329.3341 0.1118201 0.9932281 -0.03153206 366.2347 -0.9857089 0.1068387 -0.1302439 495.4425 0 0 0 1
-0.1236023 0.04886239 0.9911281 330.4775 0.1300104 0.9909752 -0.03264142 365.4341 -0.9837783 0.1248224 -0.1288395 501.8339 0 0 0 1
-0.13019 0.0523311 0.9901071 331.7103 0.1499722 0.9881557 -0.03250799 364.432 -0.9800811 0.1442564 -0.1364962 508.7408 0 0 0 1
-0.138724 0.05419132 0.9888473 332.3714 0.1608604 0.9864746 -0.0314944 363.8345 -0.9771794 0.1546973 -0.1455649 512.4515 0 0 0 1
-0.1291992 0.06088636 0.9897476 334.7508 0.1876692 0.9815766 -0.03588583 362.0938 -0.973698 0.1811087 -0.1382454 521.8381 0 0 0 1
-0.1301606 0.06157439 0.9895791 334.9953 0.2028366 0.9786147 -0.0342128 361.0411 -0.9705234 0.1962697 -0.1398666 527.2263 0 0 0 1
-0.1225863 0.06637529 0.9902358 336.7016 0.2189829 0.9749789 -0.03824362 359.749 -0.9679974 0.2121566 -0.1340541 532.8725 0 0 0 1
-0.1335935 0.06382282 0.988979 335.7944 0.2270129 0.973361 -0.03214951 359.1739 -0.9646854 0.2202161 -0.1445233 535.7368 0 0 0 1
-0.1384445 0.07205874 0.9877452 338.7215 0.2524067 0.966982 -0.03516613 356.9069 -0.9576659 0.244445 -0.1520615 544.3478 0 0 0 1
-0.1377304 0.07296382 0.9877786 339.0431 0.2687497 0.9626227 -0.03363268 355.3576 -0.9533121 0.2608329 -0.1521914 550.1721 0 0 0 1
-0.1365275 0.07534079 0.9877672 339.1986 0.2849984 0.9579363 -0.0336735 353.692 -0.9487551 0.2769147 -0.1522566 555.9778 0 0 0 1
-0.1149464 0.07955372 0.9901811 341.3852 0.3061464 0.9511065 -0.04087498 351.2647 -0.9450194 0.2984419 -0.1336814 563.5383 0 0 0 1
-0.113188 0.08305429 0.9900962 342.6293 0.326474 0.9442775 -0.04188822 348.8377 -0.9384046 0.3184994 -0.1339959 570.6667 0 0 0 1
-0.1159021 0.08253036 0.989826 342.4431 0.3455586 0.9376389 -0.03771643 346.4783 -0.9312121 0.3376715 -0.1371934 577.4805 0 0 0 1
-0.1129381 0.08857655 0.989646 344.5919 0.3697543 0.9282296 -0.04088333 343.1343 -0.9222401 0.3613086 -0.1375841 585.8811 0 0 0 1
-0.1180493 0.08287422 0.9895434 342.5653 0.380214 0.9243429 -0.03205539 341.7529 -0.917334 0.3724542 -0.140628 589.8422 0 0 0 1
-0.1184521 0.08813968 0.9890402 344.4366 0.3999635 0.9159105 -0.03372111 338.756 -0.9088445 0.3915856 -0.1437442 596.6415 0 0 0 1
-0.1213462 0.08800013 0.9887017 344.387 0.4099562 0.9115843 -0.03082114 337.2185 -0.9039972 0.4015844 -0.1466935 600.1951 0 0 0 1
-0.1155161 0.09280066 0.9889611 346.0931 0.437606 0.8985536 -0.03320236 332.5874 -0.8917158 0.4289399 -0.1444075 609.9173 0 0 0 1
-0.1174268 0.09431335 0.9885929 346.6307 0.4569735 0.8889563 -0.03052775 329.1765 -0.8816951 0.4481759 -0.147486 616.7538 0 0 0 1
-0.1174958 0.09282689 0.9887254 344.7238 0.4775415 0.8782331 -0.02570431 325.3655 -0.8707174 0.4691373 -0.1475174 624.3831 0 0 0 1
-0.1161774 0.09930882 0.9882513 348.4061 0.4650063 0.8846453 -0.03423203 327.6444 -0.8776514 0.4555661 -0.148955 619.3802 0 0 0 1
-0.1222348 0.09108893 0.9883124 345.4848 0.4489472 0.8931565 -0.02679284 330.6693 -0.8851582 0.4404251 -0.1500689 613.9991 0 0 0 1
-0.1266356 0.08525097 0.9882792 342.0313 0.4228583 0.905879 -0.02395895 335.1909 -0.8973039 0.414868 -0.1507657 605.0958 0 0 0 1
-0.1300418 0.07808584 0.988429 339.4848 0.4133036 0.9104242 -0.01754754 336.8062 -0.9012598 0.4062394 -0.1506663 602.0291 0 0 0 1
-0.1332677 0.07098804 0.9885345 336.9622 0.3937848 0.919112 -0.01291525 339.8938 -0.9094906 0.3875486 -0.1504419 595.3865 0 0 0 1
-0.1204758 0.06867876 0.9903377 335.452 0.3837128 0.9232895 -0.01734993 341.3785 -0.91556 0.377915 -0.1375869 592.0509 0 0 0 1
-0.1252216 0.0689403 0.9897307 336.9239 0.368037 0.9296332 -0.01818981 343.6331 -0.9213405 0.3619798 -0.1417827 586.21 0 0 0 1
-0.1285851 0.06430372 0.9896115 335.2761 0.3524141 0.9357238 -0.01501126 345.7977 -0.9269683 0.3468228 -0.1429817 580.8232 0 0 0 1
-0.12535 0.05622568 0.9905181 331.7157 0.3309056 0.9435915 -0.01168587 348.5939 -0.9353015 0.3263031 -0.1368846 573.6198 0 0 0 1
-0.1241187 0.05984611 0.990461 333.0024 0.3190579 0.9475778 -0.01727256 350.0106 -0.9395726 0.3138705 -0.1367065 569.2012 0 0 0 1
-0.1239937 0.06058542 0.9904317 333.2652 0.3014025 0.9532749 -0.02057946 352.0353 -0.9454005 0.2959668 -0.1364607 562.8383 0 0 0 1
-0.1252591 0.05701843 0.9904842 331.9974 0.2808803 0.9595402 -0.01971628 354.2621 -0.9515337 0.2757379 -0.1362065 555.6489 0 0 0 1
-0.1278015 0.0539407 0.9903318 330.9036 0.263215 0.9645585 -0.0185692 356.0455 -0.9562346 0.2582971 -0.1374701 549.4504 0 0 0 1
-0.122877 0.06134577 0.9905241 332.8458 0.2523729 0.9672075 -0.02859422 356.987 -0.9597964 0.2464679 -0.1343296 545.3346 0 0 0 1
-0.1102052 0.05855592 0.9921824 331.8543 0.2356244 0.9713447 -0.0311545 358.4574 -0.9655755 0.230349 -0.1208445 539.606 0 0 0 1
-0.1010772 0.05986457 0.9930758 332.3194 0.2201555 0.9747871 -0.03635423 359.6808 -0.9702139 0.2149566 -0.1117083 534.1355 0 0 0 1
-0.09068576 0.06067052 0.9940298 332.6059 0.2015035 0.9786147 -0.04134641 361.0411 -0.9752807 0.196551 -0.1009717 527.5941 0 0 0 1
-0.08398805 0.05868539 0.9947371 333.9686 0.1845049 0.9819187 -0.04235096 362.2154 -0.9792364 0.1799769 -0.09329718 521.4358 0 0 0 1
-0.07294627 0.05475866 0.9958315 331.1943 0.1645839 0.9854628 -0.04213248 363.4749 -0.983662 0.1608244 -0.08089823 514.8087 0 0 0 1
-0.06290647 0.05267245 0.9966285 330.4529 0.1520873 0.9874491 -0.04258767 364.1809 -0.9863631 0.1488955 -0.07012776 510.5691 0 0 0 1
-0.07337829 0.0484056 0.9961288 329.6259 0.1267395 0.9911758 -0.03882885 365.5053 -0.9892182 0.1233997 -0.07886568 501.4186 0 0 0 1
-0.06937234 0.04628004 0.9965168 328.8704 0.1144536 0.9926964 -0.03813495 366.0457 -0.9910035 0.1114094 -0.07416259 497.1573 0 0 0 1
-0.06719934 0.04281319 0.9968206 327.6383 0.09463346 0.9948484 -0.03634889 366.8105 -0.9932415 0.09188996 -0.07090472 490.2201 0 0 0 1
-0.07412709 0.03944258 0.9964685 327.1297 0.07504845 0.9966047 -0.03386513 367.4348 -0.9944209 0.07227309 -0.07683551 483.1579 0 0 0 1
-0.07181737 0.03591774 0.9967709 325.877 0.05516812 0.9979646 -0.03198589 367.9181 -0.9958909 0.05269283 -0.07365271 476.1991 0 0 0 1
-0.08141399 0.03374258 0.996109 325.1039 0.04326677 0.9986042 -0.03029083 368.1454 -0.9957408 0.04063232 -0.0827603 471.9128 0 0 0 1
-0.08829612 0.02938005 0.9956609 323.5534 0.0190318 0.9994322 -0.02780357 368.4397 -0.9959124 0.01649428 -0.08880515 463.3341 0 0 0 1
-0.1009762 0.02637258 0.9945393 321.7953 0.002597053 0.9996522 -0.02624448 368.5179 -0.9948854 -6.719682E-05 -0.1010096 457.5385 0 0 0 1
-0.1137319 0.02229683 0.9932612 320.3468 -0.02003432 0.9994934 -0.02473073 368.4614 -0.9933094 -0.02271199 -0.1132276 449.4905 0 0 0 1
-0.1124593 0.01761 0.9935003 318.6811 -0.03523835 0.9991434 -0.02169883 368.337 -0.9930313 -0.03744955 -0.1117424 444.2528 0 0 0 1
-0.1172976 0.01759309 0.992941 319.3643 -0.0460004 0.9986736 -0.02312875 368.1701 -0.9920309 -0.04838863 -0.1163327 440.2747 0 0 0 1
-0.1327635 0.01484278 0.9910366 318.3869 -0.06093676 0.9978741 -0.02310853 367.8859 -0.9892728 -0.06345852 -0.1315767 434.9189 0 0 0 1
-0.1176023 0.0101296 0.9930091 316.7119 -0.07643189 0.9968895 -0.01922103 367.536 -0.9901151 -0.078158 -0.1164622 429.6947 0 0 0 1
-0.1164353 0.008510174 0.9931618 316.1363 -0.09640812 0.9951444 -0.01982975 366.9157 -0.9885081 -0.09805775 -0.1150494 422.6223 0 0 0 1
-0.1135171 0.006102257 0.9935173 313.9018 -0.1116306 0.9935709 -0.01885726 366.3565 -0.9872449 -0.1130476 -0.1121061 417.4746 0 0 0 1
-0.122758 0.002784259 0.9924327 312.0331 -0.1311842 0.9911758 -0.01900744 365.5053 -0.9837282 -0.1325248 -0.1213095 410.6406 0 0 0 1
-0.124018 -0.001583193 0.9922787 310.4809 -0.1447109 0.9893363 -0.01650791 364.8516 -0.9816712 -0.1456408 -0.1229246 405.9792 0 0 0 1
-0.1166732 -0.002584198 0.993167 310.1251 -0.1615886 0.9867217 -0.01641535 363.9223 -0.979937 -0.1623997 -0.1155416 400.0231 0 0 0 1
-0.1131341 -0.00908156 0.9935382 307.8159 -0.1871464 0.9822546 -0.01233192 362.3347 -0.9757955 -0.1873322 -0.1128261 391.162 0 0 0 1
-0.1178843 -0.01020101 0.9929749 309.4863 -0.1992793 0.9798485 -0.01359194 361.4796 -0.9728263 -0.1994816 -0.1175416 386.5763 0 0 0 1
-0.08677298 -0.01487309 0.9961171 307.8259 -0.2143684 0.9767443 -0.004090057 360.3764 -0.9728909 -0.2138909 -0.08794333 381.4552 0 0 0 1
-0.06452396 -0.00827951 0.9978818 310.1693 -0.1892589 0.9819187 -0.004090589 362.2154 -0.9798049 -0.1891219 -0.06492425 390.2581 0 0 0 1
-0.06772285 -0.004156779 0.9976955 311.6345 -0.1667471 0.9859734 -0.007210732 363.6564 -0.9836712 -0.1668511 -0.06746606 398.1731 0 0 0 1
-0.07724162 0.0005427074 0.9970123 313.3047 -0.1518114 0.9883329 -0.01229928 364.495 -0.9853867 -0.1523079 -0.07625805 403.3418 0 0 0 1
-0.07262128 0.003299314 0.9973541 314.2844 -0.136777 0.9905134 -0.01323596 365.2699 -0.9879363 -0.1373763 -0.07148108 408.6485 0 0 0 1
-0.08449695 0.005755404 0.9964071 315.1573 -0.1121801 0.9935709 -0.01525207 366.3565 -0.9900888 -0.1130658 -0.08330807 417.2885 0 0 0 1
-0.09810764 0.009061077 0.9951345 316.3321 -0.09371361 0.9954309 -0.01830275 367.0176 -0.9907536 -0.09505329 -0.09681023 423.6901 0 0 0 1
-0.1085707 0.01264099 0.9940084 317.6044 -0.07369501 0.9970654 -0.02072922 367.5985 -0.9913533 -0.07550404 -0.1073206 430.6379 0 0 0 1
-0.112929 0.01539303 0.9934838 318.5825 -0.05833062 0.9980528 -0.02209424 367.9494 -0.9918894 -0.06044561 -0.1118113 435.9897 0 0 0 1
-0.1233864 0.02038139 0.9921494 320.3553 -0.04137982 0.9988138 -0.0256644 368.2199 -0.9914956 -0.04422161 -0.1223967 441.7557 0 0 0 1
-0.1288503 0.02308482 0.9913954 321.3161 -0.01509707 0.9995675 -0.02523726 368.4877 -0.9915491 -0.018219 -0.128446 450.997 0 0 0 1
-0.119306 0.02609873 0.9925144 322.3873 0.0015088 0.999658 -0.02610521 368.5199 -0.9928564 -0.001617003 -0.1193046 456.8973 0 0 0 1
