DataSet_9.8
0.3586324453353882 0.6533532738685608 0.6667175889015198 45.37992477416992 
0.03612425923347473 -0.7234076261520386 0.6894754767417908 -118.55826568603516 
0.9327796101570129 -0.22318361699581146 -0.2830393314361572 -1419.375244140625 
0.0 0.0 0.0 1.0

DataSet_8.6
0.3609018325805664 0.6718618869781494 0.6468009352684021 45.40986251831055 
0.04587581753730774 -0.7054930925369263 0.7072303891181946 -112.48040771484375 
0.9314748048782349 -0.22556820511817932 -0.2854359745979309 -1419.718017578125 
0.0 0.0 0.0 1.0

DataSet_7.6
0.36262598633766174 0.678613543510437 0.6387378573417664 45.14710998535156 
0.037945717573165894 -0.6955722570419312 0.7174533605575562 -107.75161743164062 
0.9311618804931641 -0.23592989146709442 -0.27798306941986084 -1420.17822265625 
0.0 0.0 0.0 1.0

DataSet_6.2
0.364048570394516 0.6932569742202759 0.6219834685325623 44.80449295043945 
0.03541290760040283 -0.6776285767555237 0.734551191329956 -100.66436767578125 
0.9307065010070801 -0.2453860640525818 -0.2712399363517761 -1420.68310546875 
0.0 0.0 0.0 1.0

DataSet_5.6
0.3651561737060547 0.6952621340751648 0.6190891861915588 44.770137786865234 
0.024114785715937614 -0.6718517541885376 0.7402929663658142 -97.35450744628906 
0.9306338429450989 -0.2553933262825012 -0.26209691166877747 -1420.8282470703125 
0.0 0.0 0.0 1.0

DataSet_4.4
0.3683973252773285 0.7034989595413208 0.6077604293823242 44.052635192871094 
0.01324921753257513 -0.6576454043388367 0.7532111406326294 -91.06358337402344 
0.9295740723609924 -0.2694286108016968 -0.2515956163406372 -1421.4052734375 
0.0 0.0 0.0 1.0

DataSet_1
0.3692134916782379 0.7134864926338196 0.5954984426498413 43.501625061035156 
0.014756262302398682 -0.6451924443244934 0.7638775706291199 -86.63552856445312 
0.9292274713516235 -0.2732465863227844 -0.24874214828014374 -1421.695556640625 
0.0 0.0 0.0 1.0

DataSet_1
0.37016168236732483 0.7205726504325867 0.5863065123558044 43.12721252441406 
0.011405467055737972 -0.6346155405044556 0.772743821144104 -82.55659484863281 
0.9288973212242126 -0.2793530523777008 -0.24312883615493774 -1421.76806640625 
0.0 0.0 0.0 1.0

DataSet_1
0.3742973506450653 0.7322680354118347 0.5689333081245422 41.7940673828125 
0.004546999931335449 -0.6149736046791077 0.7885345816612244 -74.96194458007812 
0.9272976517677307 -0.2925594449043274 -0.23351261019706726 -1422.2867431640625 
0.0 0.0 0.0 1.0

DataSet_1
0.37701600790023804 0.7361724376678467 0.5620579123497009 40.84989547729492 
-0.0060988361947238445 -0.6048520803451538 0.7963144779205322 -70.51422119140625 
0.9261866807937622 -0.30365118384361267 -0.22354914247989655 -1422.7796630859375 
0.0 0.0 0.0 1.0

DataSet_1
0.38146114349365234 0.7391810417175293 0.5550665259361267 39.864707946777344 
-0.024007290601730347 -0.5923466086387634 0.8053255081176758 -64.60768127441406 
0.9240730404853821 -0.32052600383758545 -0.2082114815711975 -1422.9056396484375 
0.0 0.0 0.0 1.0

DataSet_1
0.3822532594203949 0.7486486434936523 0.541671097278595 39.12651824951172 
-0.020427584648132324 -0.5791981816291809 0.81493079662323 -60.45429611206055 
0.9238317608833313 -0.32257500290870667 -0.20610730350017548 -1422.981201171875 
0.0 0.0 0.0 1.0

DataSet_1
0.3843672275543213 0.7532589435577393 0.5337254405021667 38.3250846862793 
-0.027094006538391113 -0.568684458732605 0.8221094608306885 -56.368507385253906 
0.9227825999259949 -0.33045271039009094 -0.1981748640537262 -1422.849609375 
0.0 0.0 0.0 1.0

DataSet_1
0.38911765813827515 0.7591289281845093 0.5218340158462524 36.750057220458984 
-0.03994631767272949 -0.5520412921905518 0.8328593969345093 -49.814430236816406 
0.9203215837478638 -0.3449256718158722 -0.1844845861196518 -1422.9598388671875 
0.0 0.0 0.0 1.0

DataSet_1
0.3924972414970398 0.7663694024085999 0.508550763130188 35.194786071777344 
-0.04433295130729675 -0.5365144610404968 0.8427258133888245 -44.4105224609375 
0.9186841249465942 -0.3533131182193756 -0.17660503089427948 -1423.113037109375 
0.0 0.0 0.0 1.0

DataSet_1
0.39485710859298706 0.7700013518333435 0.5011844038963318 34.33576202392578 
-0.04835346341133118 -0.5273382663726807 0.8482784032821655 -41.17394256591797 
0.9174692630767822 -0.359182745218277 -0.17099103331565857 -1423.0430908203125 
0.0 0.0 0.0 1.0

DataSet_1
0.3979652523994446 0.774160623550415 0.4922387897968292 33.285221099853516 
-0.055291175842285156 -0.5153427124023438 0.8551986813545227 -36.771995544433594 
0.9157328009605408 -0.36755579710006714 -0.162284255027771 -1422.8450927734375 
0.0 0.0 0.0 1.0

DataSet_1
0.40106457471847534 0.7809694409370422 0.4787837862968445 31.83153533935547 
-0.05939328297972679 -0.4993925392627716 0.8643376231193542 -31.456932067871094 
0.9141223430633545 -0.3750917613506317 -0.15390433371067047 -1422.5897216796875 
0.0 0.0 0.0 1.0

DataSet_1
0.4055756628513336 0.7840674519538879 0.4698368012905121 30.3450870513916 
-0.07127257436513901 -0.4853184223175049 0.8714277148246765 -26.12769317626953 
0.9112785458564758 -0.3869163691997528 -0.14095082879066467 -1422.0389404296875 
0.0 0.0 0.0 1.0

DataSet_1
0.4098348021507263 0.7837775945663452 0.46661338210105896 29.353975296020508 
-0.08273625373840332 -0.47749772667884827 0.8747288584709167 -22.86501121520996 
0.908399760723114 -0.39710015058517456 -0.13084836304187775 -1421.79931640625 
0.0 0.0 0.0 1.0

DataSet_1
0.4137476682662964 0.794940710067749 0.44371408224105835 26.6889705657959 
-0.08258885145187378 -0.4526040256023407 0.8878787755966187 -15.38540267944336 
0.9066377282142639 -0.4040036201477051 -0.121610626578331 -1421.4266357421875 
0.0 0.0 0.0 1.0

DataSet_1
0.4170430600643158 0.7987799048423767 0.4336193799972534 25.323795318603516 
-0.08913668990135193 -0.4388430118560791 0.8941317200660706 -10.860408782958984 
0.9045052528381348 -0.4115428328514099 -0.11181581020355225 -1420.7681884765625 
0.0 0.0 0.0 1.0

DataSet_1
0.41807863116264343 0.8059094548225403 0.41919004917144775 23.845413208007812 
-0.08788955211639404 -0.42340409755706787 0.901667594909668 -6.491733551025391 
0.9041491746902466 -0.4138103723526001 -0.1061851903796196 -1420.20458984375 
0.0 0.0 0.0 1.0

DataSet_1
0.4250333905220032 0.8025160431861877 0.4187058210372925 22.41176986694336 
-0.0990108847618103 -0.4185734987258911 0.9027696251869202 -4.165611267089844 
0.899746298789978 -0.4251636862754822 -0.09844987839460373 -1420.5128173828125 
0.0 0.0 0.0 1.0

DataSet_1
0.4300098121166229 0.8068522214889526 0.4050692021846771 20.277263641357422 
-0.11223951727151871 -0.3974120318889618 0.9107502698898315 2.7631912231445312 
0.8958202004432678 -0.43709632754325867 -0.08033038675785065 -1419.04052734375 
0.0 0.0 0.0 1.0

DataSet_1
0.4342188835144043 0.8107060194015503 0.3926953375339508 18.178476333618164 
-0.11599158495664597 -0.3819887042045593 0.9168590903282166 7.340826034545898 
0.8933084011077881 -0.44366690516471863 -0.07183163613080978 -1418.59814453125 
0.0 0.0 0.0 1.0

DataSet_1
0.43889662623405457 0.8142870664596558 0.37987667322158813 15.489419937133789 
-0.12033261358737946 -0.36569780111312866 0.9229220747947693 12.05758285522461 
0.8904436230659485 -0.45077890157699585 -0.06251824647188187 -1418.619384765625 
0.0 0.0 0.0 1.0

DataSet_1
0.4374261200428009 0.8274416327476501 0.3521345853805542 13.247352600097656 
-0.10855337232351303 -0.34013453125953674 0.934090256690979 18.265239715576172 
0.8926782608032227 -0.44682085514068604 -0.05896217003464699 -1417.025390625 
0.0 0.0 0.0 1.0

DataSet_1
0.44346627593040466 0.8327924609184265 0.3313523232936859 8.807577133178711 
-0.10742794722318649 -0.3176402449607849 0.9421060681343079 23.930952072143555 
0.889829695224762 -0.4533887505531311 -0.05139753594994545 -1417.614501953125 
0.0 0.0 0.0 1.0

DataSet_1
0.4516964554786682 0.8330824375152588 0.3192867338657379 6.2583465576171875 
-0.1156260073184967 -0.3001946806907654 0.9468441009521484 29.172035217285156 
0.8846473693847656 -0.4646040201187134 -0.03927087038755417 -1416.6390380859375 
0.0 0.0 0.0 1.0

DataSet_1
0.45610684156417847 0.837893009185791 0.2998363673686981 3.146678924560547 
-0.12124457210302353 -0.2752741873264313 0.9536896347999573 36.013099670410156 
0.881627082824707 -0.4713379144668579 -0.023964472115039825 -1414.7581787109375 
0.0 0.0 0.0 1.0

DataSet_1
0.4657100737094879 0.8349981307983398 0.293073832988739 -0.2874622344970703 
-0.12453716993331909 -0.26604363322257996 0.9558824896812439 38.4510498046875 
0.8761305212974548 -0.48166269063949585 -0.01991090178489685 -1416.25927734375 
0.0 0.0 0.0 1.0

DataSet_1
0.47027698159217834 0.8376738429069519 0.2777446508407593 -2.7028331756591797 
-0.13100965321063995 -0.244966059923172 0.9606393575668335 44.260887145996094 
0.8727405667304993 -0.4881538152694702 -0.005458540748804808 -1413.9931640625 
0.0 0.0 0.0 1.0

DataSet_1
0.47563865780830383 0.8368820548057556 0.2709175646305084 -4.696035385131836 
-0.1355617195367813 -0.23456954956054688 0.9626007080078125 47.13197708129883 
0.8691322803497314 -0.4945761561393738 0.001878820126876235 -1413.54833984375 
0.0 0.0 0.0 1.0

DataSet_1
0.48313993215560913 0.8406234383583069 0.24480219185352325 -9.701545715332031 
-0.13911136984825134 -0.20234611630439758 0.9693833589553833 55.14860153198242 
0.8644211292266846 -0.5024026036262512 0.01917879283428192 -1411.562255859375 
0.0 0.0 0.0 1.0

DataSet_1
0.48929765820503235 0.8411145806312561 0.2304648458957672 -13.174640655517578 
-0.14536207914352417 -0.18190686404705048 0.9725121259689331 60.39097595214844 
0.8599172830581665 -0.5093487501144409 0.0332595556974411 -1410.14111328125 
0.0 0.0 0.0 1.0

DataSet_1
0.49929919838905334 0.8393745422363281 0.21482700109481812 -18.511035919189453 
-0.14976441860198975 -0.1606028974056244 0.975590705871582 65.3327407836914 
0.8533878922462463 -0.5192850828170776 0.04551955312490463 -1410.4259033203125 
0.0 0.0 0.0 1.0

DataSet_1
0.4910084903240204 0.841740071773529 0.2244647592306137 -14.100440979003906 
-0.14917446672916412 -0.17261753976345062 0.9736273288726807 62.845794677734375 
0.8582876324653625 -0.5115436911582947 0.04080944135785103 -1408.6781005859375 
0.0 0.0 0.0 1.0

DataSet_1
0.4904141426086426 0.8382344245910645 0.2384471446275711 -12.067148208618164 
-0.14828911423683167 -0.18935611844062805 0.9706465005874634 58.78209686279297 
0.8587807416915894 -0.5113778710365295 0.03143809735774994 -1410.42041015625 
0.0 0.0 0.0 1.0

DataSet_1
0.48634374141693115 0.8344836831092834 0.25904977321624756 -9.956159591674805 
-0.14138014614582062 -0.21741275489330292 0.965786337852478 51.33530044555664 
0.8622536659240723 -0.5063286423683167 0.012242085300385952 -1414.9677734375 
0.0 0.0 0.0 1.0

DataSet_1
0.48968079686164856 0.8300243020057678 0.2669687569141388 -9.28656005859375 
-0.1395692080259323 -0.22762241959571838 0.963695228099823 48.902984619140625 
0.860658586025238 -0.5091636776924133 0.004383512306958437 -1416.391357421875 
0.0 0.0 0.0 1.0

DataSet_1
0.486236035823822 0.8270056247711182 0.282198965549469 -6.701244354248047 
-0.1354476511478424 -0.24771204590797424 0.9593188762664795 43.6038818359375 
0.863266110420227 -0.5046785473823547 -0.00843055546283722 -1418.3680419921875 
0.0 0.0 0.0 1.0

DataSet_1
0.4804069399833679 0.8308713436126709 0.28082388639450073 -6.177877426147461 
-0.1206192672252655 -0.2545589506626129 0.9595054984092712 40.81852722167969 
0.8687117695808411 -0.49482589960098267 -0.022072814404964447 -1420.042236328125 
0.0 0.0 0.0 1.0

DataSet_1
0.47667908668518066 0.8278292417526245 0.2957630157470703 -2.4611968994140625 
-0.122975192964077 -0.27034300565719604 0.9548778533935547 37.27626037597656 
0.8704332709312439 -0.4915418028831482 -0.02706441842019558 -1419.3427734375 
0.0 0.0 0.0 1.0

DataSet_1
0.47418683767318726 0.8245644569396973 0.308610200881958 -0.8019866943359375 
-0.11972777545452118 -0.2868753671646118 0.9504565596580505 32.761322021484375 
0.8722454309463501 -0.4876432418823242 -0.03730924800038338 -1421.0911865234375 
0.0 0.0 0.0 1.0

DataSet_1
0.47307088971138 0.8210597038269043 0.3194759488105774 -0.22052574157714844 
-0.1078018769621849 -0.305948942899704 0.9459249377250671 26.711048126220703 
0.8744041919708252 -0.4819296598434448 -0.05622374638915062 -1424.698974609375 
0.0 0.0 0.0 1.0

DataSet_1
0.46642518043518066 0.8209429979324341 0.3293936252593994 2.6631641387939453 
-0.10717692226171494 -0.3171880543231964 0.942287027835846 23.754688262939453 
0.8780435919761658 -0.47480979561805725 -0.05995834246277809 -1424.0628662109375 
0.0 0.0 0.0 1.0

DataSet_1
0.4591485857963562 0.8202338218688965 0.3411729335784912 5.605245590209961 
-0.10202472656965256 -0.33281946182250977 0.9374551177024841 19.344388961791992 
0.8824813961982727 -0.4652392864227295 -0.06912944465875626 -1423.9798583984375 
0.0 0.0 0.0 1.0

DataSet_1
0.45317864418029785 0.8174592852592468 0.35551291704177856 8.242460250854492 
-0.09599924087524414 -0.35174238681793213 0.9311612844467163 13.75892448425293 
0.8862354159355164 -0.4561114013195038 -0.08092665672302246 -1424.9964599609375 
0.0 0.0 0.0 1.0

DataSet_1
0.4497658312320709 0.8137346506118774 0.3681664764881134 9.743692398071289 
-0.0920908972620964 -0.36776453256607056 0.9253478050231934 9.033613204956055 
0.8883861303329468 -0.45009464025497437 -0.09047035872936249 -1426.3603515625 
0.0 0.0 0.0 1.0

DataSet_1
0.43932899832725525 0.8163836002349854 0.3748438060283661 12.906499862670898 
-0.08850890398025513 -0.3759016990661621 0.9224229454994202 6.602272033691406 
0.893955409526825 -0.43842417001724243 -0.09288730472326279 -1424.5347900390625 
0.0 0.0 0.0 1.0

DataSet_1
0.4334348142147064 0.8176697492599487 0.3788805603981018 14.266225814819336 
-0.07192650437355042 -0.38769569993019104 0.9189769625663757 2.0015182495117188 
0.8983100056648254 -0.42556819319725037 -0.10922865569591522 -1425.7098388671875 
0.0 0.0 0.0 1.0

DataSet_1
0.4235764145851135 0.8203914761543274 0.38411036133766174 16.844785690307617 
-0.060281988233327866 -0.3975602686405182 0.9155937433242798 -1.747213363647461 
0.9038523435592651 -0.4109788239002228 -0.11894232779741287 -1425.1302490234375 
0.0 0.0 0.0 1.0

DataSet_1
0.4138137400150299 0.8218790292739868 0.3915010392665863 19.208778381347656 
-0.04498487710952759 -0.4110638499259949 0.910495936870575 -6.817386627197266 
0.9092494249343872 -0.3943873941898346 -0.1331317275762558 -1425.2725830078125 
0.0 0.0 0.0 1.0

DataSet_1
0.40600109100341797 0.8222249746322632 0.398885041475296 22.414249420166016 
-0.03300583362579346 -0.42300015687942505 0.9055283069610596 -11.033384323120117 
0.9132763743400574 -0.3808109760284424 -0.1446003019809723 -1424.048583984375 
0.0 0.0 0.0 1.0

DataSet_1
0.39985495805740356 0.8215979337692261 0.4063161313533783 23.152633666992188 
-0.01637113094329834 -0.43682411313056946 0.8993979692459106 -16.851293563842773 
0.9164322018623352 -0.36628058552742004 -0.16121581196784973 -1425.9754638671875 
0.0 0.0 0.0 1.0

DataSet_1
0.39469587802886963 0.8223063945770264 0.4099113643169403 24.967159271240234 
-0.004405468702316284 -0.44443318247795105 0.8958011865615845 -20.046030044555664 
0.9188012480735779 -0.35537487268447876 -0.17179328203201294 -1425.5301513671875 
0.0 0.0 0.0 1.0

DataSet_1
0.39273592829704285 0.8110405206680298 0.43355706334114075 28.091106414794922 
-0.007163376081734896 -0.46872422099113464 0.8833155035972595 -26.805522918701172 
0.9196234345436096 -0.3500155210494995 -0.17827503383159637 -1424.941162109375 
0.0 0.0 0.0 1.0

DataSet_1
0.39024272561073303 0.8084805011749268 0.4405335783958435 29.25220489501953 
0.0004086493863724172 -0.4786226153373718 0.8780205845832825 -30.49881935119629 
0.920711874961853 -0.34246113896369934 -0.18710938096046448 -1425.020751953125 
0.0 0.0 0.0 1.0

DataSet_1
0.3868497312068939 0.8037359118461609 0.45205727219581604 31.067665100097656 
0.009479999542236328 -0.4936652183532715 0.8696002960205078 -35.899200439453125 
0.9220940470695496 -0.3321191668510437 -0.19859367609024048 -1425.1318359375 
0.0 0.0 0.0 1.0

DataSet_1
0.3854728937149048 0.7948342561721802 0.4686673581600189 32.81866455078125 
0.010073094628751278 -0.5115144848823547 0.8592156171798706 -41.47136688232422 
0.9226641654968262 -0.3264833986759186 -0.20518143475055695 -1424.9815673828125 
0.0 0.0 0.0 1.0

DataSet_1
0.38259467482566833 0.789280116558075 0.4802688956260681 34.174888610839844 
0.020485075190663338 -0.5269375443458557 0.8496570587158203 -47.34245300292969 
0.9236891865730286 -0.3152359127998352 -0.217771977186203 -1425.344970703125 
0.0 0.0 0.0 1.0

DataSet_1
0.38300201296806335 0.7810556888580322 0.4932154417037964 35.01027297973633 
0.014665305614471436 -0.5390027761459351 0.8421763181686401 -50.63807678222656 
0.9236311316490173 -0.31532207131385803 -0.2178935557603836 -1425.290771484375 
0.0 0.0 0.0 1.0

DataSet_1
0.38131341338157654 0.766193687915802 0.5172497630119324 37.4575309753418 
0.007074505090713501 -0.5619263052940369 0.8271570205688477 -57.29180908203125 
0.9244187474250793 -0.3117468059062958 -0.2196904867887497 -1424.3009033203125 
0.0 0.0 0.0 1.0

DataSet_1
0.3811802566051483 0.7543848156929016 0.534420371055603 37.895015716552734 
0.001551210880279541 -0.5785848498344421 0.8156207203865051 -62.39727783203125 
0.9244994521141052 -0.3100695013999939 -0.22171534597873688 -1424.8387451171875 
0.0 0.0 0.0 1.0

DataSet_1
0.38007795810699463 0.7400320768356323 0.5548813343048096 39.21262741088867 
-0.002503126859664917 -0.5990760922431946 0.8006882071495056 -68.9269790649414 
0.9249510765075684 -0.30571287870407104 -0.22584320604801178 -1424.7059326171875 
0.0 0.0 0.0 1.0

DataSet_1
0.37832123041152954 0.7334065437316895 0.5647901892662048 40.45085144042969 
0.0017091931076720357 -0.6106915473937988 0.7918667793273926 -73.29887390136719 
0.9256728291511536 -0.2986146807670593 -0.2322910875082016 -1423.9794921875 
0.0 0.0 0.0 1.0

DataSet_1
0.37617480754852295 0.7276008129119873 0.5736632347106934 41.255104064941406 
0.0027535855770111084 -0.620015025138855 0.7845851182937622 -76.5250473022461 
0.9265446066856384 -0.29356154799461365 -0.23523752391338348 -1423.550537109375 
0.0 0.0 0.0 1.0

DataSet_1
0.37579309940338135 0.7141637206077576 0.5905503034591675 41.890380859375 
-0.006824493408203125 -0.6351091265678406 0.7723922729492188 -80.95553588867188 
0.9266784191131592 -0.2942899465560913 -0.23379582166671753 -1423.261474609375 
0.0 0.0 0.0 1.0

DataSet_1
0.3728039860725403 0.713683545589447 0.5930201411247253 42.52114486694336 
0.012678890489041805 -0.6429505348205566 0.7658027410507202 -85.59324645996094 
0.9278234243392944 -0.277975469827652 -0.24874325096607208 -1423.179443359375 
0.0 0.0 0.0 1.0

DataSet_1
0.3708203434944153 0.7069024443626404 0.602313220500946 42.62586975097656 
0.022964924573898315 -0.6553333401679993 0.7549906373023987 -91.25292205810547 
0.9284206628799438 -0.26613378524780273 -0.2592448890209198 -1423.3314208984375 
0.0 0.0 0.0 1.0

DataSet_1
0.36964085698127747 0.7007589936256409 0.6101659536361694 41.870384216308594 
0.03066876530647278 -0.6655187010765076 0.7457508444786072 -96.05613708496094 
0.9286684393882751 -0.2569469213485718 -0.2674942910671234 -1424.34814453125 
0.0 0.0 0.0 1.0

DataSet_1
0.3664412498474121 0.6871690154075623 0.6273113489151001 42.60249710083008 
0.02809312753379345 -0.6820724606513977 0.7307447791099548 -101.96997833251953 
0.9300169348716736 -0.2501518726348877 -0.2692442238330841 -1423.7041015625 
0.0 0.0 0.0 1.0

DataSet_1
0.3655238747596741 0.6804318428039551 0.6351416110992432 42.95671463012695 
0.03130131959915161 -0.6909592151641846 0.7222157120704651 -105.63275146484375 
0.9302754998207092 -0.24410632252693176 -0.27386048436164856 -1423.149658203125 
0.0 0.0 0.0 1.0

DataSet_1
0.36389029026031494 0.6752638220787048 0.6415626406669617 43.22584533691406 
0.04302823543548584 -0.7002358436584473 0.7126137614250183 -110.47262573242188 
0.9304474592208862 -0.2317078858613968 -0.28386443853378296 -1422.73095703125 
0.0 0.0 0.0 1.0

DataSet_1
0.361468642950058 0.6640668511390686 0.6544888019561768 43.458553314208984 
0.05713436007499695 -0.7164084315299988 0.6953378319740295 -118.27919006347656 
0.9306321144104004 -0.2139490395784378 -0.29690021276474 -1421.8992919921875 
0.0 0.0 0.0 1.0

DataSet_1
0.36063265800476074 0.654954731464386 0.6640620231628418 45.29805374145508 
0.05625319480895996 -0.7259492874145508 0.6854437589645386 -121.66091918945312 
0.9310100078582764 -0.20983777940273285 -0.2986443340778351 -1419.53759765625 
0.0 0.0 0.0 1.0

DataSet_1
0.3599880039691925 0.6610178351402283 0.6583799123764038 45.39590072631836 
0.08938285708427429 -0.7268816232681274 0.6809213161468506 -125.75250244140625 
0.9286653399467468 -0.1862756609916687 -0.3207522928714752 -1418.7821044921875 
0.0 0.0 0.0 1.0

DataSet_1
0.3605556786060333 0.6843332052230835 0.6337882876396179 45.683753967285156 
0.10078191012144089 -0.7040972113609314 0.7029154300689697 -118.00341796875 
0.9272769689559937 -0.18956570327281952 -0.32283467054367065 -1419.1717529296875 
0.0 0.0 0.0 1.0

DataSet_1
0.36057668924331665 0.6968124508857727 0.6200296878814697 45.87189865112305 
0.07256963104009628 -0.6836909055709839 0.7261545658111572 -106.82136535644531 
0.929902195930481 -0.2168390303850174 -0.29709041118621826 -1419.776611328125 
0.0 0.0 0.0 1.0

DataSet_1
0.3622538149356842 0.7059010863304138 0.6086673140525818 45.10097122192383 
0.0719895288348198 -0.6722596287727356 0.7368069887161255 -102.52140808105469 
0.9292953014373779 -0.22309347987174988 -0.2943460941314697 -1420.8017578125 
0.0 0.0 0.0 1.0

DataSet_1
0.3659727871417999 0.7129236459732056 0.5981670022010803 43.82999801635742 
0.05440991744399071 -0.6580500602722168 0.7510057687759399 -95.37324523925781 
0.9290335774421692 -0.24230147898197174 -0.2796185314655304 -1422.082275390625 
0.0 0.0 0.0 1.0

DataSet_1
0.3681318759918213 0.7142565250396729 0.5952449440956116 43.76131057739258 
0.03280627727508545 -0.6497839093208313 0.7594106793403625 -90.07501220703125 
0.9291946291923523 -0.2600354850292206 -0.26263827085494995 -1421.79931640625 
0.0 0.0 0.0 1.0

DataSet_1
0.370880663394928 0.7197024822235107 0.5869206190109253 42.995948791503906 
0.017730923369526863 -0.6373665928840637 0.7703567147254944 -84.03359985351562 
0.9285112619400024 -0.27530375123023987 -0.2491479367017746 -1422.2589111328125 
0.0 0.0 0.0 1.0

DataSet_1
0.3730999529361725 0.7237206101417542 0.5805384516716003 42.40879440307617 
0.008078277111053467 -0.6282313466072083 0.7779846787452698 -79.92694091796875 
0.9277559518814087 -0.28557631373405457 -0.24023950099945068 -1422.4931640625 
0.0 0.0 0.0 1.0

DataSet_1
0.3760794401168823 0.7259913682937622 0.5757609605789185 41.72487258911133 
-0.00785368587821722 -0.6188580989837646 0.7854635119438171 -75.10203552246094 
0.9265540838241577 -0.299918532371521 -0.22703810036182404 -1422.737548828125 
0.0 0.0 0.0 1.0

DataSet_1
0.3801090717315674 0.7352054119110107 0.5612397789955139 40.33058166503906 
-0.020093530416488647 -0.6000771522521973 0.799689769744873 -67.44961547851562 
0.9247234463691711 -0.31524658203125 -0.21332190930843353 -1423.209228515625 
0.0 0.0 0.0 1.0

DataSet_1
0.381203830242157 0.7453219294548035 0.5469724535942078 39.560455322265625 
-0.017133653163909912 -0.5858498215675354 0.8102384805679321 -62.930782318115234 
0.9243322014808655 -0.31823766231536865 -0.21055813133716583 -1423.2623291015625 
0.0 0.0 0.0 1.0

