DataSet: 1
-1.845703125 278.173828125 2.98828125 3.955078125 1.60805942583754 9.84375 182.548828125
311.934 363.271 395.934 621.315
-0.1366883 -0.003314086 0.9906086 311.934 -0.1719735 0.9848896 -0.02043466 363.2712 -0.9755723 -0.1731516 -0.1351928 395.934 0 0 0 1
DataSet: 2
-1.845703125 278.173828125 2.98828125 3.955078125 1.60674413173893 8.61328125 183.69140625
313.305 364.495 403.342 627.456
-0.116934 0.0005427074 0.9931396 313.3047 -0.1512003 0.9883329 -0.01834267 364.495 -0.9815625 -0.1523079 -0.1154877 403.3418 0 0 0 1
DataSet: 3
-1.845703125 278.173828125 2.98828125 3.955078125 1.60583818657967 7.646484375 183.603515625
314.382 365.343 409.180 632.250
-0.1184204 0.003575025 0.9929571 314.3824 -0.1345066 0.9907187 -0.01960827 365.3429 -0.9838113 -0.1358813 -0.1168405 409.1798 0 0 0 1
DataSet: 4
-1.845703125 278.173828125 2.98828125 3.955078125 1.60471782417334 6.240234375 183.955078125
315.950 366.397 417.695 639.172
-0.1121816 0.007986865 0.9936556 315.9503 -0.1103276 0.993685 -0.02044285 366.3971 -0.987544 -0.111921 -0.110592 417.6953 0 0 0 1
DataSet: 5
-1.845703125 278.173828125 2.98828125 3.955078125 1.60430044912815 5.625 183.69140625
316.636 366.791 421.429 642.181
-0.1166565 0.009916899 0.9931228 316.6363 -0.09957795 0.9947946 -0.02163045 366.7915 -0.9881678 -0.1014165 -0.1150617 421.4286 0 0 0 1
DataSet: 6
-1.845703125 278.173828125 2.98828125 3.955078125 1.60359730907691 4.39453125 183.427734375
318.008 367.458 428.907 648.163
-0.1209705 0.01377552 0.9925605 318.0076 -0.07813001 0.9966696 -0.02335482 367.4578 -0.9895766 -0.080374 -0.1194913 428.9071 0 0 0 1
DataSet: 7
-1.845703125 278.173828125 2.98828125 3.955078125 1.60320177323278 3.515625 183.779296875
318.986 367.834 434.257 652.406
-0.1146455 0.0165297 0.9932689 318.9865 -0.06300753 0.9977274 -0.02387638 367.8338 -0.9914063 -0.06532074 -0.1133435 434.257 0 0 0 1
DataSet: 8
-1.845703125 278.173828125 2.98828125 3.955078125 1.60292136689504 2.724609375 183.8671875
319.867 368.101 439.077 656.202
-0.1128767 0.01900643 0.9934272 319.8667 -0.04929528 0.9984787 -0.02470419 368.1008 -0.9923854 -0.05175979 -0.1117681 439.0766 0 0 0 1
DataSet: 9
-1.845703125 278.173828125 2.98828125 3.955078125 1.602586131346 1.23046875 183.955078125
321.527 368.421 448.189 663.315
-0.1107972 0.02367777 0.9935609 321.5269 -0.02334355 0.9993783 -0.02641957 368.4205 -0.9935688 -0.02612046 -0.1101756 448.1888 0 0 0 1
DataSet: 10
-1.845703125 278.173828125 2.98828125 3.955078125 1.60250426136741 0.263671875 183.603515625
322.599 368.499 454.089 667.876
-0.1164674 0.02669434 0.9928357 322.5989 -0.006348704 0.9995983 -0.02762091 368.4987 -0.9931743 -0.009520154 -0.1162511 454.0886 0 0 0 1
DataSet: 11
-1.845703125 278.173828125 2.98828125 3.955078125 1.48807998661493 -0.87890625 182.900390625
323.165 368.480 461.189 672.984
-0.1281025 0.0282871 0.9913574 323.165 0.01400036 0.9995452 -0.02671161 368.4798 -0.9916621 0.01045754 -0.1284403 461.1886 0 0 0 1
DataSet: 12
-1.845703125 278.173828125 2.98828125 3.955078125 1.60267547830254 -1.7578125 183.427734375
324.834 368.335 466.425 677.304
-0.1184618 0.032982 0.9924107 324.8336 0.02893573 0.9991384 -0.0297516 368.3352 -0.9925369 0.0251917 -0.1193141 466.4252 0 0 0 1
DataSet: 13
-1.845703125 278.173828125 2.98828125 3.955078125 1.60286874764475 -2.548828125 183.251953125
325.705 368.151 471.250 680.952
-0.1210343 0.03543381 0.9920157 325.705 0.04279504 0.9986198 -0.03044835 368.1509 -0.9917254 0.03876806 -0.1223836 471.2502 0 0 0 1
DataSet: 14
-1.845703125 278.173828125 2.98828125 3.955078125 1.60334935814575 -3.8671875 182.900390625
327.153 367.693 479.285 686.980
-0.1262573 0.03950763 0.9912105 327.1528 0.06591537 0.9973325 -0.03135555 367.6934 -0.9898052 0.06137714 -0.1285247 479.2855 0 0 0 1
DataSet: 15
-1.845703125 278.173828125 2.98828125 3.955078125 1.48931791662352 -4.921875 182.98828125
327.610 367.211 485.832 691.524
-0.1241456 0.04079482 0.991425 327.6103 0.08429677 0.995976 -0.03042649 367.2113 -0.9886768 0.07979661 -0.1270849 485.8318 0 0 0 1
DataSet: 16
-1.845703125 278.173828125 2.98828125 3.955078125 1.48971089652038 -5.625 182.900390625
328.378 366.811 490.106 694.684
-0.1251524 0.04295409 0.9912072 328.3777 0.09654303 0.9948484 -0.0309221 366.8105 -0.9874291 0.09182417 -0.1286546 490.1064 0 0 0 1
DataSet: 17
-1.845703125 278.173828125 2.98828125 3.955078125 1.49027710780912 -6.50390625 182.8125
329.334 366.235 495.443 698.607
-0.125993 0.04564532 0.9909804 329.3341 0.1118201 0.9932281 -0.03153206 366.2347 -0.9857089 0.1068387 -0.1302439 495.4425 0 0 0 1
DataSet: 18
-1.845703125 278.173828125 2.98828125 3.955078125 1.49106744652726 -7.55859375 182.900390625
330.477 365.434 501.834 703.274
-0.1236023 0.04886239 0.9911281 330.4775 0.1300104 0.9909752 -0.03264142 365.4341 -0.9837783 0.1248224 -0.1288395 501.8339 0 0 0 1
DataSet: 19
-1.845703125 278.173828125 2.98828125 3.955078125 1.49206166464886 -8.701171875 182.4609375
331.710 364.432 508.741 708.279
-0.13019 0.0523311 0.9901071 331.7103 0.1499722 0.9881557 -0.03250799 364.432 -0.9800811 0.1442564 -0.1364962 508.7408 0 0 0 1
DataSet: 20
-1.845703125 278.173828125 2.98828125 3.955078125 1.49265714522485 -9.31640625 181.93359375
332.371 363.835 512.451 710.952
-0.138724 0.05419132 0.9888473 332.3714 0.1608604 0.9864746 -0.0314944 363.8345 -0.9771794 0.1546973 -0.1455649 512.4515 0 0 0 1
DataSet: 21
-1.845703125 278.173828125 2.98828125 3.955078125 1.60933367655937 -10.8984375 182.373046875
334.751 362.094 521.838 717.973
-0.1291992 0.06088636 0.9897476 334.7508 0.1876692 0.9815766 -0.03588583 362.0938 -0.973698 0.1811087 -0.1382454 521.8381 0 0 0 1
DataSet: 22
-1.845703125 278.173828125 2.98828125 3.955078125 1.49546841282333 -11.77734375 182.28515625
334.995 361.041 527.226 721.485
-0.1301606 0.06157439 0.9895791 334.9953 0.2028366 0.9786147 -0.0342128 361.0411 -0.9705234 0.1962697 -0.1398666 527.2263 0 0 0 1
DataSet: 23
-1.845703125 278.173828125 2.98828125 3.955078125 1.61189698448207 -12.744140625 182.63671875
336.702 359.749 532.872 725.769
-0.1225863 0.06637529 0.9902358 336.7016 0.2189829 0.9749789 -0.03824362 359.749 -0.9679974 0.2121566 -0.1340541 532.8725 0 0 0 1
DataSet: 24
-1.845703125 278.173828125 2.98828125 3.955078125 1.38220980021285 -13.18359375 182.021484375
335.794 359.174 535.737 727.171
-0.1335935 0.06382282 0.988979 335.7944 0.2270129 0.973361 -0.03214951 359.1739 -0.9646854 0.2202161 -0.1445233 535.7368 0 0 0 1
DataSet: 25
-1.845703125 278.173828125 2.98828125 3.955078125 1.61505084150145 -14.677734375 181.58203125
338.721 356.907 544.348 733.777
-0.1384445 0.07205874 0.9877452 338.7215 0.2524067 0.966982 -0.03516613 356.9069 -0.9576659 0.244445 -0.1520615 544.3478 0 0 0 1
DataSet: 26
-1.845703125 278.173828125 2.98828125 3.955078125 1.50133009014934 -15.64453125 181.58203125
339.043 355.358 550.172 737.508
-0.1377304 0.07296382 0.9877786 339.0431 0.2687497 0.9626227 -0.03363268 355.3576 -0.9533121 0.2608329 -0.1521914 550.1721 0 0 0 1
DataSet: 27
-1.845703125 278.0859375 2.98828125 3.955078125 1.50308488755664 -16.611328125 181.494140625
339.199 353.692 555.978 741.124
-0.1365275 0.07534079 0.9877672 339.1986 0.2849984 0.9579363 -0.0336735 353.692 -0.9487551 0.2769147 -0.1522566 555.9778 0 0 0 1
DataSet: 28
-1.845703125 278.173828125 2.98828125 3.955078125 1.50567326491922 -17.9296875 182.724609375
341.385 351.265 563.538 746.663
-0.1149464 0.07955372 0.9901811 341.3852 0.3061464 0.9511065 -0.04087498 351.2647 -0.9450194 0.2984419 -0.1336814 563.5383 0 0 0 1
DataSet: 29
-1.845703125 278.173828125 2.98828125 3.955078125 1.50829874397184 -19.16015625 182.724609375
342.629 348.838 570.667 751.494
-0.113188 0.08305429 0.9900962 342.6293 0.326474 0.9442775 -0.04188822 348.8377 -0.9384046 0.3184994 -0.1339959 570.6667 0 0 0 1
DataSet: 30
-1.845703125 278.173828125 2.98828125 3.955078125 1.27847948243737 -20.302734375 182.548828125
342.443 346.478 577.480 755.512
-0.1159021 0.08253036 0.989826 342.4431 0.3455586 0.9376389 -0.03771643 346.4783 -0.9312121 0.3376715 -0.1371934 577.4805 0 0 0 1
DataSet: 31
-1.845703125 278.173828125 2.98828125 3.955078125 1.39813207702033 -21.796875 182.548828125
344.592 343.134 585.881 761.407
-0.1129381 0.08857655 0.989646 344.5919 0.3697543 0.9282296 -0.04088333 343.1343 -0.9222401 0.3613086 -0.1375841 585.8811 0 0 0 1
DataSet: 32
-1.845703125 278.173828125 2.98828125 3.955078125 0.933095246892199 -22.412109375 182.373046875
342.565 341.753 589.842 762.928
-0.1180493 0.08287422 0.9895434 342.5653 0.380214 0.9243429 -0.03205539 341.7529 -0.917334 0.3724542 -0.140628 589.8422 0 0 0 1
DataSet: 33
-1.845703125 278.173828125 2.98828125 3.955078125 1.05210309972456 -23.642578125 182.197265625
344.437 338.756 596.642 767.707
-0.1184521 0.08813968 0.9890402 344.4366 0.3999635 0.9159105 -0.03372111 338.756 -0.9088445 0.3915856 -0.1437442 596.6415 0 0 0 1
DataSet: 34
-1.845703125 278.173828125 2.98828125 3.955078125 0.936313727697944 -24.2578125 182.021484375
344.387 337.219 600.195 769.775
-0.1213462 0.08800013 0.9887017 344.387 0.4099562 0.9115843 -0.03082114 337.2185 -0.9039972 0.4015844 -0.1466935 600.1951 0 0 0 1
DataSet: 35
-1.845703125 278.173828125 2.98828125 3.955078125 0.939695187627846 -26.015625 182.197265625
346.093 332.587 609.917 776.140
-0.1155161 0.09280066 0.9889611 346.0931 0.437606 0.8985536 -0.03320236 332.5874 -0.8917158 0.4289399 -0.1444075 609.9173 0 0 0 1
DataSet: 36
-1.845703125 278.173828125 2.98828125 3.955078125 0.824475657289587 -27.24609375 182.021484375
346.631 329.177 616.754 780.317
-0.1174268 0.09431335 0.9885929 346.6307 0.4569735 0.8889563 -0.03052775 329.1765 -0.8816951 0.4481759 -0.147486 616.7538 0 0 0 1
DataSet: 37
-1.845703125 277.998046875 2.98828125 3.955078125 0.590744948551942 -28.564453125 181.845703125
344.724 325.366 624.383 783.933
-0.1174958 0.09282689 0.9887254 344.7238 0.4775415 0.8782331 -0.02570431 325.3655 -0.8707174 0.4691373 -0.1475174 624.3831 0 0 0 1
DataSet: 38
-1.845703125 278.173828125 2.98828125 3.955078125 1.06132974454401 -27.7734375 181.93359375
348.406 327.644 619.380 782.540
-0.1161774 0.09930882 0.9882513 348.4061 0.4650063 0.8846453 -0.03423203 327.6444 -0.8776514 0.4555661 -0.148955 619.3802 0 0 0 1
DataSet: 39
-1.845703125 278.173828125 2.98828125 3.955078125 0.705855738467972 -26.71875 181.845703125
345.485 330.669 613.999 778.265
-0.1222348 0.09108893 0.9883124 345.4848 0.4489472 0.8931565 -0.02679284 330.6693 -0.8851582 0.4404251 -0.1500689 613.9991 0 0 0 1
DataSet: 40
-1.845703125 277.998046875 2.98828125 3.955078125 0.703348733082809 -25.048828125 181.58203125
342.031 335.191 605.096 771.673
-0.1266356 0.08525097 0.9882792 342.0313 0.4228583 0.905879 -0.02395895 335.1909 -0.8973039 0.414868 -0.1507657 605.0958 0 0 0 1
DataSet: 41
-1.845703125 277.998046875 2.98828125 3.955078125 0.351240804413348 -24.43359375 181.58203125
339.485 336.806 602.029 768.848
-0.1300418 0.07808584 0.988429 339.4848 0.4133036 0.9104242 -0.01754754 336.8062 -0.9012598 0.4062394 -0.1506663 602.0291 0 0 0 1
DataSet: 42
-1.845703125 277.998046875 2.98828125 3.955078125 0.116804921652741 -23.203125 181.58203125
336.962 339.894 595.386 763.909
-0.1332677 0.07098804 0.9885345 336.9622 0.3937848 0.919112 -0.01291525 339.8938 -0.9094906 0.3875486 -0.1504419 595.3865 0 0 0 1
DataSet: 43
-1.845703125 277.91015625 2.98828125 3.955078125 0.116674094733267 -22.587890625 182.28515625
335.452 341.379 592.051 761.309
-0.1204758 0.06867876 0.9903377 335.452 0.3837128 0.9232895 -0.01734993 341.3785 -0.91556 0.377915 -0.1375869 592.0509 0 0 0 1
DataSet: 44
-1.845703125 278.0859375 2.98828125 3.955078125 0.232954945093374 -21.62109375 182.197265625
336.924 343.633 586.210 758.448
-0.1252216 0.0689403 0.9897307 336.9239 0.368037 0.9296332 -0.01818981 343.6331 -0.9213405 0.3619798 -0.1417827 586.21 0 0 0 1
DataSet: 45
-1.845703125 278.0859375 2.98828125 3.955078125 0.116291609173647 -20.654296875 182.109375
335.276 345.798 580.823 754.547
-0.1285851 0.06430372 0.9896115 335.2761 0.3524141 0.9357238 -0.01501126 345.7977 -0.9269683 0.3468228 -0.1429817 580.8232 0 0 0 1
DataSet: 46
-1.845703125 277.998046875 2.98828125 3.955078125 -0.116054799133427 -19.3359375 182.373046875
331.716 348.594 573.620 748.727
-0.12535 0.05622568 0.9905181 331.7157 0.3309056 0.9435915 -0.01168587 348.5939 -0.9353015 0.3263031 -0.1368846 573.6198 0 0 0 1
DataSet: 47
-1.845703125 277.998046875 2.98828125 3.955078125 0.231872230317907 -18.6328125 182.373046875
333.002 350.011 569.201 746.584
-0.1241187 0.05984611 0.990461 333.0024 0.3190579 0.9475778 -0.01727256 350.0106 -0.9395726 0.3138705 -0.1367065 569.2012 0 0 0 1
DataSet: 48
-1.845703125 277.998046875 2.98828125 3.955078125 0.463070824485712 -17.578125 182.373046875
333.265 352.035 562.838 742.820
-0.1239937 0.06058542 0.9904317 333.2652 0.3014025 0.9532749 -0.02057946 352.0353 -0.9454005 0.2959668 -0.1364607 562.8383 0 0 0 1
DataSet: 49
-1.845703125 277.998046875 2.98828125 3.955078125 0.462342735677464 -16.34765625 182.373046875
331.997 354.262 555.649 737.882
-0.1252591 0.05701843 0.9904842 331.9974 0.2808803 0.9595402 -0.01971628 354.2621 -0.9515337 0.2757379 -0.1362065 555.6489 0 0 0 1
DataSet: 50
-1.845703125 277.998046875 2.98828125 3.955078125 0.46176640054826 -15.29296875 182.28515625
330.904 356.046 549.450 733.595
-0.1278015 0.0539407 0.9903318 330.9036 0.263215 0.9645585 -0.0185692 356.0455 -0.9562346 0.2582971 -0.1374701 549.4504 0 0 0 1
DataSet: 51
-1.845703125 277.91015625 2.98828125 3.955078125 1.03825703118356 -14.677734375 182.373046875
332.846 356.987 545.335 731.858
-0.122877 0.06134577 0.9905241 332.8458 0.2523729 0.9672075 -0.02859422 356.987 -0.9597964 0.2464679 -0.1343296 545.3346 0 0 0 1
DataSet: 52
-1.845703125 277.91015625 2.98828125 3.955078125 1.03720403272082 -13.7109375 183.1640625
331.854 358.457 539.606 727.869
-0.1102052 0.05855592 0.9921824 331.8543 0.2356244 0.9713447 -0.0311545 358.4574 -0.9655755 0.230349 -0.1208445 539.606 0 0 0 1
DataSet: 53
-1.845703125 277.91015625 2.98828125 3.955078125 1.26660282443359 -12.83203125 183.69140625
332.319 359.681 534.135 724.643
-0.1010772 0.05986457 0.9930758 332.3194 0.2201555 0.9747871 -0.03635423 359.6808 -0.9702139 0.2149566 -0.1117083 534.1355 0 0 0 1
DataSet: 54
-1.845703125 277.91015625 2.98828125 3.955078125 1.49546841282333 -11.77734375 184.306640625
332.606 361.041 527.594 720.648
-0.09068576 0.06067052 0.9940298 332.6059 0.2015035 0.9786147 -0.04134641 361.0411 -0.9752807 0.196551 -0.1009717 527.5941 0 0 0 1
DataSet: 55
-1.845703125 278.173828125 2.98828125 3.955078125 1.49428117867093 -10.810546875 185.009765625
333.969 362.215 521.436 717.377
-0.08398805 0.05868539 0.9947371 333.9686 0.1845049 0.9819187 -0.04235096 362.2154 -0.9792364 0.1799769 -0.09329718 521.4358 0 0 0 1
DataSet: 56
-1.845703125 277.998046875 2.98828125 3.955078125 1.49301649571825 -9.66796875 185.537109375
331.194 363.475 514.809 711.921
-0.07294627 0.05475866 0.9958315 331.1943 0.1645839 0.9854628 -0.04213248 363.4749 -0.983662 0.1608244 -0.08089823 514.8087 0 0 0 1
DataSet: 57
-1.845703125 277.998046875 2.98828125 3.955078125 1.49231168490641 -8.96484375 186.15234375
330.453 364.181 510.569 708.878
-0.06290647 0.05267245 0.9966285 330.4529 0.1520873 0.9874491 -0.04258767 364.1809 -0.9863631 0.1488955 -0.07012776 510.5691 0 0 0 1
DataSet: 58
-1.845703125 278.0859375 2.98828125 3.955078125 1.49099693547356 -7.470703125 185.712890625
329.626 365.505 501.419 702.615
-0.07337829 0.0484056 0.9961288 329.6259 0.1267395 0.9911758 -0.03882885 365.5053 -0.9892182 0.1233997 -0.07886568 501.4186 0 0 0 1
DataSet: 59
-1.845703125 278.0859375 2.98828125 3.955078125 1.4904633086894 -6.767578125 185.9765625
328.870 366.046 497.157 699.507
-0.06937234 0.04628004 0.9965168 328.8704 0.1144536 0.9926964 -0.03813495 366.0457 -0.9910035 0.1114094 -0.07416259 497.1573 0 0 0 1
DataSet: 60
-1.845703125 278.0859375 2.98828125 3.955078125 1.48971089652038 -5.625 186.15234375
327.638 366.811 490.220 694.415
-0.06719934 0.04281319 0.9968206 327.6383 0.09463346 0.9948484 -0.03634889 366.8105 -0.9932415 0.09188996 -0.07090472 490.2201 0 0 0 1
DataSet: 61
-1.845703125 278.173828125 2.98828125 3.955078125 1.48909923396822 -4.482421875 185.888671875
327.130 367.435 483.158 689.539
-0.07412709 0.03944258 0.9964685 327.1297 0.07504845 0.9966047 -0.03386513 367.4348 -0.9944209 0.07227309 -0.07683551 483.1579 0 0 0 1
DataSet: 62
-1.845703125 278.173828125 2.98828125 3.955078125 1.48862709273003 -3.33984375 186.064453125
325.877 367.918 476.199 684.343
-0.07181737 0.03591774 0.9967709 325.877 0.05516812 0.9979646 -0.03198589 367.9181 -0.9958909 0.05269283 -0.07365271 476.1991 0 0 0 1
DataSet: 63
-1.845703125 278.173828125 2.98828125 3.955078125 1.48840547117358 -2.63671875 185.537109375
325.104 368.145 471.913 681.121
-0.08141399 0.03374258 0.996109 325.1039 0.04326677 0.9986042 -0.03029083 368.1454 -0.9957408 0.04063232 -0.0827603 471.9128 0 0 0 1
DataSet: 64
-1.845703125 278.173828125 2.98828125 3.955078125 1.48811901779739 -1.23046875 185.185546875
323.553 368.440 463.334 674.621
-0.08829612 0.02938005 0.9956609 323.5534 0.0190318 0.9994322 -0.02780357 368.4397 -0.9959124 0.01649428 -0.08880515 463.3341 0 0 0 1
DataSet: 65
-1.845703125 278.0859375 2.98828125 3.955078125 1.48804299509019 -0.263671875 184.39453125
321.795 368.518 457.539 669.850
-0.1009762 0.02637258 0.9945393 321.7953 0.002597053 0.9996522 -0.02624448 368.5179 -0.9948854 -6.719682E-05 -0.1010096 457.5385 0 0 0 1
DataSet: 66
-1.845703125 278.0859375 2.98828125 3.955078125 1.48809787499469 1.0546875 183.69140625
320.347 368.461 449.491 663.647
-0.1137319 0.02229683 0.9932612 320.3468 -0.02003432 0.9994934 -0.02473073 368.4614 -0.9933094 -0.02271199 -0.1132276 449.4905 0 0 0 1
DataSet: 67
-1.845703125 278.0859375 2.98828125 3.955078125 1.37375929332939 1.93359375 183.779296875
318.681 368.337 444.253 659.235
-0.1124593 0.01761 0.9935003 318.6811 -0.03523835 0.9991434 -0.02169883 368.337 -0.9930313 -0.03744955 -0.1117424 444.2528 0 0 0 1
DataSet: 68
-1.845703125 278.173828125 2.98828125 3.955078125 1.48838144923365 2.548828125 183.603515625
319.364 368.170 440.275 656.799
-0.1172976 0.01759309 0.992941 319.3643 -0.0460004 0.9986736 -0.02312875 368.1701 -0.9920309 -0.04838863 -0.1163327 440.2747 0 0 0 1
DataSet: 69
-1.845703125 278.173828125 2.98828125 3.955078125 1.48865848108449 3.427734375 182.724609375
318.387 367.886 434.919 652.583
-0.1327635 0.01484278 0.9910366 318.3869 -0.06093676 0.9978741 -0.02310853 367.8859 -0.9892728 -0.06345852 -0.1315767 434.9189 0 0 0 1
DataSet: 70
-1.845703125 278.173828125 2.98828125 3.955078125 1.37448057879388 4.306640625 183.603515625
316.712 367.536 429.695 648.095
-0.1176023 0.0101296 0.9930091 316.7119 -0.07643189 0.9968895 -0.01922103 367.536 -0.9901151 -0.078158 -0.1164622 429.6947 0 0 0 1
DataSet: 71
-1.845703125 278.173828125 2.98828125 3.955078125 1.48960766743573 5.44921875 183.69140625
316.136 366.916 422.622 642.790
-0.1164353 0.008510174 0.9931618 316.1363 -0.09640812 0.9951444 -0.01982975 366.9157 -0.9885081 -0.09805775 -0.1150494 422.6223 0 0 0 1
DataSet: 72
-1.845703125 277.998046875 2.98828125 3.955078125 1.4901571723691 6.328125 183.69140625
313.902 366.357 417.475 637.994
-0.1135171 0.006102257 0.9935173 313.9018 -0.1116306 0.9935709 -0.01885726 366.3565 -0.9872449 -0.1130476 -0.1121061 417.4746 0 0 0 1
DataSet: 73
-1.845703125 277.91015625 2.98828125 3.955078125 1.49099693547356 7.470703125 183.076171875
312.033 365.505 410.641 632.127
-0.122758 0.002784259 0.9924327 312.0331 -0.1311842 0.9911758 -0.01900744 365.5053 -0.9837282 -0.1325248 -0.1213095 410.6406 0 0 0 1
DataSet: 74
-1.845703125 277.91015625 2.98828125 3.955078125 1.37692179015071 8.26171875 182.98828125
310.481 364.852 405.979 627.960
-0.124018 -0.001583193 0.9922787 310.4809 -0.1447109 0.9893363 -0.01650791 364.8516 -0.9816712 -0.1456408 -0.1229246 405.9792 0 0 0 1
DataSet: 75
-1.845703125 277.91015625 2.98828125 3.955078125 1.49256948060947 9.228515625 183.427734375
310.125 363.922 400.023 623.406
-0.1166732 -0.002584198 0.993167 310.1251 -0.1615886 0.9867217 -0.01641535 363.9223 -0.979937 -0.1623997 -0.1155416 400.0231 0 0 0 1
DataSet: 76
-1.845703125 277.91015625 2.98828125 3.955078125 1.37924466735718 10.72265625 183.603515625
307.816 362.335 391.162 615.666
-0.1131341 -0.00908156 0.9935382 307.8159 -0.1871464 0.9822546 -0.01233192 362.3347 -0.9757955 -0.1873322 -0.1128261 391.162 0 0 0 1
DataSet: 77
-1.845703125 278.173828125 2.98828125 3.955078125 1.49502415023875 11.42578125 183.603515625
309.486 361.480 386.576 613.099
-0.1178843 -0.01020101 0.9929749 309.4863 -0.1992793 0.9798485 -0.01359194 361.4796 -0.9728263 -0.1994816 -0.1175416 386.5763 0 0 0 1
DataSet: 78
-1.845703125 278.173828125 2.98828125 3.955078125 1.38107542910841 12.3046875 185.361328125
307.826 360.376 381.455 608.388
-0.08677298 -0.01487309 0.9961171 307.8259 -0.2143684 0.9767443 -0.004090057 360.3764 -0.9728909 -0.2138909 -0.08794333 381.4552 0 0 0 1
DataSet: 79
-1.845703125 278.173828125 2.98828125 3.955078125 1.49428117867093 10.810546875 186.6796875
310.169 362.215 390.258 616.203
-0.06452396 -0.00827951 0.9978818 310.1693 -0.1892589 0.9819187 -0.004090589 362.2154 -0.9798049 -0.1891219 -0.06492425 390.2581 0 0 0 1
DataSet: 80
-1.845703125 278.173828125 2.98828125 3.955078125 1.49283507989709 9.4921875 186.50390625
311.634 363.656 398.173 622.819
-0.06772285 -0.004156779 0.9976955 311.6345 -0.1667471 0.9859734 -0.007210732 363.6564 -0.9836712 -0.1668511 -0.06746606 398.1731 0 0 0 1
DataSet: 81
-1.845703125 278.173828125 2.98828125 3.955078125 1.60674413173893 8.61328125 185.9765625
313.305 364.495 403.342 627.456
-0.07724162 0.0005427074 0.9970123 313.3047 -0.1518114 0.9883329 -0.01229928 364.495 -0.9853867 -0.1523079 -0.07625805 403.3418 0 0 0 1
DataSet: 82
-1.845703125 278.173828125 2.98828125 3.955078125 1.60591595033009 7.734375 186.240234375
314.284 365.270 408.648 631.815
-0.07262128 0.003299314 0.9973541 314.2844 -0.136777 0.9905134 -0.01323596 365.2699 -0.9879363 -0.1373763 -0.07148108 408.6485 0 0 0 1
DataSet: 83
-1.845703125 278.173828125 2.98828125 3.955078125 1.4901571723691 6.328125 185.537109375
315.157 366.357 417.288 638.491
-0.08449695 0.005755404 0.9964071 315.1573 -0.1121801 0.9935709 -0.01525207 366.3565 -0.9900888 -0.1130658 -0.08330807 417.2885 0 0 0 1
DataSet: 84
-1.845703125 278.173828125 2.98828125 3.955078125 1.48950776423218 5.2734375 184.74609375
316.332 367.018 423.690 643.647
-0.09810764 0.009061077 0.9951345 316.3321 -0.09371361 0.9954309 -0.01830275 367.0176 -0.9907536 -0.09505329 -0.09681023 423.6901 0 0 0 1
DataSet: 85
-1.845703125 278.173828125 2.98828125 3.955078125 1.48893914886194 4.130859375 184.130859375
317.604 367.598 430.638 649.192
-0.1085707 0.01264099 0.9940084 317.6044 -0.07369501 0.9970654 -0.02072922 367.5985 -0.9913533 -0.07550404 -0.1073206 430.6379 0 0 0 1
DataSet: 86
-1.845703125 278.173828125 2.98828125 3.955078125 1.48859652421956 3.251953125 183.8671875
318.582 367.949 435.990 653.428
-0.112929 0.01539303 0.9934838 318.5825 -0.05833062 0.9980528 -0.02209424 367.9494 -0.9918894 -0.06044561 -0.1118113 435.9897 0 0 0 1
DataSet: 87
-1.845703125 278.173828125 2.98828125 3.955078125 1.60279641640553 2.28515625 183.251953125
320.355 368.220 441.756 658.302
-0.1233864 0.02038139 0.9921494 320.3553 -0.04137982 0.9988138 -0.0256644 368.2199 -0.9914956 -0.04422161 -0.1223967 441.7557 0 0 0 1
DataSet: 88
-1.845703125 278.173828125 2.98828125 3.955078125 1.48807226256449 0.791015625 182.900390625
321.316 368.488 450.997 665.151
-0.1288503 0.02308482 0.9913954 321.3161 -0.01509707 0.9995675 -0.02523726 368.4877 -0.9915491 -0.018219 -0.128446 450.997 0 0 0 1
DataSet: 89
-1.845703125 278.173828125 2.98828125 3.955078125 1.48804096278014 -0.17578125 183.427734375
322.387 368.520 456.897 669.698
-0.119306 0.02609873 0.9925144 322.3873 0.0015088 0.999658 -0.02610521 368.5199 -0.9928564 -0.001617003 -0.1193046 456.8973 0 0 0 1
