DataSet: 1
-6.943359375 12.744140625 -11.25 -1.7578125 -0.46176640054826 -15.29296875 -80.859375
792.378 293.251 -19.879 845.136
0.2224824 0.2625502 -0.9389191 792.3779 -0.03394129 0.9645585 0.2616772 293.2511 0.9743457 -0.02635044 0.2235086 -19.87869 0 0 0 1
DataSet: 2
5.888671875 0.87890625 -10.1953125 -1.7578125 -0.1144741617272 -1.40625 -79.716796875
708.321 310.333 -76.385 777.085
0.2637017 0.02427306 -0.9642988 708.3214 -0.00241508 0.9996969 0.02450365 310.3332 0.9646013 -0.004132794 0.2636803 -76.38515 0 0 0 1
DataSet: 3
21.26953125 -30.322265625 -10.634765625 -1.7578125 1.94737538982056 -4.658203125 -88.76953125
705.865 307.146 -0.093 769.795
-0.1663762 0.07341757 -0.9833254 705.8649 -0.03571666 0.9961213 0.08041611 307.1464 0.9854153 0.04850043 -0.1631086 -0.09338067 0 0 0 1
DataSet: 4
37.001953125 -52.822265625 3.779296875 -1.845703125 3.891486982802 -0.263671875 -123.046875
631.861 371.319 -1.651 732.891
-0.7734424 -0.01621035 -0.6336592 631.861 -0.05438408 0.9976838 0.04085816 371.3188 0.6315293 0.06606241 -0.7725326 -1.651137 0 0 0 1
DataSet: 5
23.5546875 -31.81640625 -15.8203125 -1.7578125 7.67821934190795 -6.591796875 -107.578125
703.666 280.639 19.975 757.828
-0.4606126 0.08995192 -0.8830315 703.6658 -0.09301279 0.9844825 0.1488044 280.6393 0.8827144 0.1506744 -0.4450984 19.97512 0 0 0 1
DataSet: 6
20.654296875 -19.86328125 -10.37109375 -1.7578125 15.0085750777025 -8.0859375 -92.8125
735.673 294.138 0.315 792.295
-0.06488091 0.1363122 -0.988539 735.6729 -0.2519853 0.9562844 0.1484031 294.1377 0.9655536 0.2587259 -0.02769594 0.3146144 0 0 0 1
DataSet: 7
-1.23046875 14.326171875 -11.162109375 -1.7578125 -2.75525920255779 -9.140625 -69.08203125
744.134 301.311 -119.835 811.717
0.5295794 0.1464278 -0.8355265 744.1345 -0.01175005 0.9861601 0.1653791 301.3105 0.848179 -0.07776387 0.5239705 -119.8354 0 0 0 1
DataSet: 8
-11.953125 28.037109375 -11.6015625 -1.845703125 -18.8588228155431 -4.658203125 -54.140625
680.455 284.130 -185.528 760.374
0.7583448 -0.0005225398 -0.6518534 680.4549 0.2169504 0.9431921 0.2516369 284.1299 0.6146916 -0.3322474 0.7153782 -185.5276 0 0 0 1
DataSet: 9
-20.56640625 32.16796875 0.3515625 -1.845703125 -7.80046956032043 -8.4375 -63.28125
726.408 349.859 -53.587 808.047
0.5897872 0.1218591 -0.7983116 726.4075 0.05587048 0.9800234 0.1908734 349.8588 0.8056237 -0.1571767 0.5711969 -53.58707 0 0 0 1
DataSet: 10
-30.5859375 46.7578125 -1.58203125 -1.7578125 -8.47036143324716 -3.515625 -66.62109375
663.563 343.849 -49.124 748.974
0.6104867 0.02279301 -0.7916985 663.5634 0.1111375 0.9872308 0.1141216 343.8494 0.7841904 -0.1576571 0.6001581 -49.12443 0 0 0 1
DataSet: 11
-36.9140625 55.37109375 -2.373046875 -1.845703125 13.3793077945629 -2.021484375 -80.068359375
670.113 335.022 88.312 754.381
0.4387209 0.09991209 -0.8930518 670.1135 -0.2338477 0.9722541 -0.006107058 335.0221 0.8676631 0.2115174 0.4499124 88.31236 0 0 0 1
DataSet: 12
-33.92578125 43.76953125 9.66796875 -1.7578125 -12.9210484045879 -0.263671875 -68.5546875
645.367 389.054 -9.992 753.632
0.4896322 -0.02689583 -0.8715141 645.3669 0.2064872 0.9746688 0.08592892 389.0536 0.8471265 -0.2220301 0.4827829 -9.99241 0 0 0 1
DataSet: 13
-39.462890625 53.525390625 23.37890625 -1.7578125 -15.0895740511839 1.845703125 -65.390625
586.082 443.758 -27.604 735.646
0.5929807 -0.08691812 -0.8005118 586.0817 0.2496326 0.9650191 0.08013576 443.7575 0.7655439 -0.2473528 0.5939353 -27.60445 0 0 0 1
DataSet: 14
-54.580078125 78.22265625 9.4921875 -1.845703125 10.6907567837982 -11.77734375 -90
652.698 383.767 63.442 759.814
0.3648721 0.2569487 -0.8948998 652.698 -0.1855081 0.9619563 0.2005662 383.7672 0.9123898 0.09283014 0.3986571 63.44198 0 0 0 1
DataSet: 15
-54.580078125 77.51953125 2.8125 -1.845703125 -0.574974360541918 -11.337890625 -65.21484375
630.364 360.910 5.901 726.395
0.7105184 0.1798803 -0.680299 630.3641 -0.07330096 0.9804355 0.1826834 360.91 0.6998504 -0.07993332 0.7098028 5.901396 0 0 0 1
DataSet: 16
-42.890625 65.478515625 -11.42578125 -1.845703125 -8.17682094173185 -13.447265625 -46.318359375
661.886 291.826 -70.664 726.807
0.8897913 0.168486 -0.4241273 661.8859 -0.05612022 0.9626969 0.2646982 291.8255 0.452904 -0.2117241 0.8660548 -70.66415 0 0 0 1
DataSet: 17
-41.1328125 53.173828125 -18.544921875 -1.7578125 29.7916701687077 -8.96484375 -91.142578125
708.614 223.878 240.995 781.239
0.1357853 0.2409361 -0.9609954 708.6142 -0.4940524 0.8572363 0.1451143 223.8776 0.8587634 0.4550777 0.2354351 240.9955 0 0 0 1
DataSet: 18
-12.65625 5.625 -14.58984375 -1.845703125 6.88641241712562 -9.140625 -92.109375
738.724 284.374 164.803 808.543
-0.1891087 0.138688 -0.972113 738.7239 -0.1140152 0.9801788 0.1620185 284.3735 0.9753146 0.1414748 -0.1695478 164.8029 0 0 0 1
DataSet: 19
-6.6796875 4.921875 -3.251953125 -1.7578125 -18.6259357967617 -3.69140625 -76.11328125
734.999 321.678 -64.049 804.862
0.1823411 0.08380596 -0.9796572 734.9988 0.2954106 0.9456579 0.1358815 321.6782 0.9378083 -0.3141779 0.1476751 -64.04865 0 0 0 1
DataSet: 20
8.26171875 -15.29296875 8.4375 -1.7578125 -4.23478695024657 -0.3515625 -109.072265625
704.567 391.693 -2.769 806.130
-0.4669103 0.01734673 -0.8841345 704.5673 0.0717897 0.997251 -0.01834597 391.6926 0.8813859 -0.07203767 -0.4668721 -2.769322 0 0 0 1
DataSet: 21
11.07421875 -15.380859375 -2.98828125 -1.7578125 8.93551329242895 6.064453125 -128.759765625
657.884 335.881 40.025 739.750
-0.699365 -0.1213735 -0.7043842 657.8845 -0.1864556 0.9823354 0.01585929 335.8806 0.6900166 0.1424278 -0.7096418 40.02508 0 0 0 1
DataSet: 22
18.10546875 -30.9375 6.85546875 -1.845703125 21.3905599215503 7.91015625 -115.3125
601.188 358.089 137.490 713.132
-0.6175058 -0.2246641 -0.7537988 601.1877 -0.3844931 0.9222564 0.04010192 358.0887 0.6861863 0.3145936 -0.6558805 137.4901 0 0 0 1
DataSet: 23
17.490234375 -17.666015625 -1.494140625 -1.7578125 -5.49623793487615 -3.8671875 -84.287109375
720.946 346.338 -103.918 806.543
0.06581944 0.0706299 -0.9953287 720.946 0.08862193 0.993136 0.07633473 346.3376 0.9938883 -0.09323226 0.0591083 -103.9182 0 0 0 1
DataSet: 24
26.71875 -32.431640625 -17.314453125 -1.7578125 -10.8719150533843 -3.8671875 -88.76953125
698.909 272.632 -129.240 761.252
-0.1064483 0.09133904 -0.9901141 698.9088 0.1871483 0.9798152 0.07026842 272.6319 0.9765471 -0.1778182 -0.1213937 -129.2395 0 0 0 1
DataSet: 25
29.091796875 -35.947265625 -8.876953125 -1.7578125 -24.4116182888146 -3.1640625 -82.529296875
710.242 283.938 -207.640 792.578
-0.007305318 0.1163744 -0.9931785 710.2424 0.403246 0.9092118 0.1035697 283.9384 0.9150624 -0.3997387 -0.05356961 -207.6399 0 0 0 1
DataSet: 26
25.13671875 -33.22265625 2.4609375 -1.7578125 -25.4257084709494 2.28515625 -76.376953125
690.409 331.628 -192.635 789.779
0.08251114 0.03405657 -0.996008 690.4095 0.4257433 0.9024245 0.06612602 331.628 0.9010741 -0.4294999 0.05996072 -192.6347 0 0 0 1
DataSet: 27
14.58984375 -32.6953125 -5.44921875 -1.7578125 22.7866338086954 10.107421875 -104.326171875
569.946 298.456 186.866 669.950
-0.5269112 -0.2946069 -0.7972273 569.9459 -0.415292 0.9076452 -0.06093181 298.4564 0.7415504 0.2989765 -0.6005964 186.8657 0 0 0 1
DataSet: 28
17.841796875 -27.685546875 1.7578125 -1.7578125 1.38085869268314 12.12890625 -96.943359375
613.132 355.157 -2.993 708.573
-0.3152236 -0.2105573 -0.9253646 613.1316 -0.04931412 0.9773934 -0.2055972 355.157 0.9477353 -0.01917555 -0.318481 -2.99336 0 0 0 1
DataSet: 29
-29.091796875 29.8828125 2.373046875 -1.7578125 25.0828112064959 1.0546875 -88.681640625
666.358 332.347 271.906 792.730
0.007719683 -0.02555583 -0.9996436 666.358 -0.423432 0.9055426 -0.02642007 332.3469 0.905895 0.423485 -0.003830652 271.9062 0 0 0 1
DataSet: 30
-35.419921875 46.0546875 -6.15234375 -1.7578125 10.9959745203601 6.328125 -81.650390625
623.911 319.528 140.458 714.906
0.2929447 -0.07964765 -0.9528062 623.9106 -0.1730064 0.9756594 -0.1347497 319.5276 0.9403468 0.2043158 0.2720347 140.4575 0 0 0 1
DataSet: 31
-22.5 12.3046875 6.328125 -1.7578125 -15.9264226352978 8.525390625 -74.794921875
647.360 365.978 76.064 747.530
0.06377296 -0.08882934 -0.9940032 647.36 0.3021859 0.9509892 -0.06559783 365.978 0.9511134 -0.2961904 0.08749038 76.06356 0 0 0 1
DataSet: 32
-22.587890625 17.138671875 5.09765625 -1.7578125 4.5854959009679 6.767578125 -107.05078125
639.669 374.363 167.432 759.840
-0.4080859 -0.1268708 -0.904085 639.6687 -0.1108755 0.9898538 -0.08885985 374.3629 0.9061857 0.06397845 -0.4180122 167.4319 0 0 0 1
DataSet: 33
-20.478515625 18.017578125 -3.955078125 -1.7578125 15.2304277308364 7.294921875 -122.87109375
638.617 322.622 201.515 743.320
-0.5951834 -0.1458018 -0.7902522 638.6169 -0.2871376 0.9570671 0.03968034 322.6222 0.7505389 0.2505282 -0.6114956 201.5149 0 0 0 1
DataSet: 34
16.171875 -35.15625 4.74609375 -1.7578125 21.7199167491216 13.88671875 -121.11328125
545.795 341.534 169.693 665.833
-0.7345498 -0.3516813 -0.5803076 545.795 -0.4320467 0.9018512 0.0003369834 341.5339 0.5232326 0.2509675 -0.8143973 169.6925 0 0 0 1
DataSet: 35
11.6015625 -25.400390625 3.33984375 -1.7578125 -13.8345999977527 -1.40625 -81.73828125
719.181 359.784 -18.436 804.366
-0.1195451 0.08775263 -0.9889431 719.1807 0.2332141 0.9706976 0.05794232 359.7835 0.9650493 -0.2237088 -0.1365073 -18.43594 0 0 0 1
DataSet: 36
19.86328125 -36.73828125 11.513671875 -1.7578125 -6.86709665628032 -2.197265625 -69.697265625
693.420 403.290 12.012 802.259
0.03054116 0.07450426 -0.9967529 693.4205 0.09893048 0.9920962 0.07718749 403.2898 0.9946256 -0.1009666 0.02292903 12.01188 0 0 0 1
DataSet: 37
22.412109375 -26.3671875 13.88671875 -1.7578125 -8.8210689285628 -6.064453125 -49.130859375
722.484 410.192 -112.096 838.335
0.5719996 0.1203019 -0.811384 722.4841 0.04765277 0.9826419 0.1792876 410.1917 0.8188685 -0.1412171 0.5563381 -112.0963 0 0 0 1
DataSet: 38
10.546875 -17.666015625 1.58203125 -1.7578125 15.5656276310194 -6.328125 -65.478515625
723.364 347.292 113.551 810.408
0.2742132 0.06774563 -0.9592798 723.3643 -0.2882073 0.9574541 -0.01476828 347.2917 0.9174659 0.2805211 0.2820714 113.5508 0 0 0 1
DataSet: 39
12.744140625 -17.666015625 7.734375 -1.845703125 -3.02129997183284 20.21484375 -74.091796875
577.196 367.229 -44.878 685.585
0.1428381 -0.3373052 -0.9304958 577.1961 0.1452688 0.9370992 -0.317399 367.2285 0.9790272 -0.0898353 0.1828534 -44.87795 0 0 0 1
DataSet: 40
6.767578125 -8.701171875 2.197265625 -1.7578125 15.2893098734143 12.65625 -130.78125
621.739 344.230 75.767 714.699
-0.680576 -0.2352114 -0.6938962 621.739 -0.3377165 0.9411687 0.01220373 344.2298 0.650203 0.2426458 -0.7199716 75.76669 0 0 0 1
DataSet: 41
4.921875 -8.4375 -4.130859375 -1.7578125 24.0054011933199 18.017578125 -150.29296875
582.884 290.443 136.952 665.482
-0.8540436 -0.3435567 -0.3906128 582.884 -0.4470269 0.8687102 0.2133296 290.4428 0.2660385 0.3568071 -0.8954955 136.9519 0 0 0 1
DataSet: 42
5.009765625 -7.119140625 5.712890625 -1.7578125 -25.9865252790136 0.615234375 -54.052734375
711.691 344.734 -156.984 806.219
0.5367767 0.0188363 -0.8435141 711.691 0.3603818 0.8988453 0.2494036 344.7337 0.7628865 -0.4378611 0.4756909 -156.9838 0 0 0 1
DataSet: 43
6.416015625 -7.03125 -2.98828125 -1.7578125 -17.0454411021102 14.853515625 -71.89453125
618.823 315.193 -123.736 705.406
0.2634653 -0.2443972 -0.9331967 618.8225 0.3547813 0.9241248 -0.1418575 315.1925 0.8970598 -0.2937062 0.3301823 -123.7363 0 0 0 1
DataSet: 44
-1.494140625 2.724609375 0.3515625 9.228515625 13.2648924032821 -1.845703125 -80.15625
731.385 347.297 53.231 811.402
0.3418918 0.07330433 -0.9368759 731.3853 -0.2314347 0.9728147 -0.008340598 347.2968 0.9107953 0.2196772 0.3495625 53.23069 0 0 0 1
DataSet: 45
36.38671875 -52.998046875 -10.458984375 6.064453125 -2.86151866318629 -0.3515625 -88.41796875
644.012 308.841 -53.169 716.213
-0.1556024 0.0151698 -0.9877033 644.0116 0.04973395 0.9987343 0.007504154 308.8412 0.986567 -0.04795472 -0.1561599 -53.16924 0 0 0 1
DataSet: 46
39.462890625 -58.095703125 12.65625 -4.74609375 -20.4351927268356 -0.17578125 -77.6953125
666.429 388.684 -121.409 780.989
-0.1677734 0.1413607 -0.9756379 666.4291 0.3405145 0.9370633 0.07721581 388.684 0.9251497 -0.319264 -0.2053497 -121.4088 0 0 0 1
DataSet: 47
-50.361328125 65.91796875 -6.943359375 -4.74609375 -0.801610645414803 -3.515625 -76.728515625
620.411 323.991 76.388 704.071
0.4076388 0.05761335 -0.9113239 620.4115 -0.0004590838 0.9980204 0.06288891 323.9909 0.9131431 -0.02521759 0.4068584 76.3884 0 0 0 1
DataSet: 48
-51.6796875 71.279296875 1.0546875 -4.74609375 -17.5442569543226 16.787109375 -66.09375
462.736 329.103 -15.010 568.030
0.5894184 -0.3531467 -0.7265489 462.7356 0.3871777 0.9128512 -0.1296 329.1026 0.7089988 -0.2049149 0.6747819 -15.00958 0 0 0 1
DataSet: 49
-29.35546875 25.224609375 -7.119140625 -4.74609375 14.3698242440299 -12.48046875 -81.826171875
733.328 304.667 265.168 837.201
-0.009635524 0.1761259 -0.9843205 733.3276 -0.2754226 0.945823 0.1719336 304.6665 0.9612749 0.2727608 0.03939556 265.1677 0 0 0 1
DataSet: 50
-45.3515625 71.54296875 8.173828125 -4.74609375 -0.574387596645826 10.01953125 -76.376953125
529.050 386.075 11.192 655.037
0.5710418 -0.1655477 -0.8040555 529.0502 0.05071964 0.984699 -0.1667194 386.075 0.8193527 0.05442234 0.5707008 11.19249 0 0 0 1
DataSet: 51
-33.046875 41.396484375 -8.525390625 -4.74609375 21.5782420931956 3.251953125 -97.646484375
648.326 292.305 215.711 743.169
-0.07483098 -0.03353681 -0.9966322 648.326 -0.3715203 0.9284188 -0.003346243 292.3051 0.9254043 0.3700187 -0.08193409 215.7115 0 0 0 1
DataSet: 52
-17.40234375 14.677734375 -5.361328125 -4.74609375 38.6864917002543 4.5703125 -105.8203125
636.635 252.802 324.555 757.990
-0.3653281 -0.1600173 -0.9170222 636.6345 -0.6183389 0.7780958 0.110562 252.8024 0.6958393 0.6074219 -0.3832052 324.5546 0 0 0 1
DataSet: 53
-7.734375 18.80859375 -4.658203125 -4.74609375 -22.2177547919272 -10.107421875 -81.73828125
745.277 303.279 -180.073 824.526
0.2426336 0.1333937 -0.9609032 745.2772 0.3508582 0.9113862 0.2151134 303.2789 0.9044487 -0.3893345 0.1743307 -180.0726 0 0 0 1
DataSet: 54
-21.708984375 19.599609375 0.439453125 -4.74609375 -16.9192283975021 3.8671875 -101.689453125
677.063 341.191 16.540 758.353
-0.3130053 -0.03230276 -0.9492019 677.0635 0.2719143 0.9545376 -0.1221498 341.1908 0.9099947 -0.2963352 -0.2899918 16.54038 0 0 0 1
DataSet: 55
-25.927734375 16.435546875 -7.3828125 -4.74609375 -0.230616732573884 -14.23828125 -70.751953125
756.654 311.841 216.695 846.597
0.07743149 0.2393592 -0.9678386 756.654 -0.07728048 0.9692734 0.2335312 311.8412 0.9939981 0.05671237 0.09355007 216.6946 0 0 0 1
DataSet: 56
-48.8671875 65.654296875 -15.732421875 -4.74609375 -13.4992455182873 4.04296875 -93.69140625
553.416 275.850 -1.816 618.358
0.1398393 -0.117529 -0.9831744 553.4163 0.2285344 0.9699532 -0.08344352 275.8505 0.9634402 -0.2130205 0.162497 -1.816222 0 0 0 1
DataSet: 57
-29.53125 30.76171875 -17.314453125 -4.74609375 16.8987164354224 13.0078125 -87.451171875
576.902 255.733 222.498 669.119
-0.01554525 -0.2420277 -0.9701448 576.9017 -0.2808158 0.9322675 -0.2280785 255.7335 0.9596358 0.2688864 -0.08245752 222.4979 0 0 0 1
DataSet: 1
-33.3984375 26.3671875 2.98828125 -4.74609375 -0.921323606709667 -13.0078125 -69.697265625
739.663 359.477 217.283 850.610
0.1392998 0.2235432 -0.9646885 739.663 -0.06300914 0.9742134 0.2166519 359.4769 0.9882436 0.03060463 0.149793 217.2825 0 0 0 1
DataSet: 2
-11.513671875 12.216796875 0.703125 -4.74609375 -13.95045330009 -2.373046875 -102.041015625
722.975 347.738 -27.992 802.744
-0.2746871 0.05828546 -0.9597655 722.9749 0.2441615 0.9696723 -0.01099248 347.7385 0.9300173 -0.2373573 -0.2805875 -27.9922 0 0 0 1
DataSet: 3
-10.107421875 5.185546875 0.791015625 -4.74609375 -10.9859209511226 -3.779296875 -87.626953125
735.128 351.635 31.965 815.526
-0.1240779 0.09691125 -0.9875287 735.1282 0.1877252 0.9795392 0.07254051 351.6348 0.9743531 -0.1763833 -0.1397318 31.96508 0 0 0 1
DataSet: 4
-32.6953125 31.11328125 -6.943359375 -4.74609375 -1.83367536207738 -5.888671875 -89.560546875
702.184 322.638 153.667 787.891
-0.1025825 0.1054791 -0.9891163 702.1842 0.03121078 0.9942138 0.1027857 322.638 0.9942347 -0.02032708 -0.105281 153.6669 0 0 0 1
DataSet: 5
23.73046875 -50.625 7.55859375 -4.74609375 -7.46442197231982 10.01953125 -86.923828125
600.944 380.425 40.697 712.400
-0.4737685 -0.08101173 -0.8769153 600.9444 0.1389808 0.9764035 -0.1652895 380.425 0.8696136 -0.2001833 -0.4513301 40.69657 0 0 0 1
DataSet: 6
27.861328125 -52.03125 2.109375 -4.74609375 -26.1088345362882 3.251953125 -88.06640625
691.208 327.970 -69.365 768.208
-0.4040463 0.1627922 -0.9001363 691.2079 0.4415458 0.8965138 -0.03606068 327.97 0.8011141 -0.4120215 -0.4341133 -69.36543 0 0 0 1
DataSet: 7
22.67578125 -44.47265625 -5.185546875 -4.74609375 -4.34936571055689 -1.0546875 -88.330078125
668.006 331.360 59.248 748.025
-0.4193453 0.05035049 -0.9064294 668.0056 0.07527081 0.9969512 0.02055595 331.3596 0.9047009 -0.05960763 -0.4218568 59.24764 0 0 0 1
DataSet: 8
-36.73828125 40.78125 1.93359375 -4.74609375 13.9685948573634 -6.50390625 -88.857421875
695.563 351.241 216.911 808.844
0.007910972 0.1103193 -0.9938647 695.5633 -0.2435339 0.9641826 0.1050861 351.2408 0.9698601 0.2412084 0.0344941 216.9106 0 0 0 1
DataSet: 9
-30.146484375 35.68359375 14.326171875 -4.74609375 -3.66672058774088 -5.625 -88.06640625
698.558 415.815 72.665 816.190
0.04734766 0.09712916 -0.9941449 698.5582 0.06061582 0.9931475 0.09991863 415.8148 0.9970376 -0.06499182 0.04113565 72.66465 0 0 0 1
DataSet: 10
-9.31640625 4.21875 4.833984375 -4.74609375 -22.9684221684928 17.841796875 -76.025390625
615.528 332.891 -56.189 702.031
0.07868019 -0.2383741 -0.967981 615.5278 0.4467989 0.8764391 -0.1795141 332.8907 0.8911679 -0.4183687 0.1754637 -56.18875 0 0 0 1
DataSet: 11
-18.80859375 4.04296875 0.3515625 -4.74609375 -13.0488198650126 5.44921875 -51.50390625
670.756 346.217 121.710 764.587
0.3338664 -0.01444 -0.9425098 670.7559 0.2342925 0.9697755 0.06813598 346.2167 0.913039 -0.2435713 0.3271586 121.7104 0 0 0 1
DataSet: 12
-19.072265625 7.998046875 -7.998046875 -4.74609375 -24.1965426081673 4.833984375 -43.505859375
691.078 287.682 32.794 749.283
0.5309861 0.03026442 -0.8468398 691.0779 0.3379157 0.9089004 0.2443625 287.6818 0.7770886 -0.4159136 0.4723867 32.79418 0 0 0 1
DataSet: 13
-15.908203125 18.896484375 -21.181640625 -4.74609375 -18.5061789071766 -2.109375 -94.833984375
696.924 245.017 -54.177 740.724
-0.1131271 0.0465197 -0.9924909 696.9243 0.3192192 0.9476469 0.008032206 245.0169 0.9409045 -0.3159135 -0.1220546 -54.17748 0 0 0 1
DataSet: 14
12.392578125 -20.21484375 -17.75390625 -4.74609375 -12.7098252852838 6.15234375 -98.7890625
663.379 267.243 -67.508 718.365
-0.3588405 -0.05700413 -0.9316566 663.3792 0.2014556 0.9698784 -0.1369362 267.2428 0.9113995 -0.2368257 -0.3365479 -67.50788 0 0 0 1
DataSet: 15
-2.724609375 -4.833984375 0.17578125 11.337890625 -7.34478036767375 9.052734375 -53.701171875
645.650 348.873 3.879 733.887
0.6352528 -0.1653227 -0.7544019 645.6496 0.1954138 0.979441 -0.05008822 348.8726 0.7471728 -0.1156018 0.654499 3.878706 0 0 0 1
DataSet: 16
-13.798828125 -0.703125 5.2734375 7.91015625 10.0671881719503 1.318359375 -64.16015625
673.098 373.180 216.293 799.442
0.3309333 -0.04291676 -0.9426777 673.0979 -0.1474517 0.9843428 -0.09657754 373.1803 0.9320628 0.1709602 0.3194237 216.2929 0 0 0 1
DataSet: 17
9.140625 -33.486328125 -5.2734375 7.91015625 -8.81235368198525 2.98828125 -58.798828125
667.334 327.382 71.321 746.726
0.2582175 -0.006714898 -0.9660635 667.3336 0.157727 0.9868516 0.03529919 327.3822 0.9531243 -0.1614892 0.2558814 71.32074 0 0 0 1
DataSet: 18
-12.216796875 -1.0546875 -4.921875 3.427734375 -2.52538427520169 -8.96484375 -61.962890625
747.807 328.925 143.974 829.540
0.3061621 0.1609751 -0.9382706 747.8073 -0.03428393 0.9868248 0.1581184 328.925 0.9513618 -0.01624226 0.3076472 143.9743 0 0 0 1
DataSet: 19
7.55859375 -12.744140625 -4.833984375 1.142578125 -10.6624949448185 -8.0859375 -63.896484375
757.462 324.387 -56.597 825.941
0.3715085 0.1532235 -0.9156986 757.4616 0.1053308 0.972964 0.2055395 324.3871 0.9224353 -0.172811 0.3453253 -56.59663 0 0 0 1
DataSet: 20
-1.142578125 -3.955078125 11.513671875 1.142578125 -6.53903116244667 -8.349609375 -117.861328125
755.277 400.044 5.841 854.701
-0.5213277 0.1526386 -0.8395945 755.2773 0.1681006 0.9829639 0.07432492 400.0442 0.8366359 -0.1023887 -0.538105 5.841435 0 0 0 1
DataSet: 21
-19.248046875 24.873046875 7.55859375 1.142578125 -7.22043046368016 -6.6796875 -126.03515625
724.704 383.599 -12.145 820.056
-0.4866927 0.1007975 -0.8677385 724.7036 0.169523 0.9853357 0.01937652 383.5995 0.8569669 -0.1376713 -0.4966432 -12.14476 0 0 0 1
DataSet: 22
-20.0390625 -0.439453125 3.251953125 0.263671875 0.116100651764637 19.599609375 -92.724609375
551.425 349.216 204.497 683.989
-0.3871618 -0.3154425 -0.8663728 551.425 -0.01796958 0.9420578 -0.334969 349.2159 0.9218367 -0.1141188 -0.3703972 204.4973 0 0 0 1
DataSet: 23
-39.287109375 27.421875 3.515625 0.263671875 34.1317768087729 11.513671875 -99.31640625
531.523 303.838 430.564 748.478
-0.3160103 -0.3060926 -0.8980227 531.5228 -0.5804439 0.8110926 -0.07220667 303.8378 0.7504815 0.4984337 -0.4339832 430.5643 0 0 0 1
DataSet: 24
-25.3125 13.095703125 -3.251953125 0.263671875 16.1428670550302 7.20703125 -111.97265625
608.897 324.281 290.593 748.571
-0.5449505 -0.1798637 -0.8189493 608.8972 -0.3029277 0.9529822 -0.007724915 324.2813 0.7818335 0.2438727 -0.5738139 290.5932 0 0 0 1
DataSet: 25
2.548828125 -19.3359375 -7.91015625 0.263671875 4.23662166392299 -3.515625 -127.79296875
699.469 318.806 149.781 783.154
-0.8113204 0.03781716 -0.5833772 699.4695 -0.02090347 0.9953907 0.09359682 318.8063 0.5842279 0.08813163 -0.8067903 149.7811 0 0 0 1
DataSet: 26
-33.486328125 26.54296875 1.23046875 0.263671875 27.1309724753205 -4.04296875 -102.392578125
668.363 320.961 357.853 823.276
-0.3145319 0.01711366 -0.9490926 668.363 -0.4319347 0.8877517 0.1591519 320.9614 0.8452823 0.4600044 -0.2718343 357.8531 0 0 0 1
DataSet: 27
-35.244140625 27.7734375 -21.357421875 0.263671875 46.7216216176126 -0.966796875 -119.091796875
613.621 151.105 460.097 781.698
-0.5582042 -0.0745825 -0.8263447 613.6207 -0.6305603 0.6854461 0.3640843 151.1046 0.5392604 0.7242935 -0.4296477 460.0968 0 0 0 1
DataSet: 28
-15.029296875 13.095703125 -18.28125 0.263671875 -23.0527410574203 3.251953125 -85.078125
669.909 246.818 -59.353 716.394
0.05896274 -0.04530992 -0.9972314 669.9093 0.3946128 0.9186631 -0.01840807 246.8177 0.9169537 -0.3924348 0.07204677 -59.35251 0 0 0 1
DataSet: 29
3.251953125 -19.072265625 0.703125 0.263671875 -10.0667927073049 -0.791015625 -111.533203125
711.692 353.012 50.162 796.015
-0.5989547 0.06017389 -0.7985188 711.692 0.1675853 0.9845108 -0.05151309 353.0121 0.7830507 -0.1646741 -0.5997617 50.16228 0 0 0 1
DataSet: 30
-21.09375 14.501953125 -14.326171875 0.263671875 -0.11564909653585 16.787109375 -87.36328125
578.012 277.404 129.978 654.175
-0.066328 -0.2868437 -0.9556785 578.0123 0.01530275 0.9573826 -0.2884172 277.4036 0.9976805 -0.03375465 -0.05911177 129.9781 0 0 0 1
DataSet: 31
17.841796875 -16.787109375 -6.064453125 0.263671875 6.8690924071401 21.533203125 -138.33984375
564.523 301.387 -44.243 641.466
-0.6803437 -0.3643835 -0.6358908 564.5234 -0.351748 0.923528 -0.1528703 301.3875 0.6429664 0.119669 -0.7564877 -44.24298 0 0 0 1
DataSet: 32
-14.94140625 13.0078125 -3.603515625 0.263671875 -7.00672320065088 10.283203125 -122.255859375
636.250 331.115 35.670 718.139
-0.5497043 -0.1749402 -0.8168361 636.2501 0.008598658 0.9765892 -0.2149408 331.1154 0.8353151 -0.1251776 -0.535331 35.66994 0 0 0 1
DataSet: 33
-9.580078125 14.0625 11.689453125 0.263671875 -32.5172813442545 0.966796875 -101.42578125
675.739 351.103 -183.269 783.252
-0.1288561 -0.06128616 -0.9897677 675.7389 0.5240823 0.8431093 -0.1204344 351.1032 0.8418633 -0.5342385 -0.07652078 -183.2692 0 0 0 1
DataSet: 34
-24.78515625 37.44140625 0.87890625 0.263671875 -51.010226723621 11.953125 -83.056640625
540.994 222.659 -240.488 632.524
0.250568 -0.3718863 -0.8938211 540.9943 0.787311 0.6155393 -0.03539376 222.6588 0.5633445 -0.6948467 0.4470247 -240.4876 0 0 0 1
DataSet: 35
-26.103515625 35.859375 10.37109375 6.064453125 -39.5299189462031 -8.26171875 -97.998046875
656.121 316.998 -207.729 757.716
0.07227646 -0.0334655 -0.996823 656.1211 0.6457108 0.7632878 0.02119321 316.9983 0.7601537 -0.6451912 0.07677678 -207.7292 0 0 0 1
DataSet: 36
-23.37890625 35.419921875 -8.4375 6.064453125 -22.617738411438 26.455078125 -78.75
481.976 256.443 -74.264 550.980
0.4369801 -0.5304378 -0.7264187 481.9757 0.4574192 0.8264287 -0.3283037 256.4432 0.774478 -0.1888157 0.6037653 -74.26365 0 0 0 1
DataSet: 37
-31.9921875 22.67578125 5.09765625 6.064453125 22.9646307044726 21.09375 -93.779296875
528.730 327.875 315.501 697.566
-0.1129901 -0.3799652 -0.9180739 528.7301 -0.4111562 0.8590493 -0.3049343 327.8749 0.9045351 0.3430173 -0.2532891 315.5007 0 0 0 1
DataSet: 38
-33.134765625 24.08203125 12.3046875 6.064453125 20.3176492813958 12.3046875 -57.744140625
574.618 379.762 311.494 755.932
0.4773296 -0.2305061 -0.8479525 574.6184 -0.1869778 0.9162394 -0.3543228 379.7615 0.858601 0.327677 0.3942487 311.4937 0 0 0 1
DataSet: 39
-29.091796875 22.67578125 1.0546875 3.779296875 -28.098251471136 24.873046875 -115.3125
531.190 289.107 6.698 604.806
-0.4280668 -0.4005067 -0.8101563 531.1895 0.2671267 0.8003156 -0.5367852 289.1075 0.8633667 -0.4461943 -0.2356024 6.698265 0 0 0 1
DataSet: 40
-13.88671875 0.52734375 -3.515625 3.779296875 -22.0239546833886 -0.087890625 -142.3828125
712.082 313.890 25.599 778.616
-0.8751538 0.06392127 -0.4796039 712.082 0.2300164 0.927026 -0.2961674 313.8896 0.4256739 -0.3695088 -0.8259933 25.59864 0 0 0 1
DataSet: 41
-14.58984375 0.439453125 -15.46875 3.779296875 4.12496758182174 -5.625 -66.708984375
708.459 285.027 195.212 788.202
0.2226463 0.08352871 -0.9713144 708.4587 -0.104726 0.9926068 0.0613543 285.0274 0.969258 0.08806151 0.2297479 195.2117 0 0 0 1
DataSet: 42
39.990234375 -63.6328125 -2.548828125 3.779296875 -1.26873532271709 14.501953125 -99.84375
532.243 332.697 -27.085 628.254
-0.4906824 -0.2282314 -0.8409169 532.2429 -0.02098478 0.9679018 -0.2504513 332.6967 0.8710858 -0.1052456 -0.4797217 -27.08452 0 0 0 1
DataSet: 43
21.181640625 -40.693359375 -4.306640625 3.779296875 23.0617446287813 17.138671875 -107.138671875
529.688 293.403 150.662 623.982
-0.500225 -0.3851433 -0.7755254 529.6879 -0.4542277 0.8792263 -0.1436601 293.4031 0.7371921 0.2804027 -0.6147537 150.6618 0 0 0 1
DataSet: 44
4.74609375 -12.83203125 -3.603515625 3.779296875 26.3379167709195 15.908203125 -130.95703125
594.313 290.344 177.736 684.907
-0.6734473 -0.3053637 -0.6732175 594.3127 -0.4960737 0.8618707 0.1053084 290.3445 0.5480691 0.4048851 -0.7319074 177.7357 0 0 0 1
DataSet: 45
-21.796875 11.953125 -3.69140625 3.779296875 16.2419923166148 5.09765625 -140.185546875
641.770 323.513 258.055 763.624
-0.823732 -0.1177884 -0.5546094 641.7697 -0.244616 0.9562915 0.1602172 323.5128 0.5114965 0.2676424 -0.8165408 258.0549 0 0 0 1
DataSet: 46
-50.009765625 61.962890625 0.439453125 3.779296875 1.8362698345258 8.61328125 -105.732421875
556.820 353.159 117.207 669.708
0.002456613 -0.1355637 -0.9907656 556.8205 -0.07143015 0.988214 -0.1353917 353.1594 0.9974426 0.07110315 -0.007255676 117.2073 0 0 0 1
DataSet: 47
-52.55859375 62.40234375 9.052734375 3.779296875 48.2751433080942 3.69140625 -96.064453125
636.662 276.012 378.518 790.441
0.05222511 0.112854 -0.9922382 636.6621 -0.7466997 0.6641734 0.03623941 276.0125 0.6631079 0.7390113 0.1189545 378.5179 0 0 0 1
DataSet: 48
-52.998046875 62.314453125 -10.01953125 3.779296875 34.4374860703606 -3.779296875 -64.775390625
663.328 248.285 311.260 773.649
0.5796325 0.192052 -0.791923 663.328 -0.5347495 0.8229501 -0.1918229 248.2846 0.6148732 0.5346673 0.5797084 311.2603 0 0 0 1
DataSet: 49
-36.9140625 39.111328125 -7.119140625 3.779296875 2.90471003214296 -20.126953125 -72.861328125
777.296 301.789 130.392 843.960
0.3740209 0.3471853 -0.859983 777.2961 -0.1496962 0.9377261 0.3134657 301.7889 0.9152592 0.01149342 0.4027015 130.3922 0 0 0 1
DataSet: 50
-26.19140625 -23.02734375 -1.845703125 3.779296875 -12.7907475486499 -14.58984375 -68.115234375
647.864 327.224 459.886 859.243
-0.4064621 0.3294038 -0.8522216 647.8638 0.1138739 0.9437391 0.3104661 327.2241 0.9065436 0.02914694 -0.4211047 459.8863 0 0 0 1
DataSet: 1
-39.990234375 42.890625 -6.6796875 3.779296875 -10.4926966362197 -14.853515625 -55.283203125
728.516 308.235 58.712 793.216
0.6438579 0.2341336 -0.7284425 728.5158 0.006135907 0.9504213 0.3109047 308.2348 0.7651204 -0.2046481 0.6104996 58.71158 0 0 0 1
DataSet: 2
-35.68359375 34.892578125 0.703125 3.779296875 -21.4991071672724 7.470703125 -84.55078125
606.951 330.982 18.917 691.590
0.1420788 -0.1487858 -0.9786094 606.9514 0.3763185 0.9225253 -0.08562336 330.9825 0.9155315 -0.3561036 0.1870621 18.91669 0 0 0 1
DataSet: 3
-32.51953125 25.576171875 3.8671875 -2.373046875 -16.6901372104009 14.23828125 -107.666015625
592.987 347.101 85.115 692.356
-0.4414898 -0.1976459 -0.8752273 592.9871 0.2021569 0.9284473 -0.3116379 347.1009 0.8741964 -0.3145182 -0.3699446 85.11464 0 0 0 1
DataSet: 4
-32.16796875 26.103515625 15.8203125 -2.373046875 3.33986152126955 13.095703125 -61.171875
573.331 414.815 195.860 734.263
0.3352986 -0.2324519 -0.9129847 573.3314 0.0580282 0.9723387 -0.2262526 414.815 0.9403231 0.02288334 0.3395126 195.8598 0 0 0 1
DataSet: 5
-32.958984375 25.751953125 13.974609375 -2.373046875 32.9450054441161 -21.26953125 -61.962890625
752.160 339.273 398.786 916.450
0.3240768 0.2733537 -0.9056776 752.1597 -0.6231028 0.7820307 0.01307066 339.2726 0.7118406 0.5600944 0.4237655 398.7859 0 0 0 1
DataSet: 6
-9.66796875 -6.591796875 19.423828125 -2.373046875 -13.0256217968062 -21.357421875 -111.62109375
816.915 406.945 141.680 923.595
-0.6048927 0.4121625 -0.6813419 816.9148 0.340266 0.9073631 0.2468021 406.9454 0.7199471 -0.08254869 -0.6891022 141.68 0 0 0 1
DataSet: 7
4.04296875 -25.927734375 9.84375 -2.373046875 -13.746131268404 7.3828125 -119.443359375
661.520 385.783 59.883 768.130
-0.798144 -0.02033715 -0.6021233 661.5203 0.145574 0.9633053 -0.2255018 385.783 0.5846146 -0.2676364 -0.7658958 59.88299 0 0 0 1
DataSet: 8
7.20703125 -19.6875 8.701171875 -2.373046875 -7.30152521399745 27.333984375 -115.751953125
543.389 351.583 -9.595 647.282
-0.6085837 -0.4148909 -0.6763811 543.3887 -0.08341469 0.8811415 -0.4654371 351.5831 0.789093 -0.2268373 -0.5708564 -9.595057 0 0 0 1
DataSet: 9
-21.62109375 12.65625 11.42578125 -2.373046875 29.8686074883769 27.333984375 -93.603515625
487.458 324.098 291.127 653.765
-0.2220627 -0.5371905 -0.8137042 487.4577 -0.5220547 0.7703459 -0.3660958 324.0979 0.8234969 0.3435018 -0.4515079 291.1267 0 0 0 1
DataSet: 10
-24.08203125 12.65625 0.791015625 -2.373046875 36.0181606155512 10.72265625 -67.236328125
562.209 285.946 382.654 737.745
0.1812151 -0.3184924 -0.9304428 562.209 -0.4840102 0.7947079 -0.366297 285.9457 0.856093 0.5167223 -0.01014052 382.654 0 0 0 1
DataSet: 11
-41.220703125 28.30078125 -4.658203125 -2.373046875 32.0294789874449 16.171875 -122.16796875
487.902 268.749 422.605 699.192
-0.6617665 -0.4030059 -0.6321799 487.9018 -0.5746533 0.8142293 0.08248774 268.7494 0.4814963 0.4178719 -0.7704183 422.6052 0 0 0 1
DataSet: 12
-37.96875 28.30078125 -2.98828125 -2.373046875 17.0443853446787 19.951171875 -164.267578125
507.120 306.156 308.401 667.842
-0.9188611 -0.3911888 -0.05162958 507.1204 -0.393487 0.8986977 0.1936758 306.1557 -0.0293644 0.1982767 -0.9797061 308.4006 0 0 0 1
DataSet: 13
-31.11328125 28.388671875 -7.3828125 -2.373046875 36.5131825292692 23.73046875 -128.84765625
508.554 228.852 338.439 652.335
-0.6142181 -0.4492414 -0.6487821 508.5536 -0.6662832 0.7357644 0.1213156 228.8522 0.4228508 0.5067869 -0.7512418 338.4385 0 0 0 1
DataSet: 14
-32.6953125 30.5859375 24.169921875 -2.373046875 31.1080495987463 6.85546875 -111.533203125
588.084 406.115 337.129 790.208
-0.4237766 -0.1590896 -0.891686 588.0844 -0.5181053 0.850073 0.09456595 406.1148 0.7429538 0.502062 -0.4426663 337.1293 0 0 0 1
DataSet: 15
12.744140625 -20.654296875 2.197265625 -2.373046875 0.803295388876912 8.4375 -79.189453125
643.914 361.257 7.478 738.368
0.007154599 -0.1468492 -0.989133 643.9137 0.01374749 0.9890793 -0.1467418 361.2572 0.9998799 -0.01254822 0.009095274 7.478049 0 0 0 1
DataSet: 16
24.169921875 -26.3671875 -9.580078125 6.50390625 -26.2223810092516 -3.33984375 -109.599609375
690.203 276.011 -260.013 787.508
-0.2711155 0.02496924 -0.9622229 690.2027 0.4337863 0.8955622 -0.09898403 276.0106 0.8592589 -0.4442352 -0.2536321 -260.0133 0 0 0 1
DataSet: 17
10.01953125 -33.22265625 16.34765625 6.50390625 20.9295828871814 7.3828125 -160.83984375
583.071 400.691 223.535 741.952
-0.9728952 -0.2248743 -0.05391184 583.0713 -0.2306145 0.9262769 0.2980404 400.6909 -0.01708432 0.3023949 -0.9530296 223.5352 0 0 0 1
DataSet: 18
9.66796875 -33.22265625 6.240234375 6.50390625 2.64109048492377 9.4921875 -112.763671875
609.530 377.771 121.889 727.389
-0.6340892 -0.1709908 -0.7541174 609.5305 -0.1062324 0.9852604 -0.1340767 377.7707 0.7659279 -0.004904878 -0.6429078 121.889 0 0 0 1
DataSet: 19
-34.453125 23.203125 -0.439453125 6.50390625 -11.0991846841708 3.427734375 -47.197265625
641.089 346.180 147.151 743.296
0.6170113 -0.04368489 -0.7857409 641.0886 0.1811083 0.9795399 0.0877577 346.1803 0.7658308 -0.1964517 0.6122989 147.1509 0 0 0 1
DataSet: 20
-12.48046875 -5.361328125 3.251953125 6.50390625 -19.3964847771836 21.357421875 -121.46484375
578.122 326.616 45.666 665.573
-0.647224 -0.2962716 -0.7023705 578.1216 0.1039648 0.8784674 -0.4663543 326.6159 0.7551771 -0.3748575 -0.5377634 45.66598 0 0 0 1
DataSet: 21
13.88671875 -40.693359375 9.140625 6.50390625 -2.33158752368785 22.1484375 -159.609375
533.822 369.253 69.053 652.749
-0.9400182 -0.3405104 0.02045505 533.822 -0.3389166 0.9254435 -0.1693811 369.2526 0.03874603 -0.1661539 -0.9853383 69.05301 0 0 0 1
DataSet: 22
18.544921875 -40.166015625 -4.833984375 6.50390625 -16.2464047986325 -5.80078125 -124.013671875
727.125 318.056 -14.667 793.779
-0.7406833 0.1701607 -0.649949 727.1249 0.2861813 0.9551512 -0.07606829 318.0565 0.6078557 -0.2423458 -0.7561613 -14.66666 0 0 0 1
DataSet: 23
-38.232421875 45.615234375 -8.7890625 6.50390625 19.8926844315589 -13.974609375 -58.0078125
755.192 285.492 177.454 826.626
0.6800538 0.3136799 -0.6626702 755.1917 -0.4088901 0.9125004 0.01232254 285.4922 0.6085522 0.2625793 0.74881 177.4537 0 0 0 1
DataSet: 24
-0.791015625 -15.908203125 -8.61328125 6.50390625 5.61204065875879 -4.658203125 -111.005859375
711.704 314.488 157.295 793.830
-0.5165911 0.0626767 -0.8539352 711.7037 -0.06232135 0.9919196 0.1105059 314.488 0.8539612 0.1103048 -0.5085107 157.2953 0 0 0 1
DataSet: 25
30.146484375 -56.337890625 -9.404296875 -3.8671875 -9.49827543958822 2.98828125 -134.560546875
632.727 308.547 19.310 704.215
-0.961489 0.03742198 -0.2722838 632.7274 0.08149941 0.9849494 -0.152422 308.5474 0.2624818 -0.1687431 -0.9500679 19.30998 0 0 0 1
DataSet: 26
31.025390625 -51.240234375 -3.69140625 -3.8671875 -12.4289163421031 -13.271484375 -133.76953125
744.383 321.448 -0.504 810.824
-0.8884913 0.2950617 -0.3514567 744.3829 0.3105046 0.9504829 0.01300434 321.4485 0.3378907 -0.09757466 -0.9361138 -0.5037332 0 0 0 1
DataSet: 27
-14.23828125 21.26953125 -2.900390625 -3.8671875 -19.0822825555106 -3.955078125 -105.556640625
715.106 322.219 -100.999 790.824
-0.2172268 0.05086742 -0.9747949 715.1063 0.3324308 0.9427993 -0.02488228 322.2186 0.9177703 -0.329457 -0.2217112 -100.9987 0 0 0 1
DataSet: 28
9.931640625 -23.02734375 -11.513671875 -3.8671875 17.3525042127195 12.744140625 -101.6015625
579.639 280.169 142.704 659.425
-0.4565412 -0.2958717 -0.839065 579.6391 -0.3345005 0.9309739 -0.1462767 280.1693 0.8244268 0.2138864 -0.5239972 142.7043 0 0 0 1
DataSet: 29
-36.2109375 45.263671875 -13.0078125 -3.8671875 -2.30016148797899 11.513671875 -110.830078125
575.827 290.796 81.263 650.186
-0.2623526 -0.2023393 -0.9435199 575.8265 -0.03340936 0.9790876 -0.2006771 290.7964 0.9643936 -0.02112575 -0.2636262 81.26304 0 0 0 1
DataSet: 1
-10.107421875 -2.8125 -4.39453125 -3.8671875 -24.1279498861939 -8.701171875 -106.69921875
782.197 301.155 32.756 838.809
-0.5192714 0.2615365 -0.8136067 782.1974 0.4312086 0.9021311 0.014781 301.155 0.7378458 -0.3431589 -0.5812277 32.75607 0 0 0 1
DataSet: 2
-15.64453125 26.3671875 -6.767578125 -3.8671875 1.38129553000044 12.48046875 -121.201171875
614.823 316.969 10.925 691.807
-0.4004391 -0.2117523 -0.8915209 614.8232 -0.1325394 0.976086 -0.1723061 316.9691 0.9066873 0.04916355 -0.4189285 10.92546 0 0 0 1
DataSet: 3
-13.53515625 15.1171875 27.685546875 -3.8671875 -12.5481253766322 13.623046875 -63.80859375
590.750 455.164 -21.440 746.069
0.3945889 -0.2269267 -0.8903953 590.7497 0.2964267 0.9486522 -0.1104092 455.1642 0.8697303 -0.2203708 0.4415948 -21.43951 0 0 0 1
DataSet: 4
-39.7265625 52.470703125 17.9296875 -3.8671875 -5.21610793238855 29.970703125 -52.119140625
447.877 384.795 73.700 595.057
0.6425338 -0.5057265 -0.5756657 447.8771 0.3772249 0.8626935 -0.33684 384.7951 0.666972 -0.0007243341 0.7450824 73.70033 0 0 0 1
DataSet: 5
1.93359375 -8.525390625 8.26171875 -3.8671875 -32.8217930631532 -12.919921875 -117.158203125
812.859 327.602 -117.942 884.293
-0.5631927 0.3157783 -0.7636086 812.8593 0.5680338 0.8190855 -0.08022827 327.6015 0.6001264 -0.4789394 -0.6406757 -117.9425 0 0 0 1
DataSet: 6
-29.619140625 26.806640625 2.8125 -3.8671875 7.67008231516305 3.69140625 -124.98046875
644.720 363.953 201.265 767.224
-0.662104 -0.07943829 -0.7451898 644.7197 -0.1459374 0.9889969 0.02423747 363.9527 0.735065 0.1247988 -0.6664118 201.2648 0 0 0 1
DataSet: 7
-55.283203125 63.193359375 -5.625 6.6796875 36.5427632222499 -0.087890625 -93.955078125
643.629 260.636 335.648 771.265
0.1351617 0.15147 -0.9791773 643.6291 -0.5939196 0.8034117 0.04229838 260.6362 0.7930894 0.5758354 0.1985515 335.6481 0 0 0 1
DataSet: 8
-36.73828125 34.541015625 -6.50390625 6.6796875 22.6199280091286 -23.994140625 -101.6015625
808.858 270.942 266.661 893.739
-0.110039 0.432861 -0.8947194 808.8581 -0.3012714 0.8433107 0.4450422 270.9418 0.9471679 0.3185253 0.03761159 266.6614 0 0 0 1
DataSet: 9
1.93359375 -22.5 -6.943359375 6.6796875 23.7722924279677 -26.279296875 -145.1953125
803.550 260.925 297.538 895.714
-0.8752573 0.3430598 -0.3409319 803.5503 0.1026129 0.8205702 0.5622589 260.9251 0.472647 0.4571372 -0.7534124 297.5384 0 0 0 1
DataSet: 10
-18.45703125 6.85546875 18.45703125 6.6796875 32.3958749199468 -19.423828125 -87.626953125
777.237 363.423 342.442 923.818
-0.03284432 0.2879761 -0.9570742 777.2369 -0.5469331 0.7963089 0.2583724 363.4229 0.8365318 0.5319417 0.1313494 342.4423 0 0 0 1
DataSet: 11
-29.35546875 -23.02734375 -8.876953125 6.6796875 18.2227256533992 -24.345703125 -72.421875
538.281 268.361 646.739 883.196
-0.4280681 0.0839851 -0.8998356 538.2808 -0.4163654 0.8653826 0.278842 268.3615 0.8021207 0.4940238 -0.3354742 646.7386 0 0 0 1
DataSet: 12
5.2734375 -24.78515625 -13.271484375 6.6796875 0.356452283044149 -30.76171875 -120.76171875
855.444 247.080 152.979 903.458
-0.6197329 0.4975078 -0.6069738 855.444 0.2562495 0.8592852 0.4426796 247.0804 0.7418001 0.1188064 -0.6600134 152.9793 0 0 0 1
DataSet: 13
27.685546875 -41.1328125 -7.3828125 6.6796875 -25.526614178288 -10.810546875 -99.4921875
750.882 282.378 -170.081 820.054
-0.26417 0.2361358 -0.9351225 750.8818 0.4529422 0.8863704 0.09586981 282.3775 0.8515032 -0.3982305 -0.3411082 -170.081 0 0 0 1
DataSet: 14
-33.662109375 35.15625 17.138671875 6.6796875 15.7623611708988 -13.623046875 -120.76171875
748.598 407.263 194.470 874.117
-0.3697983 0.2706758 -0.8888103 748.5979 -0.1174899 0.9353209 0.3337229 407.2631 0.9216536 0.2278363 -0.3140785 194.4699 0 0 0 1
DataSet: 15
-28.65234375 24.9609375 14.501953125 6.6796875 -22.4732387650738 -11.689453125 -82.880859375
732.702 385.204 -1.936 827.791
0.1694993 0.1828174 -0.9684254 732.7017 0.3561021 0.9048933 0.2331509 385.204 0.9189457 -0.3843773 0.08827709 -1.93595 0 0 0 1
DataSet: 16
