DataSet: 1
3.779296875 3.69140625 0 1.7578125 2.53210043787409 -12.392578125 -72.0703125
780.488 346.780 -76.953 857.519
0.4487519 0.2187511 -0.8664697 780.4877 -0.1080363 0.9757465 0.1903865 346.7803 0.887102 0.008173888 0.4615011 -76.9528 0 0 0 1
DataSet: 2
21.62109375 -20.7421875 -3.779296875 1.7578125 -1.38174586920636 -12.83203125 -83.84765625
767.612 329.681 -116.682 843.524
0.1501365 0.2207769 -0.9636995 767.6117 0.0001794117 0.9747418 0.2233346 329.6812 0.9886653 -0.03370357 0.1463047 -116.682 0 0 0 1
DataSet: 3
19.775390625 -25.576171875 -10.37109375 1.7578125 -0.458710597461659 -7.20703125 -81.650390625
731.353 306.855 -44.316 794.356
0.07394178 0.1257028 -0.9893085 731.3528 -0.01029603 0.9920675 0.1252838 306.855 0.9972094 0.0009222436 0.07464948 -44.31584 0 0 0 1
DataSet: 4
3.515625 16.787109375 -1.669921875 1.7578125 -0.57843872878425 -17.05078125 -74.35546875
772.770 332.359 -219.182 869.297
0.6008931 0.2681268 -0.7530175 772.7704 -0.0693464 0.9559965 0.2850644 332.3592 0.7963156 -0.1190742 0.5930454 -219.1823 0 0 0 1
DataSet: 5
1.318359375 16.875 -16.435546875 1.7578125 0.574932849741456 -11.25 -77.431640625
740.148 276.688 -168.582 807.957
0.5334947 0.1867398 -0.8249313 740.1481 -0.0522442 0.9807359 0.1882223 276.6877 0.8441883 -0.05731772 0.5329735 -168.5817 0 0 0 1
DataSet: 6
-27.59765625 38.671875 -8.525390625 1.7578125 -6.08304856324607 -9.052734375 -65.126953125
713.050 311.342 -21.706 778.361
0.6069119 0.1301718 -0.7840365 713.0499 0.03033289 0.9819834 0.1865167 311.342 0.79419 -0.1369813 0.5920289 -21.70613 0 0 0 1
DataSet: 7
8.0859375 -9.84375 -17.75390625 1.7578125 -15.6870765265983 -7.294921875 -72.59765625
738.114 261.941 -121.659 792.607
0.296659 0.1269767 -0.9465043 738.1138 0.2214457 0.9549599 0.1975179 261.9407 0.9289539 -0.2681947 0.255179 -121.6589 0 0 0 1
DataSet: 8
4.921875 -9.755859375 2.900390625 1.7578125 10.5332001495001 -5.09765625 -87.275390625
733.225 360.882 78.577 820.992
-0.005378986 0.07895435 -0.9968637 733.225 -0.1867511 0.9792605 0.07856782 360.8815 0.9823925 0.186588 0.009477384 78.57713 0 0 0 1
DataSet: 9
13.095703125 -9.404296875 16.5234375 1.7578125 -7.13919863779207 -13.18359375 -76.11328125
766.012 415.590 -140.748 882.780
0.3247407 0.2155503 -0.9209134 766.0123 0.0663343 0.9660957 0.2495172 415.5899 0.9434741 -0.1421165 0.2994322 -140.7477 0 0 0 1