-0.006249479483813047 0.7145034670829773 0.6996039748191833 -9.300216674804688 
-0.02517095021903515 -0.6995083689689636 0.7141810059547424 -29.105945587158203 
0.9996636509895325 -0.01314642932265997 0.022356277331709862 -1348.2667236328125 
0.0 0.0 0.0 1.0
0.23820438981056213 0.7063582539558411 0.666570782661438 -35.2380485534668 
0.006774842273443937 -0.6875184774398804 0.7261353135108948 -72.99906158447266 
0.9711914658546448 -0.1684526950120926 -0.1685553789138794 -1415.07275390625 
0.0 0.0 0.0 1.0
0.18337181210517883 0.7708841562271118 0.6100101470947266 -42.985538482666016 
0.12657366693019867 -0.6338817477226257 0.7630026340484619 2.9276866912841797 
0.9748609662055969 -0.06270197778940201 -0.21380966901779175 -1420.011474609375 
0.0 0.0 0.0 1.0
0.2196224182844162 0.547170102596283 0.8076947331428528 -31.744617462158203 
-0.31854280829429626 -0.7423128485679626 0.5894931554794312 -29.191041946411133 
0.9221151471138 -0.386751264333725 0.011268554255366325 -1507.707275390625 
0.0 0.0 0.0 1.0
0.11545384675264359 0.6206306219100952 0.7755566239356995 -55.986671447753906 
-0.13056433200836182 -0.7645216584205627 0.6312365531921387 -38.097877502441406 
0.9846945405006409 -0.17413870990276337 -0.007234744727611542 -1395.9156494140625 
0.0 0.0 0.0 1.0
0.09432926774024963 0.556551992893219 0.8254404067993164 -28.4210205078125 
0.06023944541811943 -0.8308091163635254 0.5532878041267395 -143.17507934570312 
0.993716835975647 -0.002467155223712325 -0.11189599335193634 -1382.101318359375 
0.0 0.0 0.0 1.0
0.09519751369953156 0.7409954071044922 0.6647278666496277 -23.180938720703125 
0.05258944630622864 -0.6705717444419861 0.7399783134460449 -94.26981353759766 
0.9940682649612427 -0.03548640012741089 -0.10280530154705048 -1380.6597900390625 
0.0 0.0 0.0 1.0
0.06548528373241425 0.8977349400520325 0.43564164638519287 -44.547637939453125 
0.04811781644821167 -0.4389118254184723 0.8972408175468445 -20.169845581054688 
0.9966926574707031 -0.03779396414756775 -0.07193930447101593 -1384.0855712890625 
0.0 0.0 0.0 1.0
0.07839781045913696 0.8005240559577942 0.5941506624221802 8.100578308105469 
0.0675860345363617 -0.598881721496582 0.7979804277420044 -16.00909996032715 
0.9946284890174866 -0.022403627634048462 -0.10105526447296143 -1416.5255126953125 
0.0 0.0 0.0 1.0
0.16613037884235382 0.7731248736381531 0.6121100187301636 -25.686309814453125 
-0.03413596749305725 -0.6158549785614014 0.7871196866035461 11.65597152709961 
0.9855127930641174 -0.15165945887565613 -0.07592087239027023 -1451.240478515625 
0.0 0.0 0.0 1.0
0.2379988729953766 0.4645537734031677 0.8529632091522217 -64.11695861816406 
-0.038123976439237595 -0.8730528950691223 0.4861328899860382 -50.42913055419922 
0.9705168604850769 -0.14821742475032806 -0.19007496535778046 -1485.73046875 
0.0 0.0 0.0 1.0
0.21587061882019043 0.8440579175949097 0.4908829927444458 -1.9726104736328125 
0.01711621880531311 -0.5059303641319275 0.862404465675354 122.05250549316406 
0.9762719869613647 -0.17776569724082947 -0.12366259098052979 -1497.2510986328125 
0.0 0.0 0.0 1.0
0.23508378863334656 0.8700204491615295 0.43335893750190735 7.25982666015625 
0.053850170224905014 -0.4568272531032562 0.8879239559173584 163.75645446777344 
0.9704822301864624 -0.18540005385875702 -0.15424342453479767 -1571.8997802734375 
0.0 0.0 0.0 1.0
0.027497338131070137 0.48978060483932495 0.871411919593811 -47.19560241699219 
-0.12089894711971283 -0.8637129068374634 0.48926830291748047 54.15093994140625 
0.9922838807106018 -0.11880636215209961 0.035464152693748474 -1531.0802001953125 
0.0 0.0 0.0 1.0
0.06368361413478851 0.7354560494422913 0.6745730638504028 -59.10547637939453 
0.15835145115852356 -0.6748284697532654 0.7207852005958557 115.14744567871094 
0.9853270053863525 0.060917407274246216 -0.15943606197834015 -1510.1866455078125 
0.0 0.0 0.0 1.0
-0.0413338765501976 0.8410857319831848 0.539320170879364 -73.00576782226562 
0.3400131165981293 -0.49572399258613586 0.799155056476593 97.79441833496094 
0.9395118951797485 0.2164081186056137 -0.26548999547958374 -1422.60888671875 
0.0 0.0 0.0 1.0
0.10144094377756119 0.3184908628463745 0.9424825310707092 -127.15060424804688 
0.1528267115354538 -0.9411131739616394 0.30157914757728577 -7.858154296875 
0.9830328822135925 0.11344403773546219 -0.1441413313150406 -1397.560302734375 
0.0 0.0 0.0 1.0
0.09129724651575089 0.6917667984962463 0.7163264155387878 -34.89811706542969 
0.06503182649612427 -0.7219367623329163 0.6888963580131531 78.39596557617188 
0.993698000907898 -0.01631033420562744 -0.11089768260717392 -1373.0726318359375 
0.0 0.0 0.0 1.0
0.2022935301065445 0.9093668460845947 0.36349591612815857 -24.09795379638672 
0.021906912326812744 -0.37527891993522644 0.9266530275344849 144.99652099609375 
0.9790798425674438 -0.17949283123016357 -0.09583793580532074 -1421.16259765625 
0.0 0.0 0.0 1.0
0.2925996780395508 0.6490563750267029 0.7022188305854797 13.976646423339844 
-0.25907081365585327 -0.6530848741531372 0.7115915417671204 68.98772430419922 
0.9204714894294739 -0.39013585448265076 -0.022940872237086296 -1483.2030029296875 
0.0 0.0 0.0 1.0
0.17305508255958557 0.3153047263622284 0.9330781698226929 -32.56053161621094 
-0.48393288254737854 -0.7979061603546143 0.3593810498714447 -35.617637634277344 
0.857823371887207 -0.5137399435043335 0.014504623599350452 -1459.986083984375 
0.0 0.0 0.0 1.0
0.21298308670520782 0.36754992604255676 0.9052873849868774 -13.240928649902344 
-0.05256897211074829 -0.9208933711051941 0.38625368475914 -56.76062774658203 
0.9756406545639038 -0.12985554337501526 -0.17681299149990082 -1478.6497802734375 
0.0 0.0 0.0 1.0
0.20952798426151276 0.7861943244934082 0.5813745856285095 -6.588436126708984 
0.0026037991046905518 -0.5950191020965576 0.8037073612213135 -14.577701568603516 
0.977799117565155 -0.1668854057788849 -0.12672023475170135 -1435.2890625 
0.0 0.0 0.0 1.0
0.2472103089094162 0.836584746837616 0.48888951539993286 -90.75144958496094 
-0.020922422409057617 -0.49982354044914246 0.8658745288848877 27.566131591796875 
0.9687358736991882 -0.22428181767463684 -0.10605813562870026 -1422.5294189453125 
0.0 0.0 0.0 1.0
0.2832203209400177 0.9225371479988098 0.2621288001537323 -91.02024841308594 
-0.012407629750669003 -0.26977241039276123 0.96284419298172 93.27249908447266 
0.9589746594429016 -0.2759494483470917 -0.06495850533246994 -1446.2191162109375 
0.0 0.0 0.0 1.0
0.3121515214443207 0.9362160563468933 0.16143417358398438 -67.28446197509766 
0.1363619565963745 -0.21231818199157715 0.9676396250724792 117.2430648803711 
0.9401951432228088 -0.28003668785095215 -0.1939396858215332 -1495.091796875 
0.0 0.0 0.0 1.0
0.3041856288909912 0.4597555696964264 0.8343236446380615 -63.13388442993164 
0.1800539642572403 -0.8877881169319153 0.42357152700424194 -15.579187393188477 
0.9354419708251953 0.021378904581069946 -0.35283321142196655 -1449.6771240234375 
0.0 0.0 0.0 1.0
0.45549294352531433 0.6273239850997925 0.6316571831703186 -48.490108489990234 
0.043214499950408936 -0.7242806553840637 0.6881497502326965 9.08005142211914 
0.8891898989677429 -0.28615063428878784 -0.35701417922973633 -1514.5135498046875 
0.0 0.0 0.0 1.0
0.2624845504760742 0.3883705139160156 0.8833290934562683 -30.083843231201172 
0.13239547610282898 -0.9212650060653687 0.3657079041004181 -26.80961036682129 
0.9558103084564209 0.02095608413219452 -0.29323631525039673 -1450.3924560546875 
0.0 0.0 0.0 1.0
0.36755090951919556 0.5125027298927307 0.7760459184646606 -82.38236236572266 
-0.00634795380756259 -0.8330529928207397 0.5531567931175232 19.616769790649414 
0.9299817085266113 -0.2082395702600479 -0.30293604731559753 -1491.4827880859375 
0.0 0.0 0.0 1.0
0.37266919016838074 0.8874423503875732 0.2712264060974121 -42.319278717041016 
0.2318037450313568 -0.372042179107666 0.8988056778907776 227.19415283203125 
0.8985458612442017 -0.27208584547042847 -0.3443611264228821 -1521.278076171875 
0.0 0.0 0.0 1.0
0.3177497386932373 0.48501595854759216 0.8147358894348145 -13.596298217773438 
-0.24789650738239288 -0.7868860960006714 0.5651172995567322 88.98902130126953 
0.9151952862739563 -0.381536066532135 -0.12979909777641296 -1496.134033203125 
0.0 0.0 0.0 1.0
0.14019125699996948 0.21893419325351715 0.96561598777771 -47.85740661621094 
-0.44628944993019104 -0.8565866947174072 0.2590077221393585 2.390108585357666 
0.8838394284248352 -0.4672548174858093 -0.02237795852124691 -1460.08935546875 
0.0 0.0 0.0 1.0
0.2571699917316437 0.31156936287879944 0.9147612452507019 -42.00133514404297 
-0.06488553434610367 -0.938895583152771 0.33803102374076843 -15.265483856201172 
0.9641854166984558 -0.14628620445728302 -0.22123941779136658 -1494.586669921875 
0.0 0.0 0.0 1.0
0.2531999945640564 0.9118271470069885 0.32320430874824524 -27.876556396484375 
0.1936878263950348 -0.37510740756988525 0.9065205454826355 158.05068969726562 
0.9478263258934021 -0.16693025827407837 -0.2715870141983032 -1485.9678955078125 
0.0 0.0 0.0 1.0
0.12875927984714508 0.9485393166542053 0.28929948806762695 -2.1221084594726562 
0.4719213843345642 -0.31518620252609253 0.823375940322876 120.04615783691406 
0.872187614440918 0.03050932288169861 -0.48821911215782166 -1520.2216796875 
0.0 0.0 0.0 1.0
-0.024053171277046204 0.9575557112693787 0.28724297881126404 33.40022659301758 
0.5463274121284485 -0.22803612053394318 0.8059316873550415 20.81732177734375 
0.8372262716293335 0.17631390690803528 -0.5176539421081543 -1483.4327392578125 
0.0 0.0 0.0 1.0
0.13651518523693085 0.7588200569152832 0.6368326544761658 16.178409576416016 
0.5853927731513977 -0.5803976655006409 0.5660865306854248 -33.681846618652344 
0.7991739511489868 0.29551777243614197 -0.5234408378601074 -1410.4952392578125 
0.0 0.0 0.0 1.0
0.5476768016815186 0.7560257911682129 0.35843437910079956 -56.75542449951172 
0.30563804507255554 -0.5795654654502869 0.7554397583007812 2.1050071716308594 
0.7788680791854858 -0.304185688495636 -0.5484848022460938 -1551.1806640625 
0.0 0.0 0.0 1.0
0.1511126458644867 0.1318296194076538 0.9796866774559021 -37.563385009765625 
-0.510433554649353 -0.8383141756057739 0.19153839349746704 -78.79280853271484 
0.8465356230735779 -0.5290088057518005 -0.059389613568782806 -1485.800537109375 
0.0 0.0 0.0 1.0
-0.10499558597803116 -0.13023585081100464 0.985908031463623 -86.13970947265625 
-0.6176016330718994 -0.7684938907623291 -0.16728833317756653 -107.36822509765625 
0.7794511914253235 -0.6264628767967224 0.00025459006428718567 -1470.72265625 
0.0 0.0 0.0 1.0
0.08581901341676712 0.9937339425086975 0.07161026448011398 -23.03299331665039 
0.30865317583084106 -0.09485701471567154 0.9464329481124878 145.523193359375 
0.9472952485084534 -0.05911921709775925 -0.31485965847969055 -1461.2520751953125 
0.0 0.0 0.0 1.0
0.4577292799949646 0.8539302349090576 0.24756203591823578 -80.74299621582031 
0.20304442942142487 -0.37148454785346985 0.9059647917747498 74.70207214355469 
0.8655962347984314 -0.36442050337791443 -0.3434251546859741 -1494.7154541015625 
0.0 0.0 0.0 1.0
0.24120445549488068 0.4826011061668396 0.8419718146324158 -8.20062255859375 
-0.028097525238990784 -0.8637515306472778 0.50313401222229 -99.11125183105469 
0.9700675010681152 -0.14501549303531647 -0.19478082656860352 -1440.509765625 
0.0 0.0 0.0 1.0
0.2726459503173828 0.7906976938247681 0.5481435656547546 -87.09979248046875 
0.09601529687643051 -0.5892452001571655 0.8022288680076599 5.580460071563721 
0.9573114514350891 -0.16609425842761993 -0.23657438158988953 -1477.6083984375 
0.0 0.0 0.0 1.0
0.23750647902488708 0.9668253064155579 0.09401896595954895 -76.93888854980469 
0.3555702567100525 -0.17660081386566162 0.9178136587142944 114.37743377685547 
0.9039692878723145 -0.18455633521080017 -0.38571813702583313 -1589.13134765625 
0.0 0.0 0.0 1.0
0.19938541948795319 0.7535927891731262 0.6263731122016907 -94.80746459960938 
0.09941232204437256 -0.6514654755592346 0.7521368861198425 182.19869995117188 
0.9748653769493103 -0.08769592642784119 -0.20480912923812866 -1504.0576171875 
0.0 0.0 0.0 1.0
0.45800164341926575 0.8471410870552063 0.26941877603530884 -147.42916870117188 
0.14477448165416718 -0.370110422372818 0.9176374673843384 236.12059020996094 
0.8770831227302551 -0.381274551153183 -0.29215556383132935 -1596.6634521484375 
0.0 0.0 0.0 1.0
0.035933710634708405 0.676205575466156 0.7358360886573792 -14.9468994140625 
0.3183961510658264 -0.7056879997253418 0.632952094078064 102.09405517578125 
0.9472764134407043 0.21154308319091797 -0.24065923690795898 -1379.2020263671875 
0.0 0.0 0.0 1.0
0.4155012369155884 0.6172917485237122 0.6680640578269958 -80.9533920288086 
-0.09301020950078964 -0.7017815709114075 0.7062943577766418 68.57319641113281 
0.9048247337341309 -0.3556029498577118 -0.23417668044567108 -1592.2882080078125 
0.0 0.0 0.0 1.0
0.23764611780643463 0.31887367367744446 0.9175205230712891 -82.9208984375 
-0.09310797601938248 -0.9327536821365356 0.348283588886261 -33.800193786621094 
0.96687912940979 -0.16819670796394348 -0.19197562336921692 -1452.8603515625 
0.0 0.0 0.0 1.0
0.16345424950122833 0.13681738078594208 0.9770178198814392 -68.2417221069336 
0.07682306319475174 -0.9890949130058289 0.12565617263317108 -105.03544616699219 
0.9835553169250488 0.05451846122741699 -0.17218250036239624 -1389.3431396484375 
0.0 0.0 0.0 1.0
0.12304724007844925 0.8714332580566406 0.4748299717903137 -11.26055908203125 
-0.2905445396900177 -0.4258677363395691 0.856866717338562 54.686031341552734 
0.9489168524742126 -0.2433943748474121 0.20078833401203156 -1372.0384521484375 
0.0 0.0 0.0 1.0
0.42140093445777893 0.6995092034339905 0.5771551728248596 -39.88066864013672 
-0.3094327449798584 -0.4873218238353729 0.8165591359138489 175.37120056152344 
0.852450966835022 -0.5226894617080688 0.011093176901340485 -1474.3424072265625 
0.0 0.0 0.0 1.0
-0.021761668846011162 0.8644486665725708 0.5022498369216919 -16.384765625 
0.36589717864990234 -0.46062856912612915 0.808665931224823 196.15423583984375 
0.9304008483886719 0.2013697475194931 -0.30627530813217163 -1388.54443359375 
0.0 0.0 0.0 1.0
0.36510056257247925 0.69122713804245 0.623623788356781 -154.45855712890625 
-0.3034961521625519 -0.5448983907699585 0.7816494703292847 228.9375 
0.8801089525222778 -0.47464805841445923 0.010842062532901764 -1508.6522216796875 
0.0 0.0 0.0 1.0
0.46260693669319153 0.4478096067905426 0.7651544809341431 -133.3069305419922 
0.054551903158426285 -0.8757991194725037 0.47958311438560486 16.01595687866211 
0.8848835825920105 -0.18011786043643951 -0.42957961559295654 -1465.20654296875 
0.0 0.0 0.0 1.0
-0.009455595165491104 0.8744785189628601 0.4849720299243927 3.8193588256835938 
0.38548150658607483 -0.44432005286216736 0.8086926341056824 239.73411560058594 
0.9226670861244202 0.19459444284439087 -0.3328939974308014 -1438.5904541015625 
0.0 0.0 0.0 1.0
0.2983139753341675 0.7132201790809631 0.6342915296554565 -6.933010101318359 
-0.3650817573070526 -0.5287513732910156 0.7662488222122192 108.40635681152344 
0.8818866610527039 -0.46015098690986633 0.1026497557759285 -1439.512451171875 
0.0 0.0 0.0 1.0
0.2402534931898117 0.8295266628265381 0.5041465163230896 -3.9131507873535156 
-0.03195899724960327 -0.512317419052124 0.858201265335083 138.3861846923828 
0.9701839089393616 -0.22229790687561035 -0.09657521545886993 -1442.2108154296875 
0.0 0.0 0.0 1.0
0.17213094234466553 0.7450743913650513 0.6443874835968018 -36.42670822143555 
-0.03136280179023743 -0.6496744751930237 0.7595652937889099 168.82176208496094 
0.9845747351646423 -0.1509544849395752 -0.08846145868301392 -1432.9644775390625 
0.0 0.0 0.0 1.0
0.3779270052909851 0.8887717127799988 0.2593376338481903 -81.511474609375 
0.47336074709892273 -0.4262233376502991 0.7708846926689148 146.9750213623047 
0.7956762909889221 -0.1685779094696045 -0.5817909836769104 -1591.4837646484375 
0.0 0.0 0.0 1.0
0.40717244148254395 0.9106354713439941 0.07038238644599915 -130.47064208984375 
0.2597791850566864 -0.18934214115142822 0.9469236135482788 211.36355590820312 
0.8756285905838013 -0.3672773540019989 -0.31365904211997986 -1567.0228271484375 
0.0 0.0 0.0 1.0
0.24154414236545563 0.8897636532783508 0.3872687518596649 -71.50796508789062 
0.32137635350227356 -0.4499126970767975 0.8332441449165344 138.03990173339844 
0.9156274795532227 -0.07680625468492508 -0.3946227431297302 -1494.6298828125 
0.0 0.0 0.0 1.0
0.13366594910621643 0.5857596397399902 0.7993866801261902 -14.237152099609375 
0.1155826598405838 -0.8103345036506653 0.5744550824165344 91.31727600097656 
0.9842632412910461 0.015610158443450928 -0.17601779103279114 -1450.576171875 
0.0 0.0 0.0 1.0
0.16972874104976654 0.7233754992485046 0.6692683100700378 36.532867431640625 
-0.11388763785362244 -0.6601740717887878 0.7424283027648926 98.96638488769531 
0.9788879752159119 -0.20223283767700195 -0.02966698259115219 -1487.4404296875 
0.0 0.0 0.0 1.0
0.51809161901474 0.8453947901725769 0.12995678186416626 -85.70537567138672 
0.23761066794395447 -0.2882136106491089 0.9276174306869507 175.6962890625 
0.821658194065094 -0.44971171021461487 -0.35019585490226746 -1534.34619140625 
0.0 0.0 0.0 1.0
0.09406391531229019 0.9928181767463684 0.0739193856716156 -54.041351318359375 
0.6214510202407837 -0.11656106263399124 0.7747335433959961 241.8742218017578 
0.7777856588363647 -0.02693718485534191 -0.6279520988464355 -1502.2579345703125 
0.0 0.0 0.0 1.0
-0.016351915895938873 0.996381402015686 -0.0834069550037384 -98.89344024658203 
0.5643623471260071 0.07805707305669785 0.8218286037445068 269.1669616699219 
0.8253652453422546 -0.033633261919021606 -0.5635965466499329 -1469.827392578125 
0.0 0.0 0.0 1.0
0.3020492196083069 0.7689582109451294 0.5634443759918213 -94.64938354492188 
-0.34521207213401794 -0.46270623803138733 0.8165363073348999 123.20183563232422 
0.8885915279388428 -0.44114193320274353 0.12569357454776764 -1388.8912353515625 
0.0 0.0 0.0 1.0
0.44534385204315186 0.7378897666931152 0.5071365833282471 -115.43013000488281 
-0.08788871765136719 -0.5276433229446411 0.8449071645736694 94.34754943847656 
0.8910355567932129 -0.42084577679634094 -0.17013050615787506 -1455.171142578125 
0.0 0.0 0.0 1.0
0.3099133372306824 0.8896735310554504 0.3353129029273987 -31.721424102783203 
0.3495635986328125 -0.43459784984588623 0.8300180435180664 84.16383361816406 
0.8841713666915894 -0.1400204598903656 -0.44568517804145813 -1480.006103515625 
0.0 0.0 0.0 1.0
0.2686365842819214 0.7785810828208923 0.5671382546424866 5.008522033691406 
0.46938619017601013 -0.6199548840522766 0.628754734992981 81.90043640136719 
0.8411366939544678 0.09730035066604614 -0.531997799873352 -1468.6480712890625 
0.0 0.0 0.0 1.0
0.14620260894298553 0.9697650074958801 0.1953987181186676 -70.40373229980469 
0.5619489550590515 -0.24397292733192444 0.790373682975769 185.80160522460938 
0.8141487836837769 -0.005750596523284912 -0.5806279182434082 -1491.0394287109375 
0.0 0.0 0.0 1.0
0.021914446726441383 0.9046409130096436 0.4256109297275543 -9.282707214355469 
0.46591266989707947 -0.38590002059936523 0.7962453365325928 167.33441162109375 
0.8845593333244324 0.18084825575351715 -0.4299403727054596 -1408.9248046875 
0.0 0.0 0.0 1.0
0.05072614550590515 0.9290191531181335 0.36653828620910645 -12.30413818359375 
0.3030110001564026 -0.3640272617340088 0.8807204365730286 86.91695404052734 
0.9516360759735107 0.06638962030410767 -0.29996874928474426 -1405.4345703125 
0.0 0.0 0.0 1.0
0.13979610800743103 0.614009439945221 0.7768201231956482 50.626155853271484 
-0.5545332431793213 -0.6014072299003601 0.5751541256904602 85.4604721069336 
0.8203352689743042 -0.5111768841743469 0.2564142644405365 -1448.39404296875 
0.0 0.0 0.0 1.0
0.04074402153491974 0.47929587960243225 0.876707136631012 32.71453857421875 
-0.7863794565200806 -0.5259174108505249 0.3240652084350586 32.579742431640625 
0.6163986325263977 -0.7026281356811523 0.3554804027080536 -1442.064208984375 
0.0 0.0 0.0 1.0
0.5640848278999329 0.6580926775932312 0.4987207353115082 -81.37022399902344 
0.20781920850276947 -0.6976926922798157 0.6855917572975159 188.6357879638672 
0.799136757850647 -0.28308814764022827 -0.5303221940994263 -1553.506591796875 
0.0 0.0 0.0 1.0
0.3177201449871063 0.27932116389274597 0.9061090350151062 -84.9126968383789 
0.2023109346628189 -0.9535894393920898 0.22301892936229706 120.74415588378906 
0.9263498783111572 0.11245816946029663 -0.35948431491851807 -1490.5455322265625 
0.0 0.0 0.0 1.0
0.23978398740291595 0.38448822498321533 0.8914440274238586 -46.91927719116211 
-0.15632237493991852 -0.8909592032432556 0.42632731795310974 94.63410949707031 
0.9581580758094788 -0.2415791153907776 -0.15353363752365112 -1463.6748046875 
0.0 0.0 0.0 1.0
0.14495886862277985 0.536591649055481 0.8312979936599731 -32.01449203491211 
-0.4194470942020416 -0.7276152968406677 0.5428075790405273 120.00890350341797 
0.896131157875061 -0.4273703098297119 0.11959750950336456 -1427.9891357421875 
0.0 0.0 0.0 1.0
0.08081219345331192 0.368265837430954 0.9262017607688904 -24.063552856445312 
0.07174524664878845 -0.928979754447937 0.3631105422973633 68.45056915283203 
0.9941439032554626 0.03710681200027466 -0.1014942154288292 -1425.618896484375 
0.0 0.0 0.0 1.0
-0.07330835610628128 0.013910270296037197 0.9972122311592102 -156.87493896484375 
0.07312425225973129 -0.9971363544464111 0.0192848090082407 6.461906433105469 
0.9946248531341553 0.07433414459228516 0.07208125293254852 -1344.5926513671875 
0.0 0.0 0.0 1.0
0.364311546087265 0.8303245902061462 0.4217085540294647 -103.69792938232422 
-0.20613442361354828 -0.36969849467277527 0.9059975743293762 167.93331909179688 
0.9081770777702332 -0.4169940650463104 0.03647309169173241 -1406.976806640625 
0.0 0.0 0.0 1.0
0.3465948700904846 0.7014819383621216 0.6227319240570068 -27.159133911132812 
-0.2702879309654236 -0.5610374808311462 0.7824202179908752 177.15403747558594 
0.8982295989990234 -0.43949976563453674 -0.004850607365369797 -1475.240966796875 
0.0 0.0 0.0 1.0
0.5357204079627991 0.6135381460189819 0.5801504850387573 -121.19088745117188 
0.031156152486801147 -0.7009549140930176 0.7125247716903687 104.235107421875 
0.8438204526901245 -0.3636387884616852 -0.3946313261985779 -1486.09765625 
0.0 0.0 0.0 1.0
0.20671957731246948 -0.025145888328552246 0.9780770540237427 -107.81507110595703 
-0.7336729168891907 -0.6653507351875305 0.13795819878578186 -106.70097351074219 
0.6472952365875244 -0.746107280254364 -0.155989870429039 -1511.9091796875 
0.0 0.0 0.0 1.0
0.35003021359443665 0.3581257462501526 0.865577757358551 -53.95716094970703 
-0.6334806680679321 -0.5902018547058105 0.5003638863563538 85.23412322998047 
0.6900587677955627 -0.7234692573547363 0.020277265459299088 -1479.7750244140625 
0.0 0.0 0.0 1.0
0.4204161763191223 0.7441789507865906 0.5190836787223816 -0.23135757446289062 
-0.5667368769645691 -0.23138852417469025 0.7907392978668213 142.8358154296875 
0.7085615992546082 -0.6266235113143921 0.3244742155075073 -1446.9453125 
0.0 0.0 0.0 1.0
0.5121590495109558 0.8428084254264832 0.1654300093650818 -108.59877014160156 
-0.42951205372810364 0.08452805876731873 0.8990964889526367 202.65626525878906 
0.7437825798988342 -0.5315345525741577 0.4052881896495819 -1403.200927734375 
0.0 0.0 0.0 1.0
0.20397797226905823 0.827590823173523 0.522959291934967 14.048759460449219 
-0.7948370575904846 -0.17185154557228088 0.5819803476333618 134.92971801757812 
0.5715129971504211 -0.5343785881996155 0.622745931148529 -1377.4573974609375 
0.0 0.0 0.0 1.0
0.6371891498565674 0.6266499757766724 0.44866445660591125 -143.560791015625 
-0.3085819184780121 -0.32601097226142883 0.8935849666595459 89.52923583984375 
0.7062345147132874 -0.7078323364257812 -0.014357786625623703 -1492.2994384765625 
0.0 0.0 0.0 1.0
0.5397576689720154 0.22486382722854614 0.811232328414917 -101.63236999511719 
-0.09374262392520905 -0.9416155815124512 0.3233766555786133 61.066802978515625 
0.836584746837616 -0.25059208273887634 -0.4871649146080017 -1549.1370849609375 
0.0 0.0 0.0 1.0
0.5129323601722717 0.6767265200614929 0.5281492471694946 -44.3536262512207 
0.4972696304321289 -0.7357467412948608 0.4597821831703186 79.81436157226562 
0.6997308731079102 0.026795417070388794 -0.7139037847518921 -1550.423583984375 
0.0 0.0 0.0 1.0
0.7430995106697083 0.3787456154823303 0.5516836643218994 -146.30783081054688 
-0.4137609004974365 -0.3878873884677887 0.8236172199249268 266.5181579589844 
0.5259325504302979 -0.8402946591377258 -0.1315288096666336 -1549.16845703125 
0.0 0.0 0.0 1.0
0.3723280429840088 0.4048404097557068 0.8351503610610962 -57.32345962524414 
-0.8144950866699219 -0.28886276483535767 0.5031461715698242 245.31077575683594 
0.4449377655982971 -0.8675612807273865 0.2221888303756714 -1455.9656982421875 
0.0 0.0 0.0 1.0
0.14989931881427765 0.8352433443069458 0.5290544629096985 -55.29315948486328 
0.44153910875320435 -0.5353289246559143 0.7200459241867065 127.69358825683594 
0.8846317529678345 0.1256638765335083 -0.4490380883216858 -1401.3756103515625 
0.0 0.0 0.0 1.0
0.5244482159614563 0.6394478678703308 0.5621925592422485 -128.7855987548828 
0.08209452033042908 -0.6951824426651001 0.7141301035881042 5.8274335861206055 
0.8474754095077515 -0.3283713161945343 -0.41708236932754517 -1575.2691650390625 
0.0 0.0 0.0 1.0
0.40947484970092773 0.2896752953529358 0.8651118874549866 -100.9185562133789 
-0.017503514885902405 -0.9455844759941101 0.3249056041240692 -59.54830551147461 
0.9121534824371338 -0.1481831669807434 -0.3821227252483368 -1493.97998046875 
0.0 0.0 0.0 1.0
0.08735493570566177 -0.06392095983028412 0.9941243529319763 -89.0735855102539 
-0.4785386323928833 -0.8779484033584595 -0.01440119743347168 -97.53785705566406 
0.8737104535102844 -0.4744689166545868 -0.10728176683187485 -1473.358642578125 
0.0 0.0 0.0 1.0
-0.05357011407613754 0.1196100115776062 0.991374671459198 -47.270301818847656 
-0.6439001560211182 -0.7629640102386475 0.05725818872451782 44.651649475097656 
0.7632318735122681 -0.6352789402008057 0.11788896471261978 -1459.7677001953125 
0.0 0.0 0.0 1.0
0.3234415054321289 0.3790792226791382 0.8669974207878113 -107.60595703125 
-0.4590378701686859 -0.7383550405502319 0.4940810203552246 168.45603942871094 
0.827447772026062 -0.557790994644165 -0.06480293720960617 -1574.08935546875 
0.0 0.0 0.0 1.0
0.2808912694454193 -0.04337209463119507 0.958759069442749 -149.02371215820312 
0.09239108860492706 -0.9931166768074036 -0.07199451327323914 -18.24072265625 
0.9552821516990662 0.10880342125892639 -0.2749505937099457 -1528.052734375 
0.0 0.0 0.0 1.0
0.3948649764060974 0.4372224807739258 0.8080334663391113 -158.10003662109375 
0.45959681272506714 -0.8555493950843811 0.23834002017974854 39.21649932861328 
0.7955201864242554 0.27725750207901 -0.5387725830078125 -1478.6317138671875 
0.0 0.0 0.0 1.0
-0.06777209043502808 0.7018888592720032 0.7090549468994141 -21.533462524414062 
0.13241446018218994 -0.6980741024017334 0.7036752700805664 128.823974609375 
0.9888747930526733 0.14157865941524506 -0.04563027620315552 -1377.81884765625 
0.0 0.0 0.0 1.0
-0.015744030475616455 0.890276312828064 0.45514848828315735 1.795196533203125 
0.09304523468017578 -0.4519251883029938 0.887190043926239 210.0124053955078 
0.9955374002456665 0.05631735920906067 -0.07572084665298462 -1390.89453125 
0.0 0.0 0.0 1.0
-0.06872691214084625 0.8693203926086426 0.48944735527038574 -37.647491455078125 
0.2530265152454376 -0.45937666296958923 0.8514403700828552 214.45449829101562 
0.9650151133537292 0.18236003816127777 -0.18838953971862793 -1405.838134765625 
0.0 0.0 0.0 1.0
0.4226480722427368 0.7989469170570374 0.4278462827205658 -71.07952880859375 
-0.16179817914962769 -0.3979823887348175 0.9030123949050903 267.2610168457031 
0.89173424243927 -0.4508812129497528 -0.038938336074352264 -1503.0140380859375 
0.0 0.0 0.0 1.0
0.5792741775512695 0.5869009494781494 0.5656754374504089 -86.49270629882812 
-0.24690350890159607 -0.5350325703620911 0.8079472780227661 263.9033203125 
0.7768397927284241 -0.6076902151107788 -0.16502262651920319 -1552.3367919921875 
0.0 0.0 0.0 1.0
0.3984508514404297 0.843582034111023 0.3600086569786072 -21.326156616210938 
0.5128152966499329 -0.5303295254707336 0.6751081347465515 153.7467498779297 
0.7604323625564575 -0.08437949419021606 -0.6439120769500732 -1574.319580078125 
0.0 0.0 0.0 1.0
0.0037685108836740255 0.5642222166061401 0.825614333152771 41.80452346801758 
0.7803885340690613 -0.5179097652435303 0.35037580132484436 84.52725982666016 
0.6252835392951965 0.642979621887207 -0.44226428866386414 -1376.0653076171875 
0.0 0.0 0.0 1.0
0.07951633632183075 0.8697606921195984 0.4870251715183258 58.1441764831543 
-0.3979327082633972 -0.42025867104530334 0.8154950737953186 262.7913513183594 
0.9139620661735535 -0.25864845514297485 0.31268879771232605 -1441.43505859375 
0.0 0.0 0.0 1.0
0.49927788972854614 0.6321382522583008 0.5925561785697937 -44.918983459472656 
-0.24889177083969116 -0.5504350066184998 0.7969154119491577 224.27552795410156 
0.8299244046211243 -0.5453646183013916 -0.11748600751161575 -1554.3941650390625 
0.0 0.0 0.0 1.0
0.6642589569091797 0.36687880754470825 0.651275634765625 -90.67549133300781 
-0.239850252866745 -0.7205888628959656 0.6505563259124756 82.0951919555664 
0.707977294921875 -0.5883464813232422 -0.39066165685653687 -1581.1605224609375 
0.0 0.0 0.0 1.0
0.6182893514633179 0.17989826202392578 0.7650848031044006 -93.99264526367188 
0.022230498492717743 -0.9770651459693909 0.21177707612514496 -21.37523651123047 
0.7856360673904419 -0.11393129825592041 -0.6081082224845886 -1543.105712890625 
0.0 0.0 0.0 1.0
0.506609320640564 0.5340242981910706 0.6768789887428284 -67.16075897216797 
0.5725544095039368 -0.795356810092926 0.1989697813987732 -5.2468719482421875 
0.6446149945259094 0.28675004839897156 -0.7086930871009827 -1443.192138671875 
0.0 0.0 0.0 1.0
0.2042766958475113 0.11572428792715073 0.972048819065094 -134.3192138671875 
-0.07775300741195679 -0.9879324436187744 0.13395510613918304 159.52175903320312 
0.9758204221725464 -0.10294362157583237 -0.1928136646747589 -1499.7379150390625 
0.0 0.0 0.0 1.0
-0.13336411118507385 -0.12956953048706055 0.9825608134269714 -126.04275512695312 
-0.7182535529136658 -0.6704855561256409 -0.18590578436851501 164.24295043945312 
0.6828805208206177 -0.7305209636688232 -0.003645084798336029 -1542.64794921875 
0.0 0.0 0.0 1.0
0.12416073679924011 -0.24677510559558868 0.9610859155654907 -167.27114868164062 
-0.40028151869773865 -0.8987296223640442 -0.17905253171920776 -34.303077697753906 
0.9079420566558838 -0.36247366666793823 -0.21036645770072937 -1486.3753662109375 
0.0 0.0 0.0 1.0
0.16743160784244537 0.13371826708316803 0.9767733216285706 -3.969310760498047 
-0.12424951046705246 -0.979997456073761 0.15545761585235596 -5.872505187988281 
0.9780228734016418 -0.1473921239376068 -0.14746811985969543 -1542.5863037109375 
0.0 0.0 0.0 1.0
0.4001968204975128 0.7744830250740051 0.4899168908596039 -33.13932800292969 
0.2711527943611145 -0.6107264757156372 0.743968665599823 19.999019622802734 
0.8753963112831116 -0.1648915410041809 -0.454414039850235 -1499.441650390625 
0.0 0.0 0.0 1.0
0.3500956594944 0.6900150179862976 0.6334921717643738 -63.67787170410156 
-0.6456993818283081 -0.3121706545352936 0.6968657374382019 47.05146026611328 
0.6786054372787476 -0.6530151963233948 0.3362526595592499 -1401.606689453125 
0.0 0.0 0.0 1.0
-0.20066878199577332 0.08312132954597473 0.976126492023468 2.9374313354492188 
-0.6480752229690552 -0.7584766149520874 -0.06864160299301147 16.943023681640625 
0.7346635460853577 -0.6463776230812073 0.20607145130634308 -1523.899658203125 
0.0 0.0 0.0 1.0
0.4006669819355011 0.5162715911865234 0.756921112537384 -38.49687194824219 
-0.16666530072689056 -0.7712802290916443 0.6142877340316772 110.84095764160156 
0.9009376168251038 -0.37227728962898254 -0.22298197448253632 -1535.4976806640625 
0.0 0.0 0.0 1.0
0.12466081976890564 0.9713002443313599 0.20257239043712616 -58.051979064941406 
0.5386268496513367 -0.2377104014158249 0.8083161115646362 278.1748962402344 
0.8332711458206177 0.008345544338226318 -0.5528015494346619 -1504.971435546875 
0.0 0.0 0.0 1.0
0.6512060761451721 0.34311026334762573 0.6769092082977295 -107.00457000732422 
-0.4706621468067169 -0.5171039700508118 0.7148990631103516 227.7563018798828 
0.5953216552734375 -0.7841421365737915 -0.17525224387645721 -1552.751953125 
0.0 0.0 0.0 1.0
0.25472915172576904 -0.05056026577949524 0.9656897783279419 -98.17002868652344 
-0.7518340349197388 -0.6384007930755615 0.16489389538764954 111.9739990234375 
0.6081600785255432 -0.768041729927063 -0.2006322145462036 -1603.4422607421875 
0.0 0.0 0.0 1.0
0.3677487373352051 0.6397932171821594 0.674852192401886 -65.48587036132812 
-0.5249319672584534 -0.45620447397232056 0.718556821346283 181.3856658935547 
0.7675983905792236 -0.6184999346733093 0.16807931661605835 -1467.645751953125 
0.0 0.0 0.0 1.0
0.17822538316249847 0.5786249041557312 0.795882523059845 -63.63162612915039 
0.4568372368812561 -0.7650346159934998 0.45389625430107117 8.537162780761719 
0.871513307094574 0.28269293904304504 -0.40068596601486206 -1407.728271484375 
0.0 0.0 0.0 1.0
0.1506383717060089 0.5878447890281677 0.7948248386383057 -30.12164306640625 
-0.2294633686542511 -0.7612501382827759 0.6065020561218262 109.1324691772461 
0.9615896344184875 -0.27374568581581116 0.020215358585119247 -1417.419677734375 
0.0 0.0 0.0 1.0
0.45262953639030457 0.5812932848930359 0.6761837601661682 -135.33876037597656 
-0.31425872445106506 -0.6056666374206543 0.7310330867767334 149.6577911376953 
0.8344866037368774 -0.5433838367462158 -0.09146612882614136 -1538.0166015625 
0.0 0.0 0.0 1.0
0.29502415657043457 0.7040398716926575 0.6459788680076599 -65.45832824707031 
-0.5459970235824585 -0.4305969774723053 0.7186609506607056 153.84799194335938 
0.7841224670410156 -0.564724862575531 0.2573671340942383 -1465.5848388671875 
0.0 0.0 0.0 1.0
0.26227644085884094 0.6826137900352478 0.6820920705795288 -16.14177703857422 
-0.5887590050697327 -0.4468401372432709 0.6735701560974121 80.74485778808594 
0.764574408531189 -0.5782493948936462 0.28469935059547424 -1409.61572265625 
0.0 0.0 0.0 1.0
0.38537469506263733 0.3611816465854645 0.8491372466087341 -89.36553192138672 
-0.08735883980989456 -0.9018011093139648 0.423229455947876 -100.18429565429688 
0.9186156392097473 -0.23728159070014954 -0.31597891449928284 -1451.4876708984375 
0.0 0.0 0.0 1.0
0.3737923204898834 0.38600805401802063 0.8433724641799927 -121.96179962158203 
-0.5063965916633606 -0.676867663860321 0.5342402458190918 119.43103790283203 
0.7770726084709167 -0.6267758011817932 -0.05753476917743683 -1499.443603515625 
0.0 0.0 0.0 1.0
0.3553529381752014 0.823477029800415 0.44227808713912964 -52.751853942871094 
-0.34518304467201233 -0.3241077959537506 0.8807966709136963 274.2913818359375 
0.8686615824699402 -0.46566057205200195 0.16907760500907898 -1426.00634765625 
0.0 0.0 0.0 1.0
0.24802221357822418 0.20795811712741852 0.9461703896522522 -76.39442443847656 
-0.6901087760925293 -0.6475184559822083 0.3232177197933197 -41.131656646728516 
0.6798785924911499 -0.733125627040863 -0.017085224390029907 -1485.3773193359375 
0.0 0.0 0.0 1.0
0.40410029888153076 0.8730855584144592 0.2728085517883301 14.871667861938477 
0.26440325379371643 -0.39700448513031006 0.8789075016975403 91.73090362548828 
0.8756676912307739 -0.2830353379249573 -0.3912762999534607 -1592.3006591796875 
0.0 0.0 0.0 1.0
0.6002587080001831 0.7922570705413818 0.10962748527526855 -114.30537414550781 
0.41460978984832764 -0.42544278502464294 0.804423451423645 140.62344360351562 
0.6839504241943359 -0.43740952014923096 -0.5838533043861389 -1655.09765625 
0.0 0.0 0.0 1.0
0.41169872879981995 0.7631290555000305 0.49813470244407654 -10.922348022460938 
-0.6258832216262817 -0.16053518652915955 0.7632160186767578 228.13894653320312 
0.662400484085083 -0.6259891986846924 0.4115375578403473 -1419.2215576171875 
0.0 0.0 0.0 1.0
0.15967273712158203 0.3315519392490387 0.9298268556594849 -23.021759033203125 
-0.5104987621307373 -0.7784537672996521 0.3652406632900238 97.3146743774414 
0.8449234962463379 -0.5329943895339966 0.04495900496840477 -1488.8558349609375 
0.0 0.0 0.0 1.0
0.22955699265003204 0.1154647246003151 0.9664220213890076 -166.9959259033203 
0.018144356086850166 -0.9932733178138733 0.1143629401922226 34.841793060302734 
0.9731261134147644 -0.008717707358300686 -0.2301078736782074 -1511.2442626953125 
0.0 0.0 0.0 1.0
-0.21897320449352264 0.39994046092033386 0.8899990320205688 -30.846450805664062 
-0.022061452269554138 -0.9139320254325867 0.40526726841926575 70.34640502929688 
0.975481390953064 0.06910797953605652 0.20894989371299744 -1345.662353515625 
0.0 0.0 0.0 1.0
-0.39576610922813416 0.5340332388877869 0.7471129298210144 2.59039306640625 
-0.511806309223175 -0.8037446141242981 0.3033955991268158 79.4082260131836 
0.7625113129615784 -0.2623033821582794 0.5914164781570435 -1297.0672607421875 
0.0 0.0 0.0 1.0
-0.05523184686899185 0.3912271559238434 0.9186352491378784 61.04359436035156 
0.3752947747707367 -0.8444416522979736 0.38219380378723145 -10.406482696533203 
0.9252585172653198 0.3658682703971863 -0.10018543154001236 -1384.2523193359375 
0.0 0.0 0.0 1.0
-0.18860478699207306 0.675254225730896 0.7130637764930725 -21.885086059570312 
0.5569649338722229 -0.5244764685630798 0.6439833045005798 231.35845947265625 
0.8088375926017761 0.518609881401062 -0.27717411518096924 -1330.999267578125 
0.0 0.0 0.0 1.0
-0.18781037628650665 0.78049236536026 0.5962876677513123 -19.969932556152344 
-0.505736231803894 -0.5972727537155151 0.6224919557571411 161.13479614257812 
0.8419964909553528 -0.18465380370616913 0.5068972110748291 -1290.4608154296875 
0.0 0.0 0.0 1.0
0.2530237138271332 0.8573914766311646 0.44817283749580383 -60.720977783203125 
-0.42146047949790955 -0.31929340958595276 0.8487772345542908 126.45494842529297 
0.8708329796791077 -0.40364789962768555 0.28056779503822327 -1401.76953125 
0.0 0.0 0.0 1.0
-0.2180386781692505 0.32422298192977905 0.9205099940299988 41.01873779296875 
-0.48936930298805237 -0.8523775935173035 0.18430975079536438 16.968156814575195 
0.8443795442581177 -0.4102826714515686 0.3445160686969757 -1462.6572265625 
0.0 0.0 0.0 1.0
0.06827999651432037 0.8617734313011169 0.5026770830154419 44.914947509765625 
-0.3443600535392761 -0.4525294005870819 0.822577178478241 204.18824768066406 
0.9363514184951782 -0.22926746308803558 0.2658616900444031 -1429.6654052734375 
0.0 0.0 0.0 1.0
0.45280247926712036 0.5600465536117554 0.6937706470489502 -56.71873474121094 
0.4755304753780365 -0.8098953366279602 0.34342435002326965 139.31076049804688 
0.7542153000831604 0.17440570890903473 -0.6330418586730957 -1535.7554931640625 
0.0 0.0 0.0 1.0
0.10117821395397186 0.43437448143959045 0.8950316905975342 -88.03809356689453 
0.02861355058848858 -0.9005467891693115 0.43381646275520325 260.486572265625 
0.9944567084312439 -0.018282724544405937 -0.10354471206665039 -1556.14111328125 
0.0 0.0 0.0 1.0
0.21802817285060883 0.8169957995414734 0.5338366627693176 -73.28181457519531 
-0.40821099281311035 -0.4205051362514496 0.8102710247039795 -17.16803741455078 
0.8864691257476807 -0.3945799171924591 0.241824671626091 -1426.759765625 
0.0 0.0 0.0 1.0
-0.040550488978624344 0.41802895069122314 0.9075281620025635 -115.74357604980469 
-0.613430380821228 -0.7273683547973633 0.30763357877731323 -154.0533905029297 
0.7887070178985596 -0.5442306995391846 0.28592678904533386 -1492.970458984375 
0.0 0.0 0.0 1.0
-0.04564898833632469 -0.11587923020124435 0.9922137260437012 -70.24226379394531 
-0.826429009437561 -0.5535998344421387 -0.10267581790685654 -111.11151123046875 
0.5611873269081116 -0.824681282043457 -0.07049470394849777 -1522.911376953125 
0.0 0.0 0.0 1.0
0.4990956485271454 0.7756695747375488 0.386316180229187 -83.5341796875 
-0.2567492723464966 -0.29342445731163025 0.9208593368530273 23.058509826660156 
0.8276371955871582 -0.5587832927703857 0.05270574986934662 -1636.4759521484375 
0.0 0.0 0.0 1.0
0.2579115629196167 0.7974914908409119 0.545425534248352 -143.3992919921875 
-0.008929610252380371 -0.5625325441360474 0.8267269134521484 -144.49815368652344 
0.9661272764205933 -0.2180928885936737 -0.13796234130859375 -1506.125732421875 
0.0 0.0 0.0 1.0
0.35936805605888367 0.7035483717918396 0.613085925579071 -85.05744934082031 
