DataSet: 1
-1.7578125 2.724609375 2.021484375 1.58203125 49.345643325311 -8.0859375 -80.771484375 38.408203125
839.614 155.746 -216.827 881.035
-0.8208462 0.4626343 0.3349344 839.6144 -0.02516681 0.5565549 -0.8304296 155.7456 -0.5705946 -0.6900842 -0.4452029 -216.8267 0 0 0 1
DataSet: 2
-1.7578125 2.63671875 2.021484375 1.58203125 48.8085401980669 -8.4375 -82.353515625 37.96875
841.541 156.900 -213.947 882.373
-0.8263099 0.4693321 0.3113507 841.5408 0.006282753 0.5604557 -0.8281606 156.9001 -0.5631806 -0.6823612 -0.4660588 -213.9467 0 0 0 1
DataSet: 3
-1.7578125 2.724609375 2.021484375 1.58203125 47.8105438919589 -7.998046875 -82.529296875 37.177734375
839.447 160.641 -212.882 880.792
-0.8313788 0.4620195 0.3087834 839.4466 0.01474764 0.5738078 -0.8188572 160.6414 -0.5555103 -0.6762267 -0.4838653 -212.8822 0 0 0 1
DataSet: 4
-1.7578125 2.724609375 2.021484375 1.58203125 47.0270822300839 -7.3828125 -83.759765625 36.5625
836.882 164.024 -211.673 878.682
-0.8423703 0.4528696 0.2920985 836.8821 0.0341481 0.5857955 -0.8097392 164.0244 -0.5378162 -0.6721256 -0.5089213 -211.6733 0 0 0 1
DataSet: 5
-1.7578125 2.724609375 2.021484375 1.58203125 45.9034990874905 -6.240234375 -82.79296875 35.68359375
832.030 169.177 -210.241 874.697
-0.845497 0.4355956 0.3088548 832.0295 0.02043849 0.6043769 -0.7964364 169.177 -0.5335889 -0.667072 -0.5199018 -210.2406 0 0 0 1
DataSet: 6
-1.7578125 2.63671875 2.021484375 1.58203125 45.0133596883676 -5.712890625 -84.0234375 34.98046875
830.155 172.708 -207.523 872.956
-0.8548438 0.4287523 0.292256 830.1551 0.04068771 0.6168914 -0.7859958 172.7078 -0.5172878 -0.6600124 -0.5447907 -207.5233 0 0 0 1
DataSet: 7
-1.7578125 2.724609375 1.93359375 1.58203125 44.1272651369132 -5.44921875 -84.462890625 34.27734375
828.806 175.393 -206.122 871.877
-0.8596174 0.4240911 0.2849645 828.8063 0.05228705 0.6278161 -0.7766035 175.3929 -0.5082559 -0.6526818 -0.5618562 -206.1221 0 0 0 1
DataSet: 8
-1.7578125 2.8125 1.93359375 1.58203125 43.0127456683983 -4.74609375 -84.7265625 33.3984375
825.546 179.789 -204.521 869.298
-0.8664191 0.4126185 0.2811829 825.5457 0.05880798 0.6435409 -0.7631493 179.7892 -0.4958422 -0.6446713 -0.5818414 -204.5209 0 0 0 1
DataSet: 9
-1.7578125 2.8125 1.93359375 1.58203125 42.0118849502733 -4.306640625 -84.990234375 32.607421875
823.750 183.411 -201.959 867.751
-0.8705941 0.4062141 0.2775896 823.7501 0.06672718 0.6564768 -0.7513892 183.4105 -0.4874559 -0.6356323 -0.5986304 -201.9594 0 0 0 1
DataSet: 10
-1.7578125 2.8125 1.93359375 1.58203125 41.1200003329808 -3.779296875 -84.990234375 31.904296875
821.538 186.813 -199.761 865.869
-0.8740157 0.3983305 0.2782612 821.5382 0.06904004 0.6686705 -0.7403467 186.8133 -0.4809677 -0.6278635 -0.6119293 -199.7606 0 0 0 1
DataSet: 11
-1.7578125 2.8125 1.93359375 1.58203125 40.2228083664521 -2.63671875 -83.671875 31.201171875
816.539 191.095 -198.163 861.697
-0.8745702 0.3805319 0.3005369 816.5388 0.04761475 0.6841921 -0.7277459 191.0949 -0.4825555 -0.6221549 -0.6164929 -198.1634 0 0 0 1
DataSet: 12
-1.7578125 2.8125 1.93359375 1.58203125 39.1125083570423 -2.63671875 -83.3203125 30.322265625
816.733 194.257 -194.495 861.753
-0.8726609 0.3812305 0.3051661 816.7335 0.05326193 0.6955005 -0.7165489 194.257 -0.4854134 -0.6090504 -0.6272411 -194.495 0 0 0 1
DataSet: 13
-1.7578125 2.724609375 1.93359375 1.58203125 38.0015280757377 -2.8125 -83.671875 29.443359375
818.020 197.111 -189.707 862.553
-0.8726414 0.3856581 0.2996079 818.0196 0.06974556 0.7056247 -0.7051449 197.1107 -0.4833556 -0.5944423 -0.6426553 -189.707 0 0 0 1
DataSet: 14
-1.7578125 2.8125 1.93359375 1.58203125 37.1116597771539 -2.98828125 -83.759765625 28.740234375
818.686 199.286 -187.310 863.161
-0.8726491 0.388182 0.2963078 818.6858 0.0809579 0.7133542 -0.6961118 199.2861 -0.4815904 -0.5834728 -0.6539343 -187.3096 0 0 0 1
DataSet: 15
-1.7578125 2.8125 1.93359375 1.58203125 36.004383465946 -3.955078125 -84.19921875 27.861328125
823.235 200.710 -182.463 866.772
-0.8685506 0.4043894 0.286512 823.2353 0.1076777 0.7182783 -0.6873731 200.7102 -0.4837617 -0.5661674 -0.6674048 -182.4627 0 0 0 1
DataSet: 16
-1.7578125 2.8125 1.93359375 1.58203125 35.1079028836294 -3.69140625 -84.287109375 27.158203125
822.224 203.508 -179.558 865.857
-0.8706282 0.4007824 0.2852718 822.2238 0.1138354 0.728282 -0.6757565 203.5082 -0.4785897 -0.5558587 -0.679686 -179.5575 0 0 0 1
DataSet: 17
-1.7578125 2.8125 1.93359375 1.58203125 33.9881292446982 -3.603515625 -84.55078125 26.279296875
822.046 206.552 -175.606 865.598
-0.8723803 0.4001428 0.2807815 822.0458 0.1260611 0.739127 -0.6616644 206.5518 -0.4722935 -0.5418274 -0.6952423 -175.606 0 0 0 1
DataSet: 18
-1.7578125 2.8125 1.93359375 1.58203125 33.0917183235384 -3.603515625 -84.462890625 25.576171875
822.220 208.816 -172.331 865.649
-0.8718405 0.4007652 0.2815697 822.2201 0.1331958 0.7472112 -0.6511024 208.8163 -0.4713312 -0.5301535 -0.7048292 -172.3307 0 0 0 1
DataSet: 19
-1.7578125 2.724609375 1.93359375 1.58203125 31.9610803499836 -2.28515625 -84.375 24.697265625
816.768 213.822 -168.420 860.927
-0.8789936 0.3811812 0.2864804 816.7678 0.1261093 0.7652416 -0.63127 213.8222 -0.459855 -0.5187545 -0.720713 -168.4195 0 0 0 1
DataSet: 20
-1.7578125 2.8125 1.93359375 1.58203125 31.0634810507987 -2.4609375 -84.111328125 23.994140625
817.485 215.715 -165.704 861.552
-0.87715 0.3838916 0.288505 817.4847 0.1334632 0.7719936 -0.6214608 215.7155 -0.4612975 -0.5066096 -0.7283896 -165.7039 0 0 0 1
DataSet: 21
-1.7578125 2.8125 1.93359375 1.58203125 30.0534035517687 -2.8125 -84.0234375 23.203125
819.277 217.523 -161.530 862.916
-0.8743575 0.3902821 0.2884074 819.2772 0.1460657 0.7784027 -0.6105358 217.5228 -0.4627784 -0.4917001 -0.7376091 -161.5296 0 0 0 1
DataSet: 22
-1.7578125 2.8125 1.93359375 1.58203125 29.0377971274707 -2.373046875 -84.111328125 22.412109375
817.508 220.625 -157.887 861.350
-0.8774275 0.3839742 0.2875496 817.5082 0.1505183 0.7895202 -0.5949808 220.6247 -0.4554835 -0.478771 -0.7505419 -157.8868 0 0 0 1
DataSet: 23
-1.7578125 2.8125 1.93359375 1.58203125 28.0234130408218 -2.373046875 -83.84765625 21.62109375
817.722 222.910 -153.860 861.412
-0.8759478 0.3847406 0.2910157 817.722 0.1569134 0.797692 -0.5822935 222.91 -0.4561728 -0.4643944 -0.7591075 -153.8604 0 0 0 1
DataSet: 24
-1.7578125 2.8125 1.93359375 1.58203125 27.1178229898211 -1.58203125 -83.3203125 20.91796875
814.335 226.234 -150.758 858.517
-0.8779567 0.3726748 0.3005086 814.3351 0.1494505 0.8096918 -0.5675066 226.2342 -0.4548148 -0.4533351 -0.7665708 -150.7583 0 0 0 1
DataSet: 25
-1.7578125 2.8125 1.93359375 1.58203125 25.9895815918683 -1.93359375 -83.14453125 20.0390625
816.174 228.051 -145.909 859.905
-0.8747236 0.3792326 0.3017305 816.174 0.1625533 0.8161373 -0.5545235 228.0507 -0.4565469 -0.4360075 -0.7755401 -145.9087 0 0 0 1
DataSet: 26
-1.7578125 2.8125 1.93359375 1.58203125 25.0851188835038 -1.93359375 -82.79296875 19.3359375
816.373 229.917 -142.167 859.964
-0.8727136 0.3799457 0.306614 816.3727 0.1674163 0.8228157 -0.5430894 229.9165 -0.4586313 -0.4226294 -0.7816916 -142.1669 0 0 0 1
DataSet: 27
-1.7578125 2.8125 1.93359375 1.58203125 23.9540198391318 -2.109375 -82.6171875 18.45703125
817.420 231.868 -137.319 860.694
-0.8704987 0.3836798 0.3082562 817.4197 0.178464 0.8297623 -0.5288147 231.8676 -0.4586749 -0.4053199 -0.7907801 -137.3187 0 0 0 1
DataSet: 28
-1.7578125 2.8125 1.93359375 1.58203125 23.0487378934521 -2.373046875 -82.177734375 17.75390625
818.812 233.134 -133.344 861.734
-0.866314 0.3886486 0.3137711 818.8121 0.186325 0.8342696 -0.5189192 233.1343 -0.4634469 -0.3910836 -0.7951545 -133.3443 0 0 0 1
DataSet: 29
-1.7578125 2.8125 1.93359375 1.58203125 22.0293265856448 -2.63671875 -82.001953125 16.962890625
820.231 234.542 -128.844 862.780
-0.8635021 0.3937068 0.3152125 820.2307 0.1977703 0.8392643 -0.5064803 234.5422 -0.4639514 -0.3750072 -0.80257 -128.8436 0 0 0 1
DataSet: 30
-1.7578125 2.8125 1.93359375 1.58203125 21.1202024798012 -2.28515625 -82.353515625 16.259765625
818.860 236.806 -125.075 861.540
-0.8674542 0.3888155 0.3103961 818.8597 0.2044553 0.8473687 -0.4900656 236.8056 -0.453565 -0.3616473 -0.8145489 -125.0747 0 0 0 1
DataSet: 31
-1.7578125 2.8125 1.93359375 1.58203125 19.9864214991419 -2.8125 -82.001953125 15.380859375
821.493 237.764 -119.881 863.570
-0.8619691 0.3982056 0.313754 821.493 0.2191115 0.850729 -0.4777555 237.7635 -0.4571646 -0.3430634 -0.8205535 -119.8808 0 0 0 1
DataSet: 32
-1.7578125 2.8125 1.93359375 1.58203125 19.0758364219746 -2.4609375 -81.826171875 14.677734375
820.128 239.894 -116.026 862.335
-0.863037 0.3933422 0.3169369 820.128 0.2212515 0.858386 -0.4628403 239.8937 -0.4541088 -0.3293256 -0.8278465 -116.0265 0 0 0 1
DataSet: 33
-1.7578125 2.8125 1.93359375 1.58203125 18.0513908424529 -2.197265625 -81.826171875 13.88671875
819.185 241.972 -111.561 861.430
-0.8644668 0.3899827 0.3171918 819.1855 0.2270057 0.8658388 -0.4458604 241.9724 -0.4485148 -0.3134272 -0.8370172 -111.5608 0 0 0 1
DataSet: 34
-1.7578125 2.8125 1.93359375 1.58203125 17.0263903719526 -1.93359375 -81.73828125 13.095703125
818.244 243.969 -107.034 860.523
-0.8653879 0.386627 0.3187842 818.2438 0.231997 0.8730031 -0.4290023 243.9689 -0.4441635 -0.2972964 -0.8451827 -107.0339 0 0 0 1
DataSet: 35
-1.7578125 2.8125 1.93359375 1.58203125 15.9992938925991 -0.087890625 -81.5625 12.3046875
810.121 248.676 -102.884 853.651
-0.8751704 0.3576691 0.3258059 810.1205 0.213915 0.8900721 -0.4025072 248.6762 -0.4339552 -0.2825676 -0.8554756 -102.8844 0 0 0 1
DataSet: 36
-1.7578125 2.724609375 1.93359375 1.58203125 15.087963428704 -0.615234375 -80.68359375 11.6015625
812.899 248.968 -97.719 855.768
-0.8661757 0.367435 0.3387199 812.8995 0.223525 0.8910687 -0.3950104 248.9675 -0.4469633 -0.266436 -0.8539529 -97.71906 0 0 0 1
DataSet: 37
-1.7578125 2.724609375 1.93359375 1.58203125 14.0617261870384 -0.087890625 -79.8046875 10.810546875
810.745 251.158 -93.073 853.844
-0.8636869 0.3597603 0.3530121 810.7448 0.2195818 0.8989916 -0.3789432 251.1581 -0.4536836 -0.2497732 -0.8554441 -93.07335 0 0 0 1
DataSet: 38
-1.7578125 2.724609375 1.93359375 1.58203125 13.0351206356845 0.087890625 -79.1015625 10.01953125
810.193 252.651 -88.286 853.252
-0.8600619 0.3577965 0.3636965 810.1927 0.2221344 0.9043636 -0.3643938 252.6508 -0.4592927 -0.2326118 -0.8572876 -88.28553 0 0 0 1
DataSet: 39
-1.7578125 2.724609375 1.93359375 1.58203125 12.0080694772684 0.439453125 -78.837890625 9.228515625
808.840 254.357 -83.457 851.988
-0.8601125 0.3529732 0.3682613 808.8396 0.2251678 0.9105081 -0.3468061 254.3573 -0.4577182 -0.2153717 -0.8626176 -83.45713 0 0 0 1
DataSet: 40
-1.7578125 2.8125 1.93359375 1.58203125 11.0948221119549 0.791015625 -78.310546875 8.525390625
807.331 255.856 -79.958 850.670
-0.859091 0.3477478 0.3755449 807.3309 0.2256551 0.9159197 -0.3319199 255.8564 -0.4593934 -0.2004058 -0.8653295 -79.95835 0 0 0 1
DataSet: 41
-1.7578125 2.8125 1.93359375 1.58203125 10.0665730530234 -0.087890625 -77.958984375 7.734375
811.609 255.283 -74.948 854.106
-0.8516784 0.3630053 0.377983 811.6095 0.2459353 0.9137466 -0.323393 255.2829 -0.462774 -0.1824675 -0.867494 -74.94835 0 0 0 1
DataSet: 42
-1.7578125 2.8125 1.93359375 1.58203125 9.15244791134251 -0.087890625 -77.783203125 7.03125
811.845 256.031 -70.543 854.178
-0.8502862 0.3638439 0.3803037 811.8446 0.2536862 0.9164153 -0.3095583 256.0315 -0.461147 -0.1667354 -0.8715175 -70.54271 0 0 0 1
DataSet: 43
-1.7578125 2.724609375 1.93359375 1.58203125 8.0094034757078 0.263671875 -77.607421875 6.15234375
810.642 257.476 -64.176 852.967
-0.850109 0.3594048 0.3848932 810.642 0.2586263 0.921619 -0.2893628 257.4764 -0.4587233 -0.1464464 -0.8764282 -64.1762 0 0 0 1
DataSet: 44
-1.7578125 2.724609375 1.93359375 1.58203125 6.98030395259564 0.263671875 -76.81640625 5.361328125
810.902 258.121 -59.184 853.048
-0.8444533 0.3603331 0.3963063 810.902 0.2645465 0.9239261 -0.2763617 258.1208 -0.46574 -0.1285331 -0.8755373 -59.18388 0 0 0 1
DataSet: 45
-1.7578125 2.724609375 1.93359375 1.58203125 6.0653119158937 0.263671875 -76.376953125 4.658203125
811.134 258.614 -54.720 853.120
-0.8411499 0.3611611 0.4025288 811.1342 0.2712959 0.9256859 -0.2636363 258.6143 -0.4678304 -0.1125532 -0.8766222 -54.71976 0 0 0 1
DataSet: 46
-1.7578125 2.724609375 1.93359375 1.58203125 4.92159463548119 1.318359375 -76.201171875 3.779296875
806.604 260.921 -49.001 849.171
-0.8452996 0.3450072 0.4079688 806.6039 0.2665368 0.9340654 -0.2376551 260.9209 -0.4630623 -0.09215107 -0.8815222 -49.00105 0 0 0 1
DataSet: 47
-1.7578125 2.724609375 1.93359375 1.58203125 4.00648878298234 2.021484375 -76.376953125 3.076171875
803.608 262.395 -44.360 846.525
-0.8499631 0.3343229 0.4071744 803.608 0.2658678 0.9394189 -0.216348 262.3948 -0.4548374 -0.07563323 -0.8873571 -44.36006 0 0 0 1
DataSet: 48
-1.7578125 2.724609375 1.93359375 1.58203125 3.09097101398158 2.28515625 -76.2890625 2.373046875
802.630 263.062 -39.752 845.575
-0.8504376 0.3308342 0.4090287 802.6298 0.2703706 0.9418309 -0.1996353 263.0618 -0.4512821 -0.059188 -0.8904163 -39.75198 0 0 0 1
DataSet: 49
-1.7578125 2.724609375 1.93359375 1.58203125 1.94645770142595 2.900390625 -76.11328125 1.494140625
800.086 264.220 -33.907 843.267
-0.8519391 0.3217597 0.4131228 800.0856 0.2716203 0.9460456 -0.1766918 264.2198 -0.4476854 -0.0383181 -0.8933697 -33.90692 0 0 0 1
DataSet: 50
-1.7578125 2.724609375 1.93359375 1.58203125 1.03039386678374 2.373046875 -75.498046875 0.791015625
802.760 263.464 -29.449 845.401
-0.8445914 0.3312957 0.4206049 802.7595 0.2859248 0.9432628 -0.1688266 263.464 -0.4526725 -0.02232818 -0.8913972 -29.44914 0 0 0 1
DataSet: 51
-1.7578125 2.724609375 1.93359375 1.58203125 0 2.63671875 -75.498046875 0
801.811 263.859 -24.216 844.458
-0.8456178 0.3279127 0.4211934 801.811 0.2917872 0.944701 -0.1496675 263.8592 -0.4469796 -0.003662622 -0.8945366 -24.21575 0 0 0 1
DataSet: 52
-1.7578125 2.8125 1.93359375 1.58203125 -1.03051424706473 2.98828125 -75.322265625 -0.791015625
800.419 264.282 -19.764 843.152
-0.8464163 0.3230987 0.4233046 800.4186 0.2958747 0.9462516 -0.1306375 264.2822 -0.4427614 0.01467144 -0.8965194 -19.76367 0 0 0 1
DataSet: 53
-1.7578125 2.724609375 1.93359375 1.58203125 -2.06094924141448 2.900390625 -74.8828125 -1.58203125
801.130 263.926 -13.816 843.598
-0.8417423 0.3254822 0.4307334 801.1301 0.3057162 0.9449539 -0.1166185 263.9261 -0.4449804 0.03351945 -0.8949128 -13.8163 0 0 0 1
DataSet: 54
-1.7578125 2.724609375 1.93359375 1.58203125 -3.09121195338695 2.724609375 -74.70703125 -2.373046875
802.210 263.333 -8.717 844.370
-0.8392356 0.3293314 0.4326943 802.2095 0.3173821 0.9427963 -0.1019982 263.3329 -0.4415339 0.05172889 -0.8957522 -8.717451 0 0 0 1
DataSet: 55
-1.7578125 2.724609375 1.93359375 1.58203125 -4.12205413343362 3.427734375 -74.443359375 -3.1640625
799.227 263.978 -3.305 841.701
-0.8403352 0.3186937 0.4384872 799.2275 0.3164376 0.9451888 -0.0805317 263.9782 -0.4401182 0.07108019 -0.8951221 -3.305122 0 0 0 1
DataSet: 56
-1.7578125 2.724609375 1.93359375 1.58203125 -5.03769295227922 3.33984375 -74.443359375 -3.8671875
799.872 263.385 1.247 842.122
-0.8396248 0.3209927 0.4381711 799.872 0.3260144 0.9430481 -0.06614251 263.3855 -0.4344477 0.08731521 -0.8964548 1.246915 0 0 0 1
DataSet: 57
-1.7578125 2.724609375 1.93359375 1.58203125 -6.18252246528282 3.603515625 -74.091796875 -4.74609375
798.948 263.089 7.064 841.180
-0.8378108 0.3176954 0.4440075 798.9481 0.3322749 0.9420086 -0.04704484 263.0889 -0.4332048 0.1081179 -0.8947872 7.063589 0 0 0 1
DataSet: 58
-1.7578125 2.724609375 1.93359375 1.58203125 -7.09688661812829 2.98828125 -73.916015625 -5.44921875
802.029 261.534 11.328 843.670
-0.8331714 0.3286826 0.4447394 802.0289 0.3489731 0.9363521 -0.03824322 261.5338 -0.4290026 0.1233389 -0.8948432 11.32779 0 0 0 1
DataSet: 59
-1.7578125 2.724609375 1.93359375 1.58203125 -8.01222003023826 3.1640625 -73.740234375 -6.15234375
801.452 261.084 15.936 843.057
-0.8323465 0.3266256 0.447789 801.4525 0.3545564 0.934757 -0.02278268 261.0842 -0.4260153 0.1398034 -0.893849 15.936 0 0 0 1
DataSet: 60
-1.7578125 2.8125 1.93359375 1.58203125 -9.04172433120759 3.33984375 -73.740234375 -6.943359375
800.927 260.448 20.288 842.454
-0.8334618 0.3249026 0.4469673 800.9265 0.361151 0.932497 -0.004396569 260.4478 -0.4182241 0.1577583 -0.8945395 20.2883 0 0 0 1
DataSet: 61
-1.7578125 2.724609375 1.93359375 1.58203125 -9.95667145273363 3.515625 -73.4765625 -7.646484375
800.325 259.827 25.684 841.837
-0.8312884 0.3226005 0.4526462 800.3245 0.3666803 0.930289 0.01039527 259.8273 -0.4177382 0.1746179 -0.8916296 25.68417 0 0 0 1
DataSet: 62
-1.7578125 2.724609375 1.93359375 1.58203125 -11.0994243771414 3.515625 -72.7734375 -8.525390625
800.616 258.626 31.245 841.932
-0.8252574 0.3236333 0.4628302 800.6158 0.376819 0.9259651 0.02441375 258.6258 -0.4206635 0.1945508 -0.8861107 31.24506 0 0 0 1
DataSet: 63
-1.7578125 2.724609375 1.93359375 1.58203125 -12.0127202192766 3.33984375 -72.421875 -9.228515625
801.659 257.325 35.566 842.697
-0.8212222 0.3273502 0.4673712 801.6588 0.3873164 0.9212711 0.03529226 257.3247 -0.4190227 0.2100033 -0.8833565 35.56577 0 0 0 1
DataSet: 64
-1.7578125 2.724609375 1.93359375 1.58203125 -12.9263791698217 3.427734375 -71.3671875 -9.931640625
801.485 256.340 39.990 842.429
-0.8125504 0.3267179 0.4827185 801.4849 0.3948406 0.9177198 0.04348776 256.3395 -0.4287921 0.2259329 -0.8746952 39.9899 0 0 0 1
DataSet: 65
-1.7578125 2.724609375 1.93359375 1.58203125 -14.069492098524 3.955078125 -71.015625 -10.810546875
799.332 255.584 45.800 840.448
-0.8115948 0.3190338 0.4894193 799.332 0.3982176 0.9150653 0.06386049 255.5841 -0.427477 0.2467242 -0.8697072 45.80024 0 0 0 1
DataSet: 66
-1.7578125 2.724609375 1.93359375 1.58203125 -14.9803187572549 3.515625 -69.169921875 -11.513671875
801.597 253.699 49.781 842.259
-0.7930462 0.3270849 0.5139 801.5974 0.4140899 0.9081911 0.06097848 253.6986 -0.4467743 0.2611596 -0.8556801 49.78123 0 0 0 1
DataSet: 67
-1.7578125 2.724609375 1.93359375 1.58203125 -16.0077328468403 3.8671875 -68.90625 -12.3046875
800.226 252.665 54.872 840.959
-0.7918671 0.3221873 0.5187888 800.2257 0.4192171 0.9045167 0.07814442 252.665 -0.444076 0.2793651 -0.8513235 54.8722 0 0 0 1
DataSet: 68
-1.7578125 2.724609375 1.93359375 1.58203125 -17.0331280877217 3.8671875 -68.5546875 -13.095703125
800.477 251.051 59.672 841.041
-0.7882504 0.3230767 0.5237201 800.477 0.4289427 0.8987169 0.09119336 251.0509 -0.4412136 0.2965291 -0.8469953 59.67236 0 0 0 1
DataSet: 69
-1.7578125 2.724609375 1.93359375 1.58203125 -18.0550472996542 3.251953125 -67.939453125 -13.88671875
803.566 248.501 63.938 843.540
-0.7793403 0.3340815 0.5301114 803.5659 0.4467313 0.8894812 0.09619955 248.5013 -0.4393857 0.3117896 -0.8424532 63.93798 0 0 0 1
DataSet: 70
-1.7578125 2.724609375 1.845703125 1.58203125 -19.077767049837 2.98828125 -66.884765625 -14.677734375
805.027 245.977 68.384 844.541
-0.7677886 0.3392758 0.5435002 805.0272 0.4608787 0.8817367 0.100654 245.9774 -0.4450746 0.3277687 -0.8333524 68.38424 0 0 0 1
DataSet: 71
-1.7578125 2.724609375 1.845703125 1.58203125 -20.1011435980711 3.076171875 -64.951171875 -15.46875
804.878 244.266 73.027 844.291
-0.7489532 0.3386926 0.569523 804.8777 0.4725476 0.875527 0.1007536 244.2659 -0.4645082 0.3445865 -0.8157771 73.02744 0 0 0 1
DataSet: 72
-1.7578125 2.724609375 1.845703125 1.58203125 -21.008667596287 2.8125 -64.775390625 -16.171875
806.302 242.179 76.877 845.389
-0.7455922 0.3437657 0.5708919 806.3017 0.4842639 0.8680075 0.1097794 242.1793 -0.4578 0.358313 -0.8136529 76.87689 0 0 0 1
DataSet: 73
-1.7578125 2.724609375 1.845703125 1.58203125 -22.0293265856448 2.63671875 -63.544921875 -16.962890625
807.353 239.944 81.209 846.160
-0.7318908 0.3474777 0.5861699 807.353 0.4979896 0.8599151 0.112037 239.9435 -0.465126 0.3739053 -0.8024042 81.20931 0 0 0 1
DataSet: 74
-1.7578125 2.724609375 1.845703125 1.58203125 -23.0509890512023 2.900390625 -64.16015625 -17.75390625
806.371 238.224 85.953 845.206
-0.7388613 0.343993 0.5794418 806.3708 0.5029323 0.8538081 0.1344278 238.2242 -0.4484899 0.3907435 -0.8038509 85.95316 0 0 0 1
DataSet: 75
-1.7578125 2.724609375 1.845703125 1.58203125 -23.9601589174493 3.427734375 -63.45703125 -18.45703125
804.158 237.033 90.359 843.220
-0.7335997 0.3360784 0.5906631 804.158 0.5068518 0.8495588 0.1461205 237.0327 -0.452695 0.4065726 -0.793578 90.3593 0 0 0 1
DataSet: 76
-1.7578125 2.724609375 1.845703125 1.58203125 -24.9801051809954 3.603515625 -63.984375 -19.248046875
803.572 235.028 94.933 842.602
-0.7392911 0.3340024 0.5847145 803.5716 0.5124016 0.8424202 0.1666517 235.0282 -0.4369133 0.4228128 -0.7939371 94.93309 0 0 0 1
DataSet: 77
-1.7578125 2.724609375 1.845703125 1.58203125 -25.9985901266111 3.69140625 -62.490234375 -20.0390625
803.405 232.864 99.294 842.344
-0.7236734 0.3333581 0.6042923 803.4047 0.5246567 0.8345923 0.1679021 232.8643 -0.4483662 0.4385523 -0.7788708 99.29414 0 0 0 1
DataSet: 78
-1.7578125 2.8125 1.845703125 1.58203125 -27.0180421399304 4.04296875 -61.5234375 -20.830078125
802.161 230.952 103.061 841.084
-0.7150131 0.3290409 0.6168373 802.1607 0.5328041 0.8277185 0.1760735 230.9515 -0.4526322 0.4545483 -0.767144 103.061 0 0 0 1
DataSet: 79
-1.7578125 2.8125 1.845703125 1.58203125 -28.0353519788066 4.21875 -60.29296875 -21.62109375
801.587 228.746 107.410 840.478
-0.7017902 0.326948 0.6329262 801.5873 0.5438361 0.8197592 0.1795473 228.7461 -0.4601444 0.4702126 -0.7531051 107.4103 0 0 0 1
DataSet: 80
-1.7578125 2.724609375 1.845703125 1.58203125 -28.9382168200477 4.306640625 -59.4140625 -22.32421875
801.231 226.641 111.982 840.165
-0.6911864 0.3254835 0.6452301 801.2306 0.5537972 0.8121696 0.1835459 226.6413 -0.4642951 0.4841911 -0.7416124 111.9824 0 0 0 1
DataSet: 81
-1.7578125 2.724609375 1.845703125 1.58203125 -29.9553143181805 4.658203125 -59.58984375 -23.115234375
799.816 224.485 116.453 838.845
-0.6940287 0.3204421 0.6447023 799.8157 0.558713 0.8044858 0.2015996 224.4854 -0.4540529 0.5001194 -0.7373713 116.4527 0 0 0 1
DataSet: 82
-1.7578125 2.724609375 1.845703125 1.58203125 -31.0813530282426 4.74609375 -59.150390625 -23.994140625
799.646 221.668 121.014 838.580
-0.6888198 0.3198186 0.6505716 799.6465 0.5691877 0.7943682 0.2121427 221.6683 -0.4489462 0.5164255 -0.7292133 121.0139 0 0 0 1
DataSet: 83
-1.7578125 2.724609375 1.845703125 1.58203125 -32.0917606016702 4.658203125 -58.798828125 -24.78515625
800.263 218.882 124.872 839.001
-0.6839424 0.3220008 0.6546284 800.2628 0.5799538 0.7843485 0.2201158 218.8818 -0.4425794 0.5302007 -0.7231948 124.8724 0 0 0 1
DataSet: 84
-1.7578125 2.724609375 1.845703125 1.58203125 -32.9896159528898 4.658203125 -57.48046875 -25.48828125
800.459 216.465 128.293 839.077
-0.6682172 0.3226402 0.6703649 800.4589 0.5926021 0.7755988 0.2174152 216.465 -0.4497873 0.5425402 -0.7094657 128.2932 0 0 0 1
DataSet: 85
-1.7578125 2.724609375 1.845703125 1.58203125 -34.1134609006518 4.921875 -55.72265625 -26.3671875
799.483 213.671 132.784 838.129
-0.6476844 0.3190735 0.6918794 799.4834 0.6065425 0.7654913 0.2147775 213.6713 -0.4610978 0.5587623 -0.6893283 132.7843 0 0 0 1
DataSet: 86
-1.7578125 2.8125 1.845703125 1.58203125 -35.1079028836294 3.69140625 -55.634765625 -27.158203125
805.547 209.465 134.298 843.100
-0.642127 0.3408542 0.6866523 805.5468 0.6258992 0.7502913 0.2128686 209.4645 -0.4426321 0.5664638 -0.6951227 134.2977 0 0 0 1
DataSet: 87
-1.7578125 2.8125 1.845703125 1.58203125 -36.1178392673281 4.130859375 -56.07421875 -27.94921875
803.715 207.055 138.506 841.436
-0.6484847 0.334341 0.683874 803.7153 0.6287218 0.7417261 0.2335621 207.0552 -0.4291578 0.5814279 -0.6912056 138.5056 0 0 0 1
DataSet: 88
-1.7578125 2.724609375 1.845703125 1.58203125 -37.0096890209956 4.04296875 -56.6015625 -28.65234375
804.080 204.335 142.445 841.777
-0.6532775 0.335512 0.6787196 804.0804 0.6342941 0.7320096 0.2486624 204.3354 -0.4134 0.5929533 -0.6910186 142.4451 0 0 0 1
DataSet: 89
-1.7578125 2.724609375 1.845703125 1.58203125 -38.0165356642228 4.39453125 -56.865234375 -29.443359375
802.641 201.717 146.421 840.453
-0.6571813 0.3303871 0.6774637 802.6407 0.6378264 0.7226794 0.2662927 201.7167 -0.4016094 0.6071069 -0.6856611 146.4214 0 0 0 1
DataSet: 90
-1.7578125 2.724609375 1.845703125 1.58203125 -38.9018992850956 3.955078125 -56.77734375 -30.146484375
804.826 198.566 148.969 842.238
-0.6539288 0.338176 0.6767674 804.8258 0.6484474 0.7113481 0.2711088 198.5664 -0.3897347 0.6161339 -0.6844603 148.9688 0 0 0 1
DataSet: 91
-1.7578125 2.724609375 1.845703125 1.58203125 -39.9009461783798 3.8671875 -56.6015625 -30.9375
805.409 195.415 152.256 842.646
-0.6509246 0.3402446 0.6786242 805.4086 0.657186 0.700038 0.2793805 195.4146 -0.380005 0.627838 -0.6792759 152.2562 0 0 0 1
DataSet: 92
-1.7578125 2.8125 1.845703125 1.58203125 -40.8983670718863 3.779296875 -55.107421875 -31.728515625
806.228 192.254 154.604 843.130
-0.6326537 0.3432477 0.694212 806.2283 0.6721649 0.6885929 0.2720922 192.2537 -0.3846344 0.6387651 -0.66636 154.604 0 0 0 1
DataSet: 93
-1.7578125 2.8125 1.845703125 1.58203125 -41.8990858307391 4.130859375 -55.458984375 -32.51953125
804.782 189.458 158.333 841.806
-0.6376439 0.3381044 0.6921673 804.7819 0.6747519 0.6786376 0.2901048 189.458 -0.3716451 0.6520249 -0.6608657 158.3328 0 0 0 1
DataSet: 94
-1.7578125 2.724609375 1.845703125 1.58203125 -43.0046595800708 4.130859375 -55.458984375 -33.3984375
804.738 185.918 162.699 841.807
-0.6364322 0.3377885 0.6934357 804.7376 0.6822352 0.6659606 0.3017476 185.918 -0.359874 0.6651281 -0.65429 162.6986 0 0 0 1
DataSet: 95
-1.7578125 2.8125 1.845703125 1.58203125 -43.8898231871371 4.306640625 -55.546875 -34.1015625
804.309 183.219 164.885 841.230
-0.6381541 0.3364173 0.6925191 804.3088 0.6862487 0.6563171 0.3135451 183.2186 -0.3490301 0.6753305 -0.6496974 164.8847 0 0 0 1
DataSet: 96
-1.7578125 2.8125 1.845703125 1.58203125 -45.2204668926675 4.921875 -55.810546875 -35.15625
801.686 179.413 169.767 838.874
-0.6428377 0.3270701 0.692665 801.6857 0.6886424 0.6427647 0.3355969 179.4127 -0.3354569 0.6927328 -0.6384277 169.7671 0 0 0 1
DataSet: 97
-1.7578125 2.8125 1.845703125 1.58203125 -45.9901921247161 4.921875 -56.25 -35.771484375
801.803 176.829 172.095 838.912
-0.6476582 0.3275088 0.6879512 801.8029 0.6906992 0.633553 0.3486334 176.8287 -0.321673 0.7009626 -0.6365358 172.095 0 0 0 1
DataSet: 98
-1.7578125 2.8125 1.845703125 1.58203125 -46.9824830322564 5.185546875 -56.337890625 -36.5625
800.739 173.710 175.363 837.920
-0.6490887 0.3237154 0.6883982 800.7389 0.6940697 0.6224198 0.3617469 173.7102 -0.3113697 0.7126022 -0.6286868 175.3628 0 0 0 1
DataSet: 99
-1.7578125 2.8125 1.845703125 1.58203125 -47.8702730686393 5.80078125 -57.568359375 -37.265625
798.008 171.168 178.746 835.504
-0.6654923 0.3140316 0.6771293 798.0084 0.6865501 0.6134863 0.3902352 171.1683 -0.2928633 0.7245818 -0.6238688 178.746 0 0 0 1
DataSet: 100
-1.7578125 2.8125 1.845703125 1.58203125 -48.9731268821398 6.240234375 -56.865234375 -38.14453125
796.143 167.722 182.400 833.813
-0.6580439 0.3073381 0.687402 796.1425 0.6942423 0.6011205 0.3958305 167.7218 -0.2915576 0.7376974 -0.6089308 182.4005 0 0 0 1
DataSet: 101
-1.7578125 2.8125 1.845703125 1.58203125 -49.8544074918576 6.591796875 -56.42578125 -38.84765625
794.642 164.916 185.267 832.452
-0.6534439 0.3019603 0.6941406 794.642 0.6996141 0.5910647 0.4014755 164.9162 -0.2890522 0.7479722 -0.5974833 185.2668 0 0 0 1
DataSet: 102
-1.7578125 2.724609375 1.845703125 1.58203125 -49.4157989007954 6.50390625 -57.392578125 -38.49609375
794.708 166.365 184.781 832.695
-0.6645967 0.3020879 0.6834136 794.7076 0.6910597 0.5963367 0.4084349 166.3651 -0.2841613 0.7437241 -0.6050841 184.7814 0 0 0 1
DataSet: 103
-1.7578125 2.724609375 1.845703125 1.58203125 -48.5451907195368 6.6796875 -57.83203125 -37.79296875
793.756 169.532 182.565 831.937
-0.6709557 0.2987136 0.6786668 793.7557 0.6820413 0.6077262 0.4068027 169.5319 -0.2909262 0.7358254 -0.6114924 182.5654 0 0 0 1
DataSet: 104
-1.7578125 2.724609375 1.845703125 1.58203125 -47.446090826195 6.50390625 -57.392578125 -36.9140625
794.418 173.208 179.188 832.592
-0.6657578 0.3010573 0.6827379 794.4178 0.6802813 0.6208261 0.3896054 173.2077 -0.3065679 0.7238367 -0.6181235 179.1875 0 0 0 1
DataSet: 105
-1.7578125 2.724609375 1.845703125 1.58203125 -46.5719126916756 6.6796875 -57.12890625 -36.2109375
793.468 176.349 176.821 831.839
-0.6637362 0.2976588 0.6861876 793.4684 0.6756877 0.6320614 0.3794003 176.3493 -0.3207808 0.7154703 -0.6206464 176.8212 0 0 0 1
DataSet: 106
-1.7578125 2.724609375 1.845703125 1.58203125 -45.4617910177956 6.15234375 -56.513671875 -35.33203125
795.762 179.683 172.847 833.906
-0.6551462 0.305814 0.690841 795.7618 0.6768166 0.6438974 0.3568129 179.6832 -0.3357123 0.7013373 -0.6288269 172.8468 0 0 0 1
DataSet: 107
-1.7578125 2.724609375 1.845703125 1.58203125 -44.4537176381504 5.185546875 -56.07421875 -34.541015625
800.096 182.192 168.574 837.714
-0.6469567 0.321257 0.6915497 800.0957 0.6803386 0.6527607 0.3332307 182.1922 -0.3443638 0.6860738 -0.6408715 168.5735 0 0 0 1
DataSet: 108
-1.7578125 2.724609375 1.845703125 1.58203125 -43.452009581029 4.5703125 -56.6015625 -33.75
802.770 184.878 164.701 840.087
-0.6515668 0.3308254 0.6826531 802.7699 0.6755787 0.662371 0.3238181 184.8783 -0.3450423 0.672175 -0.6550775 164.7007 0 0 0 1
DataSet: 109
-1.7578125 2.724609375 1.845703125 1.58203125 -42.453208621318 4.21875 -56.77734375 -32.958984375
804.224 187.749 161.092 841.413
-0.6528873 0.3360214 0.678843 804.2236 0.6708617 0.6726337 0.3122633 187.7491 -0.3516856 0.6592826 -0.6645779 161.0919 0 0 0 1
DataSet: 110
-1.7578125 2.724609375 1.845703125 1.58203125 -41.5691322980289 4.306640625 -56.162109375 -32.255859375
803.679 190.669 158.321 841.023
-0.6464199 0.3340498 0.685968 803.6788 0.667523 0.6830474 0.2964108 190.6692 -0.3695327 0.6495053 -0.6645213 158.3209 0 0 0 1
DataSet: 111
-1.7578125 2.724609375 1.845703125 1.58203125 -40.5696597734054 4.130859375 -57.3046875 -31.46484375
804.302 193.604 154.843 841.642
-0.6598608 0.3363304 0.671912 804.3022 0.656163 0.6936336 0.2971911 193.6041 -0.3661063 0.6369885 -0.6783891 154.8427 0 0 0 1
DataSet: 112
-1.7578125 2.724609375 1.845703125 1.58203125 -39.459587029325 4.130859375 -56.6015625 -30.5859375
804.118 197.056 151.083 841.583
-0.6522113 0.3356414 0.6796802 804.1179 0.6518875 0.7059397 0.2769329 197.0558 -0.3868631 0.6236938 -0.6792223 151.0831 0 0 0 1
DataSet: 113
-1.7578125 2.724609375 1.845703125 1.58203125 -38.4578890228509 4.04296875 -56.337890625 -29.794921875
804.348 200.017 147.527 841.871
-0.6493165 0.3364506 0.6820477 804.3478 0.6464908 0.7165194 0.2620107 200.0171 -0.4005467 0.6110654 -0.6827601 147.5274 0 0 0 1
DataSet: 114
-1.7578125 2.724609375 1.845703125 1.58203125 -37.5643773535114 3.779296875 -55.986328125 -29.091796875
805.404 202.411 144.079 842.855
-0.6446162 0.3402017 0.6846405 805.4039 0.6434416 0.7250444 0.2455472 202.4105 -0.4128592 0.59881 -0.6862754 144.0788 0 0 0 1
DataSet: 115
-1.7578125 2.724609375 1.845703125 1.58203125 -36.5568736745894 3.33984375 -55.546875 -28.30078125
807.242 204.883 139.964 844.516
-0.638219 0.3467392 0.6873488 807.2422 0.640992 0.7338323 0.2249874 204.8828 -0.4263868 0.5841764 -0.6906028 139.9636 0 0 0 1
DataSet: 116
-1.7578125 2.724609375 1.845703125 1.58203125 -35.5498838126606 3.076171875 -55.283203125 -27.509765625
808.266 207.483 136.008 845.483
-0.634594 0.3503788 0.6888578 808.2659 0.6360356 0.7431094 0.2079596 207.4829 -0.4390321 0.570108 -0.6944262 136.0078 0 0 0 1
DataSet: 117
-1.7578125 2.724609375 1.845703125 1.58203125 -34.5375947211999 2.109375 -54.931640625 -26.71875
812.492 209.150 131.132 849.166
-0.6270713 0.3654365 0.6879228 812.4922 0.6369095 0.7489771 0.1827009 209.1505 -0.4484727 0.5527111 -0.702412 131.1323 0 0 0 1
DataSet: 118
-1.7578125 2.724609375 1.845703125 1.58203125 -33.6395197158083 1.494140625 -54.931640625 -26.015625
815.114 210.825 127.060 851.471
-0.6250446 0.3747889 0.684728 815.1144 0.6344663 0.7549255 0.165952 210.8251 -0.4547216 0.5381643 -0.7096531 127.0596 0 0 0 1
DataSet: 119
-1.7578125 2.724609375 1.845703125 1.58203125 -32.5184604258889 1.40625 -54.66796875 -25.13671875
815.298 213.735 122.732 851.738
-0.6221648 0.375433 0.6869942 815.2982 0.6261849 0.7653341 0.1488492 213.7347 -0.4698972 0.5227942 -0.7112544 122.7323 0 0 0 1
DataSet: 120
-1.7578125 2.724609375 1.845703125 1.58203125 -31.395139839289 1.0546875 -54.84375 -24.2578125
816.665 216.201 118.028 853.003
-0.6234272 0.3803167 0.6831528 816.6647 0.6187225 0.7741578 0.1336499 216.201 -0.4780388 0.506003 -0.7179415 118.0276 0 0 0 1
DataSet: 121
-1.7578125 2.724609375 1.845703125 1.58203125 -30.4949598280036 0 -54.31640625 -23.5546875
821.244 216.991 113.269 856.946
-0.6131064 0.3966186 0.6832234 821.2438 0.6206751 0.7768703 0.1059956 216.9912 -0.4887362 0.4890463 -0.7224753 113.2691 0 0 0 1
DataSet: 122
-1.7578125 2.724609375 1.845703125 1.58203125 -29.4824765067431 -0.087890625 -55.37109375 -22.763671875
821.419 219.367 109.246 857.196
-0.6257583 0.3972958 0.6712544 821.4185 0.6101513 0.7854403 0.1039176 219.367 -0.4859443 0.4745941 -0.7339064 109.2461 0 0 0 1
DataSet: 123
-1.7578125 2.724609375 1.845703125 1.58203125 -28.581857753934 -0.615234375 -55.634765625 -22.060546875
823.593 220.742 105.072 859.111
-0.6269483 0.4050603 0.6654788 823.5925 0.6060398 0.7903387 0.08989134 220.7418 -0.4895422 0.4596639 -0.7409842 105.0716 0 0 0 1
DataSet: 124
-1.7578125 2.724609375 1.845703125 1.58203125 -27.5682428242444 -1.23046875 -55.283203125 -21.26953125
826.132 222.161 100.288 861.341
-0.6205851 0.4140984 0.6658803 826.1323 0.6024432 0.7953578 0.06684524 222.1605 -0.5019326 0.4426382 -0.743058 100.2878 0 0 0 1
DataSet: 125
-1.7578125 2.724609375 1.845703125 1.58203125 -26.5530536954552 -1.494140625 -55.634765625 -20.478515625
827.088 224.046 95.895 862.245
-0.623982 0.417523 0.6605461 827.0878 0.5946527 0.8021178 0.05472737 224.0462 -0.5069858 0.4269444 -0.7487882 95.89548 0 0 0 1
DataSet: 126
-1.7578125 2.724609375 1.845703125 1.58203125 -25.4243873655304 -1.93359375 -55.546875 -19.599609375
828.800 225.805 90.779 863.793
-0.6215 0.4236228 0.6590004 828.7999 0.5876327 0.8083904 0.03453879 225.8052 -0.5180982 0.408716 -0.7513492 90.7786 0 0 0 1
DataSet: 127
-1.7578125 2.724609375 1.845703125 1.58203125 -24.5164498486291 -0.52734375 -56.689453125 -18.896484375
822.324 230.078 88.593 858.488
-0.6417201 0.4005941 0.6540029 822.3243 0.5645862 0.8238991 0.04932267 230.0776 -0.519074 0.4008923 -0.7548825 88.59285 0 0 0 1
DataSet: 128
-1.7578125 2.724609375 1.845703125 1.58203125 -23.4973844447503 0.263671875 -56.953125 -18.10546875
818.542 233.478 85.101 855.433
-0.6488829 0.3871241 0.6550466 818.5424 0.5464129 0.8361909 0.04709337 233.478 -0.529513 0.388484 -0.7541195 85.10115 0 0 0 1
DataSet: 129
-1.7578125 2.724609375 1.845703125 1.58203125 -22.4775532981102 0.263671875 -57.3046875 -17.314453125
818.311 235.548 80.729 855.355
-0.653411 0.3863149 0.6510106 818.3107 0.5356333 0.8436404 0.03698523 235.548 -0.5349309 0.3728695 -0.758167 80.72853 0 0 0 1
DataSet: 130
-1.7578125 2.724609375 1.845703125 1.58203125 -21.456818291228 -0.263671875 -57.392578125 -16.5234375
820.454 236.692 75.788 857.270
-0.6525086 0.3939603 0.6473235 820.4537 0.5301452 0.8477055 0.01847909 236.6915 -0.5414597 0.3552332 -0.7619913 75.78809 0 0 0 1
DataSet: 131
-1.7578125 2.724609375 1.845703125 1.58203125 -20.548772657472 -0.263671875 -57.48046875 -15.8203125
820.246 238.398 71.812 857.202
-0.6539542 0.3932261 0.6463104 820.2465 0.5204811 0.8538433 0.007144133 238.3985 -0.5490385 0.3410643 -0.7630411 71.81205 0 0 0 1
DataSet: 132
-1.7578125 2.724609375 1.845703125 1.58203125 -19.526527173706 -0.439453125 -57.568359375 -15.029296875
820.801 239.952 67.131 857.786
-0.6546311 0.3952072 0.644414 820.8008 0.5112202 0.8594149 -0.007737818 239.9515 -0.5568771 0.3243721 -0.7646376 67.13055 0 0 0 1
DataSet: 133
-1.7578125 2.724609375 1.845703125 1.58203125 -18.5035279065819 -0.615234375 -57.568359375 -14.23828125
821.353 241.419 62.406 858.370
-0.6543059 0.3971773 0.6435325 821.3531 0.5017735 0.86468 -0.0234921 241.4194 -0.5657802 0.3075365 -0.7650582 62.40559 0 0 0 1
DataSet: 134
-1.7578125 2.724609375 1.845703125 1.58203125 -17.594771820954 -1.58203125 -58.095703125 -13.53515625
825.458 241.221 57.498 861.902
-0.6559848 0.4118343 0.632516 825.4582 0.5019072 0.863903 -0.0419616 241.2209 -0.5637137 0.2899382 -0.7734098 57.49839 0 0 0 1
DataSet: 135
-1.7578125 2.724609375 1.845703125 1.58203125 -16.4570317224823 -1.93359375 -58.974609375 -12.65625
826.747 242.349 52.100 863.109
-0.6643936 0.4164646 0.6205952 826.7469 0.4937079 0.8679552 -0.05390983 242.3485 -0.5611004 0.2705754 -0.7822757 52.09959 0 0 0 1
DataSet: 136
-1.7578125 2.724609375 1.845703125 1.58203125 -15.4316760181713 -1.93359375 -58.974609375 -11.865234375
826.505 243.851 47.439 863.033
-0.6648756 0.4156045 0.6206555 826.5054 0.4822668 0.8733658 -0.06819787 243.8514 -0.5704026 0.2539784 -0.7811119 47.43888 0 0 0 1
DataSet: 137
-1.7578125 2.724609375 1.845703125 1.58203125 -14.5209136019674 -2.4609375 -59.23828125 -11.162109375
828.628 244.128 42.863 864.904
-0.6654598 0.423179 0.6148844 828.6275 0.4779148 0.8743312 -0.08451261 244.1284 -0.5733766 0.2376227 -0.7840757 42.86307 0 0 0 1
DataSet: 138
-1.7578125 2.724609375 1.845703125 1.58203125 -13.4945463962136 -2.548828125 -59.58984375 -10.37109375
828.769 245.295 38.092 865.146
-0.6692348 0.4236962 0.6104149 828.7687 0.4677213 0.878536 -0.09701109 245.2951 -0.5773748 0.2205809 -0.7861186 38.09238 0 0 0 1
DataSet: 139
-1.7578125 2.724609375 1.845703125 1.58203125 -12.4659108621566 -1.7578125 -59.501953125 -9.580078125
825.007 248.034 33.891 862.152
-0.6727808 0.410286 0.6156553 825.0069 0.4471298 0.888464 -0.1034734 248.0337 -0.5894412 0.2056629 -0.7811926 33.89149 0 0 0 1
DataSet: 140
-1.7578125 2.724609375 1.845703125 1.58203125 -11.5522385118443 -1.494140625 -60.205078125 -8.876953125
823.600 249.559 29.815 861.096
-0.6820062 0.4052995 0.6087692 823.6003 0.4348556 0.8939973 -0.1080252 249.5594 -0.5880206 0.1910528 -0.7859584 29.81477 0 0 0 1
DataSet: 141
-1.7578125 2.724609375 1.845703125 1.58203125 -10.5238016315056 -0.87890625 -60.46875 -8.0859375
820.589 251.768 25.355 858.718
-0.688282 0.3945741 0.6087521 820.5887 0.4164214 0.9020171 -0.1138348 251.7685 -0.5940211 0.175147 -0.7851512 25.35457 0 0 0 1
DataSet: 142
-1.7578125 2.724609375 1.845703125 1.58203125 -9.49531932676688 -0.3515625 -61.259765625 -7.294921875
817.952 253.709 20.787 856.648
-0.699618 0.3852038 0.6017912 817.9521 0.3998754 0.9090697 -0.1170124 253.7085 -0.5921438 0.1587775 -0.7900351 20.78706 0 0 0 1
DataSet: 143
-1.7578125 2.724609375 1.845703125 1.58203125 -8.58096785456445 0 -61.171875 -6.591796875
816.137 255.140 16.576 855.249
-0.7007317 0.3787281 0.6045992 816.1367 0.3847601 0.9142694 -0.1267716 255.1402 -0.6007785 0.1437927 -0.786377 16.57598 0 0 0 1
DataSet: 144
-1.7578125 2.724609375 1.845703125 1.58203125 -7.43770238858924 0.087890625 -61.083984375 -5.712890625
815.452 256.207 11.076 854.826
-0.7006412 0.3762861 0.6062267 815.4525 0.369702 0.9181406 -0.1426118 256.2066 -0.6102642 0.1242036 -0.7824008 11.07556 0 0 0 1
DataSet: 145
-1.7578125 2.724609375 1.845703125 1.58203125 -6.5228195923795 0.087890625 -61.435546875 -5.009765625
815.218 256.851 6.633 854.750
-0.7046744 0.3754631 0.6020477 815.2181 0.3594251 0.9204857 -0.1533611 256.8513 -0.6117578 0.1083214 -0.7835936 6.633488 0 0 0 1
DataSet: 146
-1.7578125 2.724609375 1.845703125 1.58203125 -5.49345019696422 -0.791015625 -62.490234375 -4.21875
818.918 255.914 1.252 857.975
-0.7116883 0.3886906 0.585166 818.9182 0.3601612 0.9170623 -0.1711156 255.9136 -0.6031448 0.08897308 -0.7926539 1.251544 0 0 0 1
DataSet: 147
-1.7578125 2.724609375 1.845703125 1.58203125 -4.46364919047581 -0.439453125 -63.017578125 -3.427734375
817.068 257.085 -3.600 856.566
-0.7191554 0.3821096 0.5803514 817.0675 0.3451319 0.9213382 -0.178941 257.0852 -0.603075 0.07161141 -0.7944636 -3.600241 0 0 0 1
DataSet: 148
-1.7578125 2.724609375 1.845703125 1.58203125 -3.5483085637556 -1.0546875 -65.21484375 -2.724609375
819.592 256.358 -8.231 858.788
