DataSet: 1
7.822265625 5.625 -23.5546875 1.58203125 0.945799210974885 28.828125 -76.025390625
631.226 168.354 -158.471 672.237
-0.9687403 -0.1191117 0.2176111 631.2261 -0.109347 0.9924011 0.05642064 168.3544 -0.2226778 0.03086183 -0.9744035 -158.4708 0 0 0 1
DataSet: 2
7.734375 5.361328125 -23.115234375 1.58203125 0.945799210974885 28.828125 -76.025390625
632.688 170.095 -156.337 673.549
-0.9675002 -0.1192797 0.2229702 632.6883 -0.109347 0.9924011 0.05642064 170.0945 -0.2280058 0.03020585 -0.9731911 -156.3373 0 0 0 1
DataSet: 3
7.734375 4.39453125 -22.060546875 1.58203125 1.7745084343375 29.091796875 -76.025390625
633.990 174.070 -154.436 675.348
-0.9626768 -0.128217 0.2383567 633.9905 -0.1209603 0.9916418 0.04488951 174.0702 -0.24212 0.01438241 -0.9701397 -154.4359 0 0 0 1
DataSet: 4
7.734375 4.306640625 -20.7421875 1.58203125 1.7745084343375 29.091796875 -76.025390625
636.337 179.368 -154.481 678.942
-0.962316 -0.1282382 0.2397974 636.3373 -0.1209603 0.9916418 0.04488951 179.3684 -0.2435497 0.01419194 -0.9697846 -154.4806 0 0 0 1
DataSet: 5
7.734375 4.306640625 -20.0390625 1.58203125 1.7745084343375 29.091796875 -76.025390625
637.452 182.215 -154.797 680.815
-0.962316 -0.1282382 0.2397974 637.4517 -0.1209603 0.9916418 0.04488951 182.2146 -0.2435497 0.01419194 -0.9697846 -154.7966 0 0 0 1
DataSet: 6
7.734375 3.69140625 -19.248046875 1.58203125 1.7745084343375 29.091796875 -76.025390625
639.836 185.433 -151.076 683.081
-0.9597317 -0.1283788 0.2498678 639.8362 -0.1209603 0.9916418 0.04488951 185.433 -0.2535422 0.01285782 -0.9672388 -151.0763 0 0 0 1
DataSet: 7
7.734375 3.427734375 -18.193359375 1.58203125 1.7745084343375 29.091796875 -76.025390625
641.885 189.750 -149.748 685.890
-0.9585924 -0.1284349 0.2541755 641.8845 -0.1209603 0.9916418 0.04488951 189.7503 -0.2578164 0.01228561 -0.9661158 -149.748 0 0 0 1
DataSet: 8
7.734375 3.515625 -17.2265625 1.58203125 1.7745084343375 29.091796875 -76.025390625
643.085 193.733 -150.699 688.332
-0.9589742 -0.1284165 0.2527402 643.0847 -0.1209603 0.9916418 0.04488951 193.7328 -0.2563923 0.01247638 -0.9664923 -150.6993 0 0 0 1
DataSet: 9
7.734375 3.427734375 -15.99609375 1.58203125 1.7745084343375 29.091796875 -76.025390625
644.891 198.834 -150.552 691.437
-0.9585924 -0.1284349 0.2541755 644.8906 -0.1209603 0.9916418 0.04488951 198.8344 -0.2578164 0.01228561 -0.9661158 -150.5524 0 0 0 1
DataSet: 10
7.734375 3.427734375 -14.94140625 1.58203125 1.7745084343375 29.091796875 -76.025390625
646.216 203.235 -150.907 694.026
-0.9585924 -0.1284349 0.2541755 646.2156 -0.1209603 0.9916418 0.04488951 203.2349 -0.2578164 0.01228561 -0.9661158 -150.9069 0 0 0 1
DataSet: 11
7.646484375 3.427734375 -13.974609375 1.58203125 1.7745084343375 29.091796875 -76.025390625
647.521 207.290 -150.536 696.357
-0.9583219 -0.1284477 0.2551871 647.5206 -0.1209603 0.9916418 0.04488951 207.2898 -0.2588201 0.01215111 -0.9658491 -150.5358 0 0 0 1
DataSet: 12
7.734375 3.515625 -13.271484375 1.58203125 1.7745084343375 29.091796875 -76.025390625
647.991 210.251 -152.020 698.003
-0.9589742 -0.1284165 0.2527402 647.9908 -0.1209603 0.9916418 0.04488951 210.251 -0.2563923 0.01247638 -0.9664923 -152.0199 0 0 0 1
DataSet: 13
7.734375 3.427734375 -12.041015625 1.58203125 1.7745084343375 29.091796875 -76.025390625
649.461 215.456 -151.775 700.897
-0.9585924 -0.1284349 0.2541755 649.4612 -0.1209603 0.9916418 0.04488951 215.456 -0.2578164 0.01228561 -0.9661158 -151.7754 0 0 0 1
DataSet: 14
7.646484375 3.427734375 -11.07421875 1.58203125 1.7745084343375 29.091796875 -76.025390625
650.571 219.565 -151.349 703.106
-0.9583219 -0.1284477 0.2551871 650.571 -0.1209603 0.9916418 0.04488951 219.5649 -0.2588201 0.01215111 -0.9658491 -151.3486 0 0 0 1
DataSet: 15
7.646484375 3.427734375 -10.01953125 1.58203125 1.7745084343375 29.091796875 -76.025390625
651.534 224.065 -151.605 705.468
-0.9583219 -0.1284477 0.2551871 651.5335 -0.1209603 0.9916418 0.04488951 224.0653 -0.2588201 0.01215111 -0.9658491 -151.6051 0 0 0 1
DataSet: 16
7.734375 3.251953125 -8.96484375 1.58203125 1.7745084343375 29.091796875 -76.025390625
652.589 228.583 -151.323 707.828
-0.9578222 -0.1284708 0.2570445 652.5887 -0.1209603 0.9916418 0.04488951 228.583 -0.2606631 0.01190401 -0.9653565 -151.3233 0 0 0 1
DataSet: 17
7.646484375 3.1640625 -8.0859375 1.58203125 1.7745084343375 29.091796875 -76.025390625
653.587 232.360 -150.216 709.741
-0.957159 -0.1285005 0.2594885 653.5873 -0.1209603 0.9916418 0.04488951 232.3598 -0.263088 0.01157861 -0.9647024 -150.2162 0 0 0 1
DataSet: 18
7.646484375 2.98828125 -7.03125 1.58203125 1.7745084343375 29.091796875 -76.025390625
654.652 236.905 -149.203 712.008
-0.9563732 -0.1285344 0.2623533 654.6522 -0.1209603 0.9916418 0.04488951 236.9053 -0.2659303 0.01119681 -0.9639272 -149.2033 0 0 0 1
DataSet: 19
7.646484375 2.98828125 -6.064453125 1.58203125 1.7745084343375 29.091796875 -76.025390625
655.261 241.083 -149.361 714.000
-0.9563732 -0.1285344 0.2623533 655.2606 -0.1209603 0.9916418 0.04488951 241.0835 -0.2659303 0.01119681 -0.9639272 -149.3606 0 0 0 1
DataSet: 20
7.646484375 2.98828125 -5.009765625 1.58203125 1.7745084343375 29.091796875 -76.025390625
655.848 245.653 -149.512 716.125
-0.9563732 -0.1285344 0.2623533 655.8479 -0.1209603 0.9916418 0.04488951 245.6527 -0.2659303 0.01119681 -0.9639272 -149.5124 0 0 0 1
DataSet: 21
7.646484375 2.98828125 -3.8671875 1.58203125 1.7745084343375 29.091796875 -76.025390625
656.394 250.614 -149.654 718.371
-0.9563732 -0.1285344 0.2623533 656.3938 -0.1209603 0.9916418 0.04488951 250.6142 -0.2659303 0.01119681 -0.9639272 -149.6536 0 0 0 1
DataSet: 22
7.734375 2.724609375 -3.076171875 1.58203125 1.89280378904683 29.091796875 -76.025390625
656.901 254.042 -149.209 719.944
-0.9553977 -0.1290891 0.2656148 656.9005 -0.1220459 0.9915957 0.0429259 254.0419 -0.2689238 0.008594098 -0.9631231 -149.2089 0 0 0 1
DataSet: 23
7.734375 2.724609375 -2.021484375 1.58203125 1.7745084343375 29.091796875 -76.025390625
657.405 258.649 -148.696 721.936
-0.9554611 -0.1285718 0.2656377 657.4053 -0.1209603 0.9916418 0.04488951 258.6494 -0.269189 0.01075858 -0.9630273 -148.6963 0 0 0 1
DataSet: 24
7.646484375 2.724609375 -0.791015625 1.58203125 1.7745084343375 29.091796875 -76.025390625
657.879 264.017 -148.089 724.183
-0.9551787 -0.128583 0.2666461 657.8795 -0.1209603 0.9916418 0.04488951 264.0168 -0.2701894 0.01062393 -0.9627486 -148.0887 0 0 0 1
DataSet: 25
7.734375 2.373046875 0 1.58203125 1.7745084343375 29.091796875 -76.025390625
658.507 267.470 -146.380 725.671
-0.9538448 -0.1286334 0.2713549 658.507 -0.1209603 0.9916418 0.04488951 267.4705 -0.2748612 0.009994478 -0.961432 -146.3799 0 0 0 1
DataSet: 26
7.734375 2.28515625 1.23046875 1.58203125 1.7745084343375 29.091796875 -76.025390625
658.802 272.846 -145.805 727.822
-0.9534355 -0.1286481 0.2727827 658.8023 -0.1209603 0.9916418 0.04488951 272.8461 -0.2762777 0.009803397 -0.9610279 -145.8047 0 0 0 1
DataSet: 27
7.646484375 2.28515625 2.021484375 1.58203125 1.7745084343375 29.091796875 -76.025390625
658.986 276.303 -145.122 729.154
-0.9531457 -0.1286583 0.2737889 658.9857 -0.1209603 0.9916418 0.04488951 276.303 -0.2772759 0.009668672 -0.9607417 -145.1224 0 0 0 1
DataSet: 28
7.734375 2.197265625 3.69140625 1.58203125 1.7745084343375 29.091796875 -76.025390625
658.905 283.600 -145.182 731.890
-0.9530241 -0.1286626 0.2742099 658.9053 -0.1209603 0.9916418 0.04488951 283.6004 -0.2776936 0.009612294 -0.9606216 -145.1819 0 0 0 1
DataSet: 29
7.734375 2.28515625 4.306640625 1.58203125 1.7745084343375 29.091796875 -76.025390625
658.667 286.288 -145.771 732.839
-0.9534355 -0.1286481 0.2727827 658.6674 -0.1209603 0.9916418 0.04488951 286.2879 -0.2762777 0.009803397 -0.9610279 -145.7714 0 0 0 1
DataSet: 30
7.734375 2.197265625 5.09765625 1.58203125 1.7745084343375 29.091796875 -76.025390625
658.677 289.742 -145.126 734.076
-0.9530241 -0.1286626 0.2742099 658.6773 -0.1209603 0.9916418 0.04488951 289.7416 -0.2776936 0.009612294 -0.9606216 -145.126 0 0 0 1
DataSet: 31
7.734375 2.28515625 6.064453125 1.58203125 1.7745084343375 29.091796875 -76.025390625
658.282 293.960 -145.676 735.505
-0.9534355 -0.1286481 0.2727827 658.2816 -0.1209603 0.9916418 0.04488951 293.9596 -0.2762777 0.009803397 -0.9610279 -145.6761 0 0 0 1
DataSet: 32
7.734375 2.197265625 6.85546875 1.58203125 1.7745084343375 29.091796875 -76.025390625
658.190 297.407 -145.007 736.677
-0.9530241 -0.1286626 0.2742099 658.1904 -0.1209603 0.9916418 0.04488951 297.4072 -0.2776936 0.009612294 -0.9606216 -145.0065 0 0 0 1
DataSet: 33
7.734375 2.197265625 7.734375 1.58203125 1.7745084343375 29.091796875 -76.025390625
657.863 301.234 -144.926 737.922
-0.9530241 -0.1286626 0.2742099 657.8629 -0.1209603 0.9916418 0.04488951 301.2335 -0.2776936 0.009612294 -0.9606216 -144.9261 0 0 0 1
DataSet: 34
7.646484375 2.197265625 8.7890625 1.58203125 1.7745084343375 29.091796875 -76.025390625
657.547 305.818 -144.123 739.368
-0.9527327 -0.1286726 0.2752157 657.5474 -0.1209603 0.9916418 0.04488951 305.8177 -0.2786914 0.009477554 -0.9603339 -144.1231 0 0 0 1
DataSet: 35
7.734375 2.109375 10.283203125 1.58203125 1.7745084343375 29.091796875 -76.025390625
656.751 312.295 -144.009 741.343
-0.9526106 -0.1286767 0.2756365 656.7513 -0.1209603 0.9916418 0.04488951 312.2954 -0.2791089 0.00942117 -0.9602132 -144.009 0 0 0 1
DataSet: 36
7.734375 2.109375 11.07421875 1.58203125 1.7745084343375 29.091796875 -76.025390625
656.263 315.716 -143.890 742.336
-0.9526106 -0.1286767 0.2756365 656.2631 -0.1209603 0.9916418 0.04488951 315.7157 -0.2791089 0.00942117 -0.9602132 -143.8899 0 0 0 1
DataSet: 37
7.734375 2.109375 12.12890625 1.58203125 1.7745084343375 29.091796875 -76.025390625
655.542 320.265 -143.714 743.612
-0.9526106 -0.1286767 0.2756365 655.5421 -0.1209603 0.9916418 0.04488951 320.2649 -0.2791089 0.00942117 -0.9602132 -143.7141 0 0 0 1
DataSet: 38
7.734375 2.109375 13.18359375 1.58203125 1.7745084343375 29.091796875 -76.025390625
654.741 324.800 -143.519 744.835
-0.9526106 -0.1286767 0.2756365 654.7415 -0.1209603 0.9916418 0.04488951 324.8 -0.2791089 0.00942117 -0.9602132 -143.5189 0 0 0 1
DataSet: 39
7.646484375 2.109375 14.501953125 1.58203125 1.7745084343375 29.091796875 -76.025390625
653.778 330.447 -142.563 746.288
-0.9523177 -0.1286865 0.2766418 653.7784 -0.1209603 0.9916418 0.04488951 330.4466 -0.2801063 0.009286415 -0.959924 -142.563 0 0 0 1
DataSet: 40
7.646484375 2.109375 15.556640625 1.58203125 1.7745084343375 29.091796875 -76.025390625
652.799 334.944 -142.325 747.389
-0.9523177 -0.1286865 0.2766418 652.799 -0.1209603 0.9916418 0.04488951 334.9444 -0.2801063 0.009286415 -0.959924 -142.3253 0 0 0 1
DataSet: 41
7.646484375 2.109375 16.34765625 1.58203125 1.7745084343375 29.091796875 -76.025390625
652.013 338.305 -142.134 748.180
-0.9523177 -0.1286865 0.2766418 652.0127 -0.1209603 0.9916418 0.04488951 338.3054 -0.2801063 0.009286415 -0.959924 -142.1344 0 0 0 1
DataSet: 42
7.734375 2.109375 16.962890625 1.58203125 1.7745084343375 29.091796875 -76.025390625
651.222 340.912 -142.661 748.774
-0.9526106 -0.1286767 0.2756365 651.2216 -0.1209603 0.9916418 0.04488951 340.9117 -0.2791089 0.00942117 -0.9602132 -142.6606 0 0 0 1
DataSet: 43
7.734375 2.021484375 18.017578125 1.58203125 1.7745084343375 29.091796875 -76.025390625
650.210 345.363 -141.780 749.767
-0.9521949 -0.1286905 0.2770624 650.2098 -0.1209603 0.9916418 0.04488951 345.363 -0.2805236 0.009230025 -0.9598027 -141.7803 0 0 0 1
DataSet: 44
7.646484375 2.021484375 19.072265625 1.58203125 1.7745084343375 29.091796875 -76.025390625
649.117 349.792 -140.800 750.687
-0.9519006 -0.1287001 0.2780674 649.1167 -0.1209603 0.9916418 0.04488951 349.7919 -0.2815205 0.009095255 -0.9595121 -140.7999 0 0 0 1
DataSet: 45
7.646484375 1.93359375 20.91796875 1.58203125 1.7745084343375 29.091796875 -76.025390625
646.906 357.484 -139.639 752.185
-0.9514814 -0.1287135 0.2794923 646.9061 -0.1209603 0.9916418 0.04488951 357.4844 -0.2829342 0.008904076 -0.959098 -139.6393 0 0 0 1
DataSet: 46
7.646484375 1.845703125 21.62109375 1.58203125 1.7745084343375 29.091796875 -76.025390625
646.118 360.394 -138.715 752.724
-0.9509861 -0.1287289 0.2811658 646.1176 -0.1209603 0.9916418 0.04488951 360.3941 -0.2845944 0.008679415 -0.9586087 -138.715 0 0 0 1
DataSet: 47
7.734375 1.845703125 22.67578125 1.58203125 1.7745084343375 29.091796875 -76.025390625
644.467 364.736 -139.032 753.458
-0.9512836 -0.1287197 0.2801619 644.4666 -0.1209603 0.9916418 0.04488951 364.7359 -0.2835984 0.008814215 -0.9589027 -139.032 0 0 0 1
DataSet: 48
7.646484375 1.845703125 23.90625 1.58203125 1.7745084343375 29.091796875 -76.025390625
642.759 369.765 -137.917 754.245
-0.9509861 -0.1287289 0.2811658 642.759 -0.1209603 0.9916418 0.04488951 369.7648 -0.2845944 0.008679415 -0.9586087 -137.9165 0 0 0 1
DataSet: 49
7.646484375 1.845703125 24.873046875 1.58203125 1.7745084343375 29.091796875 -76.025390625
641.231 373.687 -137.553 754.812
-0.9509861 -0.1287289 0.2811658 641.2311 -0.1209603 0.9916418 0.04488951 373.6873 -0.2845944 0.008679415 -0.9586087 -137.5533 0 0 0 1
DataSet: 50
7.646484375 1.669921875 26.103515625 1.58203125 1.7745084343375 29.091796875 -76.025390625
639.484 378.641 -135.897 755.498
-0.9501284 -0.1287543 0.2840395 639.4839 -0.1209603 0.9916418 0.04488951 378.6411 -0.2874451 0.008293317 -0.9577612 -135.8968 0 0 0 1
DataSet: 51
7.646484375 1.669921875 27.421875 1.58203125 1.7745084343375 29.091796875 -76.025390625
637.189 383.898 -135.358 756.115
-0.9501284 -0.1287543 0.2840395 637.189 -0.1209603 0.9916418 0.04488951 383.8984 -0.2874451 0.008293317 -0.9577612 -135.3585 0 0 0 1
DataSet: 52
7.646484375 1.669921875 27.861328125 1.58203125 1.7745084343375 29.091796875 -76.025390625
636.398 385.639 -135.173 756.302
-0.9501284 -0.1287543 0.2840395 636.3984 -0.1209603 0.9916418 0.04488951 385.6389 -0.2874451 0.008293317 -0.9577612 -135.173 0 0 0 1
DataSet: 53
7.646484375 1.494140625 29.1796875 1.58203125 1.7745084343375 29.091796875 -76.025390625
634.231 390.823 -133.442 756.835
-0.949262 -0.1287786 0.2869105 634.2314 -0.1209603 0.9916418 0.04488951 390.8228 -0.2902933 0.007907144 -0.9569051 -133.442 0 0 0 1
DataSet: 54
7.734375 1.494140625 30.322265625 1.58203125 1.7745084343375 29.091796875 -76.025390625
631.877 395.269 -133.591 757.200
-0.9495655 -0.1287702 0.2859083 631.877 -0.1209603 0.9916418 0.04488951 395.2686 -0.2892991 0.008041996 -0.957205 -133.5912 0 0 0 1
DataSet: 55
7.646484375 1.494140625 31.46484375 1.58203125 1.7745084343375 29.091796875 -76.025390625
629.717 399.669 -132.397 757.501
-0.949262 -0.1287786 0.2869105 629.7172 -0.1209603 0.9916418 0.04488951 399.6691 -0.2902933 0.007907144 -0.9569051 -132.3973 0 0 0 1
DataSet: 56
7.646484375 1.494140625 32.783203125 1.58203125 1.7745084343375 29.091796875 -76.025390625
626.961 404.688 -131.759 757.768
-0.949262 -0.1287786 0.2869105 626.9605 -0.1209603 0.9916418 0.04488951 404.688 -0.2902933 0.007907144 -0.9569051 -131.7594 0 0 0 1
DataSet: 57
7.646484375 1.318359375 34.8046875 1.58203125 1.7745084343375 29.091796875 -76.025390625
622.790 412.256 -129.609 758.038
-0.9483872 -0.1288017 0.289779 622.7904 -0.1209603 0.9916418 0.04488951 412.2562 -0.2931388 0.0075209 -0.9560403 -129.6095 0 0 0 1
DataSet: 58
7.646484375 1.318359375 35.068359375 1.58203125 1.7745084343375 29.091796875 -76.025390625
622.192 413.232 -129.473 758.055
-0.9483872 -0.1288017 0.289779 622.1921 -0.1209603 0.9916418 0.04488951 413.2316 -0.2931388 0.0075209 -0.9560403 -129.4729 0 0 0 1
DataSet: 59
7.646484375 1.142578125 35.859375 1.58203125 1.7745084343375 29.091796875 -76.025390625
620.636 416.141 -127.941 758.111
-0.9475038 -0.1288237 0.2926449 620.6362 -0.1209603 0.9916418 0.04488951 416.1409 -0.2959817 0.007134588 -0.9551669 -127.9414 0 0 0 1
DataSet: 60
7.646484375 1.142578125 36.73828125 1.58203125 1.7745084343375 29.091796875 -76.025390625
618.567 419.344 -127.476 758.106
-0.9475038 -0.1288237 0.2926449 618.5673 -0.1209603 0.9916418 0.04488951 419.3435 -0.2959817 0.007134588 -0.9551669 -127.4757 0 0 0 1
DataSet: 61
7.646484375 1.142578125 37.529296875 1.58203125 1.7745084343375 29.091796875 -76.025390625
616.665 422.198 -127.047 758.069
-0.9475038 -0.1288237 0.2926449 616.6652 -0.1209603 0.9916418 0.04488951 422.1982 -0.2959817 0.007134588 -0.9551669 -127.0475 0 0 0 1
DataSet: 62
7.646484375 1.0546875 37.705078125 1.58203125 1.7745084343375 29.091796875 -76.025390625
616.367 422.829 -126.399 758.069
-0.9470589 -0.1288343 0.2940768 616.3669 -0.1209603 0.9916418 0.04488951 422.829 -0.2974022 0.006941408 -0.9547271 -126.3995 0 0 0 1
DataSet: 63
7.646484375 0.791015625 38.3203125 1.58203125 1.7745084343375 29.091796875 -76.025390625
615.237 425.026 -124.412 758.051
-0.9457114 -0.1288642 0.2983687 615.2366 -0.1209603 0.9916418 0.04488951 425.0263 -0.3016596 0.006361775 -0.9533945 -124.4119 0 0 0 1
