DataSet_1
0.344121515750885 0.6833911538124084 0.6438608765602112 28.002065658569336 
0.053318556398153305 -0.6988592147827148 0.7132691740989685 12.622222900390625 
0.9374099969863892 -0.2111215442419052 -0.27692994475364685 -1413.947998046875 
0.0 0.0 0.0 1.0

DataSet_-1
0.34431782364845276 0.6923004388809204 0.6341651082038879 27.889415740966797 
0.07179924100637436 -0.6929065585136414 0.7174436450004578 21.84214973449707 
0.9361037015914917 -0.20149604976177216 -0.2882867455482483 -1414.3743896484375 
0.0 0.0 0.0 1.0

DataSet_-2
0.343758225440979 0.699636697769165 0.6263694763183594 33.47709655761719 
0.08768853545188904 -0.6880201101303101 0.7203742265701294 29.611713409423828 
0.9349550604820251 -0.19270911812782288 -0.2978626787662506 -1419.587158203125 
0.0 0.0 0.0 1.0

DataSet_-3
0.343186616897583 0.7077913284301758 0.6174579858779907 33.23027801513672 
0.10467665642499924 -0.6821084022521973 0.7237201929092407 38.12453842163086 
0.9334161877632141 -0.183737650513649 -0.30817970633506775 -1420.18896484375 
0.0 0.0 0.0 1.0

DataSet_-4.1
0.3428855538368225 0.7159172892570496 0.6081873774528503 32.78976821899414 
0.12215959280729294 -0.6759218573570251 0.7267783284187317 46.749732971191406 
0.9314002990722656 -0.17490585148334503 -0.3192199766635895 -1420.9591064453125 
0.0 0.0 0.0 1.0

DataSet_-5
0.3440030813217163 0.7228954434394836 0.5992361903190613 32.07027053833008 
0.1376620978116989 -0.6701180934906006 0.729377031326294 54.72828674316406 
0.9288223385810852 -0.16841579973697662 -0.3300379812717438 -1421.8836669921875 
0.0 0.0 0.0 1.0

DataSet_-6
0.3428098261356354 0.729593813419342 0.5917552709579468 31.553813934326172 
0.15226081013679504 -0.6647499799728394 0.7313850522041321 61.69377517700195 
0.9269832968711853 -0.16062483191490173 -0.3389713764190674 -1422.6019287109375 
0.0 0.0 0.0 1.0

DataSet_-7
0.3415102958679199 0.7378925681114197 0.5821385383605957 30.82373809814453 
0.1704227328300476 -0.6577257513999939 0.733725368976593 70.77295684814453 
0.9242979884147644 -0.15136510133743286 -0.350373774766922 -1423.7579345703125 
0.0 0.0 0.0 1.0

DataSet_-8
0.3410772979259491 0.7446588277816772 0.5737156271934509 30.05147933959961 
0.18524523079395294 -0.6515889763832092 0.7356058955192566 78.33460998535156 
0.921602189540863 -0.1446204036474228 -0.36018669605255127 -1424.8892822265625 
0.0 0.0 0.0 1.0

DataSet_-9
0.33920037746429443 0.7517818808555603 0.5654795169830322 29.20880699157715 
0.20064689218997955 -0.6451029181480408 0.7372808456420898 86.08305358886719 
0.919066846370697 -0.13662421703338623 -0.3696618676185608 -1426.024658203125 
0.0 0.0 0.0 1.0

DataSet_-10
0.3380698263645172 0.7586279511451721 0.556949257850647 28.238330841064453 
0.21642640233039856 -0.6386017203330994 0.7384764552116394 93.78526306152344 
0.9158976078033447 -0.1291181445121765 -0.38007909059524536 -1427.361572265625 
0.0 0.0 0.0 1.0

DataSet_-11
0.33630484342575073 0.7661792635917664 0.5476023554801941 26.994619369506836 
0.2331778109073639 -0.6311104893684387 0.7398159503936768 102.41693115234375 
0.9124292731285095 -0.12111499905586243 -0.39090150594711304 -1428.883544921875 
0.0 0.0 0.0 1.0

DataSet_-12
0.33432114124298096 0.7733114361763 0.5387195944786072 25.893394470214844 
0.2487182468175888 -0.6237400770187378 0.7410044074058533 110.45101165771484 
0.9090481996536255 -0.11374405771493912 -0.4008661210536957 -1430.5184326171875 
0.0 0.0 0.0 1.0

DataSet_-13
0.3319159746170044 0.7799954414367676 0.5305081009864807 24.860971450805664 
0.26409289240837097 -0.6167376041412354 0.7415454387664795 117.77851867675781 
0.9055863618850708 -0.10602730512619019 -0.4106963276863098 -1432.1011962890625 
0.0 0.0 0.0 1.0

DataSet_-14
0.3294622004032135 0.7869214415550232 0.5217368602752686 23.479236602783203 
0.27996954321861267 -0.6091592311859131 0.7419852614402771 125.7135238647461 
0.9017049074172974 -0.09838566184043884 -0.4210089445114136 -1433.8885498046875 
0.0 0.0 0.0 1.0

DataSet_-15
0.32683253288269043 0.7938622832298279 0.5127993226051331 21.99169921875 
0.29594409465789795 -0.6012772917747498 0.7422147393226624 133.81344604492188 
0.8975508809089661 -0.09082005172967911 -0.4314558207988739 -1435.8221435546875 
0.0 0.0 0.0 1.0

DataSet_-16
0.32414868474006653 0.8009229898452759 0.5034381747245789 20.432621002197266 
0.31296414136886597 -0.5929971933364868 0.7418947219848633 141.69802856445312 
0.8927379846572876 -0.08292612433433533 -0.44287940859794617 -1437.904052734375 
0.0 0.0 0.0 1.0

DataSet_-17
0.32069122791290283 0.8073723912239075 0.4952845871448517 18.937355041503906 
0.32777586579322815 -0.5851900577545166 0.7416977286338806 149.10418701171875 
0.8886619210243225 -0.07551359385251999 -0.4523025453090668 -1439.8519287109375 
0.0 0.0 0.0 1.0

DataSet_-18
0.3165922462940216 0.8141801953315735 0.486703097820282 17.33750343322754 
0.3441900312900543 -0.5767287015914917 0.7408894300460815 156.853759765625 
0.8839131593704224 -0.06704148650169373 -0.46282055974006653 -1442.024658203125 
0.0 0.0 0.0 1.0

DataSet_-19
0.31345558166503906 0.8202895522117615 0.4784042239189148 15.706745147705078 
0.3588685393333435 -0.5687609314918518 0.7400840520858765 163.92684936523438 
0.8791808485984802 -0.06029924750328064 -0.4726574122905731 -1444.16796875 
0.0 0.0 0.0 1.0

DataSet_-20
0.30913063883781433 0.8264628052711487 0.4705289304256439 14.097980499267578 
0.3735189437866211 -0.5605161190032959 0.7391247153282166 171.05233764648438 
0.8745981454849243 -0.05273464694619179 -0.48197218775749207 -1446.377685546875 
0.0 0.0 0.0 1.0

DataSet_-21
0.30510538816452026 0.8329730033874512 0.46159157156944275 12.141036987304688 
0.38933494687080383 -0.5514490008354187 0.7377820014953613 178.67068481445312 
0.8690966963768005 -0.04538750648498535 -0.49255552887916565 -1448.8876953125 
0.0 0.0 0.0 1.0

DataSet_-22
0.3005030155181885 0.839592456817627 0.4525289237499237 10.028949737548828 
0.4050142168998718 -0.5418847799301147 0.7364267706871033 186.7071533203125 
0.8635169267654419 -0.03801780939102173 -0.5028849244117737 -1451.638671875 
0.0 0.0 0.0 1.0

DataSet_-23.2
0.2953374683856964 0.8463261723518372 0.44329196214675903 7.905364990234375 
0.4217628538608551 -0.5318240523338318 0.7343563437461853 194.72760009765625 
0.8572583198547363 -0.02991885133087635 -0.5140165090560913 -1454.6802978515625 
0.0 0.0 0.0 1.0

DataSet_-24
0.2922375202178955 0.8506959080696106 0.43693670630455017 6.197929382324219 
0.433067262172699 -0.525068998336792 0.7326357960700989 200.19406127929688 
0.8526722192764282 -0.024880677461624146 -0.5218534469604492 -1456.703369140625 
0.0 0.0 0.0 1.0

DataSet_-25.2
0.2862522602081299 0.8579326868057251 0.42662763595581055 3.4822006225585938 
0.45080259442329407 -0.5134912729263306 0.7301394939422607 208.98968505859375 
0.8454800844192505 -0.016679227352142334 -0.5337463617324829 -1460.094970703125 
0.0 0.0 0.0 1.0

DataSet_-26
0.28216466307640076 0.8623316287994385 0.42043691873550415 1.7922019958496094 
0.46107351779937744 -0.5062065720558167 0.7288114428520203 214.58694458007812 
0.8413050770759583 -0.011792480945587158 -0.5404319167137146 -1462.3748779296875 
0.0 0.0 0.0 1.0

DataSet_-27
0.27680838108062744 0.8682669401168823 0.4116911292076111 -0.6246910095214844 
0.476142019033432 -0.4960724413394928 0.7260860204696655 221.99966430664062 
0.8346651196479797 -0.004963219165802002 -0.5507354140281677 -1465.54296875 
0.0 0.0 0.0 1.0

DataSet_-28
0.2720258831977844 0.8734197616577148 0.4039057195186615 -2.8719711303710938 
0.4890183210372925 -0.48696762323379517 0.723687469959259 228.46055603027344 
0.8287719488143921 0.0006555914878845215 -0.5595861077308655 -1468.4287109375 
0.0 0.0 0.0 1.0

DataSet_-29
0.26648667454719543 0.8787801265716553 0.3958917260169983 -5.2995452880859375 
0.5029807090759277 -0.47717419266700745 0.7206352353096008 235.1754913330078 
0.8221892714500427 0.007086217403411865 -0.5691700577735901 -1471.4730224609375 
0.0 0.0 0.0 1.0

DataSet_-30
0.260752409696579 0.8842902183532715 0.38734865188598633 -7.901214599609375 
0.5173222422599792 -0.4667469263076782 0.717303991317749 242.25747680664062 
0.8150987029075623 0.013345272280275822 -0.5791683793067932 -1474.873779296875 
0.0 0.0 0.0 1.0

DataSet_-31
0.2538216710090637 0.8901196718215942 0.3784991204738617 -10.815353393554688 
0.5325201749801636 -0.45526811480522156 0.7135497331619263 249.86843872070312 
0.8074632287025452 0.02044406533241272 -0.5895636081695557 -1478.614013671875 
0.0 0.0 0.0 1.0

DataSet_-32
0.24708466231822968 0.8954914212226868 0.3701949119567871 -13.606922149658203 
0.5465840697288513 -0.44426199793815613 0.7098429799079895 256.8620300292969 
0.8001219034194946 0.026951342821121216 -0.5992316603660583 -1482.1947021484375 
0.0 0.0 0.0 1.0

DataSet_-33
0.24278607964515686 0.8996686339378357 0.3628378212451935 -16.184898376464844 
0.5579735040664673 -0.43547531962394714 0.7064183354377747 262.52496337890625 
0.7935492992401123 0.030945390462875366 -0.6077185869216919 -1485.2606201171875 
0.0 0.0 0.0 1.0

DataSet_-34
0.23631329834461212 0.9042729139328003 0.3555932343006134 -18.78376007080078 
0.5707265138626099 -0.4253518879413605 0.7023866176605225 268.6360778808594 
0.7864014506340027 0.036963194608688354 -0.6166088581085205 -1488.62158203125 
0.0 0.0 0.0 1.0

DataSet_-35
0.2296169549226761 0.9094017148017883 0.3467918932437897 -22.02960968017578 
0.5842389464378357 -0.4137629568576813 0.698186993598938 275.8542785644531 
0.7784220576286316 0.0422937273979187 -0.6263148784637451 -1492.774169921875 
0.0 0.0 0.0 1.0

DataSet_-36
0.2221895456314087 0.9142906665802002 0.33868053555488586 -25.20550537109375 
0.5978493690490723 -0.4021560549736023 0.6934310793876648 282.5984191894531 
0.7701999545097351 0.04840680956840515 -0.6359629034996033 -1496.759765625 
0.0 0.0 0.0 1.0

DataSet_-37
0.21661745011806488 0.9184303879737854 0.33100229501724243 -28.179473876953125 
0.6096959710121155 -0.39207157492637634 0.6888763904571533 288.52783203125 
0.7624616622924805 0.05258810147643089 -0.6448928117752075 -1500.466796875 
0.0 0.0 0.0 1.0

DataSet_-38
0.20857176184654236 0.923168957233429 0.32288846373558044 -31.542648315429688 
0.623082160949707 -0.3799037039279938 0.6836971640586853 295.3177795410156 
0.7538344860076904 0.05858615040779114 -0.6544472575187683 -1504.7364501953125 
0.0 0.0 0.0 1.0

DataSet_-39
0.20247921347618103 0.9270950555801392 0.315431147813797 -34.66368865966797 
0.6343822479248047 -0.36955690383911133 0.6789600849151611 301.0520324707031 
0.746030330657959 0.0626286193728447 -0.6629602909088135 -1508.540771484375 
0.0 0.0 0.0 1.0

DataSet_-40.2
0.19407927989959717 0.9317857027053833 0.30677148699760437 -38.416107177734375 
0.6485249400138855 -0.356502503156662 0.6725484132766724 308.0120849609375 
0.7360357642173767 0.06842121481895447 -0.673475980758667 -1513.4747314453125 
0.0 0.0 0.0 1.0

DataSet_-41
0.18873482942581177 0.934577226638794 0.3015701174736023 -40.79950714111328 
0.6571293473243713 -0.34839537739753723 0.6684321761131287 312.13482666015625 
0.7297671437263489 0.07201415300369263 -0.6798925399780273 -1516.3104248046875 
0.0 0.0 0.0 1.0

DataSet_-42
0.18150754272937775 0.9385664463043213 0.2935100495815277 -44.34982681274414 
0.6687482595443726 -0.33663496375083923 0.6629123091697693 318.16302490234375 
0.720992922782898 0.07596075534820557 -0.6887664198875427 -1520.7354736328125 
0.0 0.0 0.0 1.0

DataSet_-43
0.17378643155097961 0.9427049160003662 0.284790575504303 -48.2541618347168 
0.6812702417373657 -0.3239104747772217 0.656470000743866 324.48388671875 
0.711104154586792 0.0799337849020958 -0.6985281109809875 -1525.5152587890625 
0.0 0.0 0.0 1.0

DataSet_-44
0.1671288162469864 0.946110725402832 0.27738502621650696 -51.72153854370117 
0.691690981388092 -0.3130023181438446 0.6508403420448303 329.8711242675781 
0.7025891542434692 0.08309054374694824 -0.7067279815673828 -1529.7374267578125 
0.0 0.0 0.0 1.0

DataSet_-45
0.15946297347545624 0.949333667755127 0.2708081901073456 -55.01350402832031 
0.702321469783783 -0.3018746078014374 0.6446830034255981 335.0596923828125 
0.6937694549560547 0.08739135414361954 -0.7148752808570862 -1533.9459228515625 
0.0 0.0 0.0 1.0

DataSet_-46
0.1520776003599167 0.9525958895683289 0.2635021209716797 -58.73182678222656 
0.7127748727798462 -0.29039669036865234 0.6384525299072266 340.41925048828125 
0.6847074627876282 0.0907234251499176 -0.7231493592262268 -1538.4100341796875 
0.0 0.0 0.0 1.0

DataSet_-47
0.14376820623874664 0.9558269381523132 0.25637003779411316 -62.49020767211914 
0.7231681942939758 -0.2783176004886627 0.6321132183074951 345.88165283203125 
0.6755431294441223 0.09452086687088013 -0.7312368154525757 -1543.0684814453125 
0.0 0.0 0.0 1.0

DataSet_-48
0.1345992535352707 0.9593620300292969 0.2480071485042572 -66.85436248779297 
0.7352979779243469 -0.26447734236717224 0.6240101456642151 351.9369201660156 
0.6642438769340515 0.0983678475022316 -0.7410153746604919 -1548.56982421875 
0.0 0.0 0.0 1.0

DataSet_-49
0.12707582116127014 0.9622405171394348 0.24071761965751648 -70.83905029296875 
0.7452488541603088 -0.2527744770050049 0.6170163750648499 357.02484130859375 
0.6545653939247131 0.10098663717508316 -0.749230146408081 -1553.2637939453125 
0.0 0.0 0.0 1.0

DataSet_-50
0.1189902201294899 0.9647583961486816 0.23469668626785278 -74.33043670654297 
0.754300594329834 -0.24154463410377502 0.610480785369873 361.65643310546875 
0.6456562280654907 0.10439059138298035 -0.7564592957496643 -1557.7244873046875 
0.0 0.0 0.0 1.0

DataSet_-49
0.1282750368118286 0.9617684483528137 0.24196498095989227 -70.19221496582031 
0.7440468668937683 -0.2546396255493164 0.6176997423171997 356.27337646484375 
0.6556979417800903 0.10079783201217651 -0.7482646703720093 -1552.7772216796875 
0.0 0.0 0.0 1.0

DataSet_-48
0.13511699438095093 0.9591902494430542 0.24838975071907043 -66.75396728515625 
0.735371470451355 -0.2650910019874573 0.6236629486083984 351.7698974609375 
0.6640573143959045 0.09839126467704773 -0.7411794662475586 -1548.6510009765625 
0.0 0.0 0.0 1.0

DataSet_-47
0.14362795650959015 0.9557049870491028 0.2569027245044708 -62.425846099853516 
0.7239195108413696 -0.27846360206604004 0.631188154220581 345.91131591796875 
0.6747677326202393 0.09532066434621811 -0.7318486571311951 -1543.40283203125 
0.0 0.0 0.0 1.0

DataSet_-46
0.15254154801368713 0.952284038066864 0.26435983180999756 -58.44941711425781 
0.712841272354126 -0.2912910282611847 0.6379708051681519 340.1511535644531 
0.6845351457595825 0.09112957119941711 -0.7232614159584045 -1538.50634765625 
0.0 0.0 0.0 1.0

DataSet_-45
0.15853020548820496 0.9494841694831848 0.2708282470703125 -55.27185821533203 
0.7041468024253845 -0.3010029196739197 0.6430975794792175 335.5611572265625 
0.6921311020851135 0.08875242620706558 -0.7162942886352539 -1534.72021484375 
0.0 0.0 0.0 1.0

DataSet_-44
0.16741830110549927 0.9455861449241638 0.2789946496486664 -50.62351989746094 
0.6920077800750732 -0.3142716586589813 0.649891197681427 329.3740539550781 
0.7022082209587097 0.08426276594400406 -0.7069677710533142 -1530.278564453125 
0.0 0.0 0.0 1.0

DataSet_-43
0.17470259964466095 0.9419172406196594 0.28682902455329895 -47.077850341796875 
0.6811877489089966 -0.3259655237197876 0.6555377244949341 323.7339782714844 
0.7109586596488953 0.08086031675338745 -0.6985695362091064 -1525.906005859375 
0.0 0.0 0.0 1.0

DataSet_-42
0.18186424672603607 0.938190221786499 0.2944900691509247 -43.594093322753906 
0.6695280075073242 -0.33748477697372437 0.6616919636726379 318.09619140625 
0.7201788425445557 0.07683128118515015 -0.689521074295044 -1521.6322021484375 
0.0 0.0 0.0 1.0

DataSet_-41
0.1896098256111145 0.933942973613739 0.3029829263687134 -39.82704162597656 
0.6573634147644043 -0.34996533393859863 0.6673811674118042 311.6235656738281 
0.7293294668197632 0.07262790203094482 -0.6802968382835388 -1516.8914794921875 
0.0 0.0 0.0 1.0

DataSet_-40
0.19562439620494843 0.930644154548645 0.30924519896507263 -36.917327880859375 
0.6479499340057373 -0.3593616485595703 0.6715803146362305 306.5770568847656 
0.7361330986022949 0.06899791955947876 -0.6733106970787048 -1513.4307861328125 
0.0 0.0 0.0 1.0

DataSet_-39
0.20288561284542084 0.9261158108711243 0.31803593039512634 -33.33385467529297 
0.6347455382347107 -0.37169691920280457 0.6774507164955139 300.1951599121094 
0.7456108331680298 0.06442692875862122 -0.6632598638534546 -1509.0528564453125 
0.0 0.0 0.0 1.0

DataSet_-38
0.2098652422428131 0.9216558337211609 0.32635411620140076 -29.866966247558594 
0.6220992207527161 -0.38337865471839905 0.682651698589325 293.6318054199219 
0.7542871832847595 0.05975979566574097 -0.6538192629814148 -1504.7598876953125 
0.0 0.0 0.0 1.0

DataSet_-37
0.21717806160449982 0.9169875383377075 0.33461540937423706 -26.49871826171875 
0.6091278195381165 -0.39517655968666077 0.6876035928726196 287.08740234375 
0.7627561092376709 0.05449116230010986 -0.644386351108551 -1500.707275390625 
0.0 0.0 0.0 1.0

DataSet_-36
0.22372621297836304 0.9124234914779663 0.34268054366111755 -23.390033721923828 
0.596784234046936 -0.4062191843986511 0.6919786930084229 280.63665771484375 
0.7705810070037842 0.04969260096549988 -0.6354018449783325 -1496.6719970703125 
0.0 0.0 0.0 1.0

DataSet_-35
0.22973597049713135 0.9081761240959167 0.3499106764793396 -21.12921905517578 
0.585055410861969 -0.4161832332611084 0.6960615515708923 274.90380859375 
0.7777734398841858 0.04480677843093872 -0.6269456148147583 -1492.8892822265625 
0.0 0.0 0.0 1.0

DataSet_-34
0.2367992103099823 0.9030543565750122 0.358355849981308 -17.8212890625 
0.5713078379631042 -0.4277641773223877 0.700446367263794 267.82244873046875 
0.7858330011367798 0.03886634111404419 -0.6172162890434265 -1489.0281982421875 
0.0 0.0 0.0 1.0

DataSet_-32
0.2480156272649765 0.8937885165214539 0.37367144227027893 -12.525962829589844 
0.5468187928199768 -0.447560578584671 0.7075865864753723 255.5374755859375 
0.7996733784675598 0.028838038444519043 -0.5997423529624939 -1482.349609375 
0.0 0.0 0.0 1.0

DataSet_-33
0.24265244603157043 0.8985360264778137 0.36572226881980896 -15.118579864501953 
0.5589361190795898 -0.43761879205703735 0.7043296098709106 261.8238525390625 
0.792912483215332 0.033508095890283585 -0.6084135174751282 -1485.6868896484375 
0.0 0.0 0.0 1.0

DataSet_-31
0.25395727157592773 0.8890196084976196 0.3809853196144104 -9.936248779296875 
0.5340619683265686 -0.4572969973087311 0.7110958099365234 249.20909118652344 
0.8064015507698059 0.02288186550140381 -0.5909255146980286 -1479.116943359375 
0.0 0.0 0.0 1.0

DataSet_-30
0.26105794310569763 0.8832951784133911 0.38940760493278503 -7.208339691162109 
0.5193548798561096 -0.4685550630092621 0.7146514058113098 241.8208770751953 
0.8137070536613464 0.015675336122512817 -0.5810636878013611 -1475.4998779296875 
0.0 0.0 0.0 1.0

DataSet_-29
0.26648569107055664 0.8774745464324951 0.3987777829170227 -4.4029388427734375 
0.5043632388114929 -0.4795237183570862 0.7181049585342407 234.47982788085938 
0.8213422298431396 0.00976419448852539 -0.5703521370887756 -1471.96533203125 
0.0 0.0 0.0 1.0

DataSet_-28
0.2708461880683899 0.8727413415908813 0.4061586856842041 -2.1461715698242188 
0.49222418665885925 -0.48816007375717163 0.7207046151161194 228.35987854003906 
0.8272591233253479 0.00472104549407959 -0.5618006587028503 -1469.1485595703125 
0.0 0.0 0.0 1.0

DataSet_-27
0.2779301106929779 0.8662328720092773 0.41520532965660095 0.5110664367675781 
0.4759225845336914 -0.4996277987957001 0.7237884998321533 220.27423095703125 
0.8344175219535828 -0.0035569965839385986 -0.5511214137077332 -1465.6378173828125 
0.0 0.0 0.0 1.0

DataSet_-26
0.2827884554862976 0.8609100580215454 0.42292386293411255 2.7088279724121094 
0.46298977732658386 -0.5086692571640015 0.7258760929107666 213.68043518066406 
0.8400423526763916 -0.009459913708269596 -0.5424383282661438 -1462.866455078125 
0.0 0.0 0.0 1.0

DataSet_-25
0.2871890962123871 0.8550280928611755 0.4317977726459503 5.05841064453125 
0.44830918312072754 -0.518347978591919 0.7282404899597168 206.39944458007812 
0.8464875817298889 -0.015563786029815674 -0.5321808457374573 -1459.833251953125 
0.0 0.0 0.0 1.0

DataSet_-24
0.291957288980484 0.8496063351631165 0.4392380118370056 6.981365203857422 
0.4354853332042694 -0.5269666314125061 0.7298346757888794 199.78575134277344 
0.851535975933075 -0.02179884910583496 -0.5238428711891174 -1457.3026123046875 
0.0 0.0 0.0 1.0

DataSet_-23
0.2972196936607361 0.8430700302124023 0.44821131229400635 9.182060241699219 
0.41951218247413635 -0.5369941592216492 0.731878936290741 192.0482940673828 
0.8577120304107666 -0.02949872612953186 -0.513283371925354 -1454.3955078125 
0.0 0.0 0.0 1.0

DataSet_-22
0.302007257938385 0.8362558484077454 0.4576764404773712 11.450767517089844 
0.40299588441848755 -0.547080397605896 0.7336874604225159 183.68310546875 
0.8639362454414368 -0.03713721036911011 -0.5022299289703369 -1451.389404296875 
0.0 0.0 0.0 1.0

DataSet_-21
0.30529922246932983 0.8309434652328491 0.46510782837867737 13.236824035644531 
0.3900614380836487 -0.5546956062316895 0.734959065914154 177.36962890625 
0.8687027096748352 -0.04296180605888367 -0.4934671223163605 -1449.2747802734375 
0.0 0.0 0.0 1.0

DataSet_-20
0.3097478747367859 0.8248912692070007 0.47287485003471375 14.912176132202148 
0.3755958676338196 -0.5630391836166382 0.736148476600647 170.3777618408203 
0.8734895586967468 -0.050410568714141846 -0.48422595858573914 -1447.023193359375 
0.0 0.0 0.0 1.0

DataSet_-19
0.31382325291633606 0.817451536655426 0.48299896717071533 17.000368118286133 
0.35752829909324646 -0.5729936957359314 0.7374630570411682 161.68692016601562 
0.8795956373214722 -0.05874726176261902 -0.472080796957016 -1444.261962890625 
0.0 0.0 0.0 1.0

DataSet_-18
0.31679561734199524 0.8128843903541565 0.4887324869632721 18.150814056396484 
0.3468685746192932 -0.5788694620132446 0.7379649877548218 156.33729553222656 
0.8827925324440002 -0.06425809860229492 -0.46534737944602966 -1442.6796875 
0.0 0.0 0.0 1.0

DataSet_-17
0.32156625390052795 0.8047546148300171 0.4989641010761261 20.014936447143555 
0.3278754949569702 -0.5889865756034851 0.7386423349380493 147.3034210205078 
0.8883090019226074 -0.07392436265945435 -0.4532574713230133 -1440.1444091796875 
0.0 0.0 0.0 1.0

DataSet_-16
0.3245983123779297 0.7971183061599731 0.5091544389724731 21.84661865234375 
0.30964866280555725 -0.598194420337677 0.7391083240509033 138.51400756835938 
0.8937301635742188 -0.08225428313016891 -0.4409995377063751 -1437.7569580078125 
0.0 0.0 0.0 1.0

DataSet_-15
0.327184796333313 0.7913629412651062 0.5164250135421753 23.052209854125977 
0.2964059114456177 -0.6048700213432312 0.7391047477722168 132.00564575195312 
0.897270143032074 -0.08875241875648499 -0.4324689507484436 -1436.1298828125 
0.0 0.0 0.0 1.0

DataSet_-14
0.32965216040611267 0.7854437828063965 0.5238392353057861 24.213760375976562 
0.28317296504974365 -0.6115670800209045 0.7387819886207581 125.19483184814453 
0.9006345272064209 -0.0952039361000061 -0.4240208566188812 -1434.495361328125 
0.0 0.0 0.0 1.0

DataSet_-13
0.3323528468608856 0.7785627245903015 0.5323361158370972 25.510648727416992 
0.26637905836105347 -0.6189277172088623 0.7388982772827148 117.33912658691406 
0.9047561883926392 -0.10377174615859985 -0.4130951762199402 -1432.6802978515625 
0.0 0.0 0.0 1.0

DataSet_-12
0.33423912525177 0.7711032032966614 0.5419262051582336 26.836360931396484 
0.24978028237819672 -0.6269076466560364 0.7379679083824158 109.00177001953125 
0.9087871313095093 -0.11129526048898697 -0.4021434187889099 -1430.89306640625 
0.0 0.0 0.0 1.0

DataSet_-11
0.33633407950401306 0.7638007998466492 0.5508971810340881 28.056901931762695 
0.23338007926940918 -0.634329617023468 0.736993670463562 100.78733825683594 
0.9123667478561401 -0.11930760741233826 -0.3916025757789612 -1429.3299560546875 
0.0 0.0 0.0 1.0

DataSet_-10
0.33803221583366394 0.7569119334220886 0.5593017935752869 29.091777801513672 
0.218061164021492 -0.6411035060882568 0.7358230948448181 93.11517333984375 
0.9155236482620239 -0.12676990032196045 -0.38176673650741577 -1427.9530029296875 
0.0 0.0 0.0 1.0

DataSet_-9
0.33942776918411255 0.7501063346862793 0.5675643682479858 30.085792541503906 
0.20240518450737 -0.6474955677986145 0.7346982955932617 85.38383483886719 
0.9185972213745117 -0.13449901342391968 -0.3716033697128296 -1426.6470947265625 
0.0 0.0 0.0 1.0

DataSet_-8
0.3407437205314636 0.7429224252700806 0.576159656047821 30.993839263916016 
0.18726865947246552 -0.6541869640350342 0.7327823042869568 77.26036071777344 
0.9213165640830994 -0.1417943388223648 -0.36203619837760925 -1425.414794921875 
0.0 0.0 0.0 1.0

DataSet_-7
0.3421146869659424 0.7355302572250366 0.5847673416137695 31.74156951904297 
0.16945679485797882 -0.6604097485542297 0.7315348982810974 69.0674819946289 
0.9242521524429321 -0.1511760801076889 -0.3505764603614807 -1424.2481689453125 
0.0 0.0 0.0 1.0

DataSet_-6
0.34288638830184937 0.7288932800292969 0.5925737023353577 32.351043701171875 
0.1546645164489746 -0.6660119295120239 0.7297307848930359 61.886009216308594 
0.9265570044517517 -0.15856462717056274 -0.3411003351211548 -1423.30224609375 
0.0 0.0 0.0 1.0

DataSet_-5
0.34324803948402405 0.7221436500549316 0.6005741953849792 32.949378967285156 
0.13951724767684937 -0.6715301871299744 0.7277239561080933 54.51089859008789 
0.9288249611854553 -0.1659993827342987 -0.33125290274620056 -1422.41796875 
0.0 0.0 0.0 1.0

DataSet_-4
0.3432823419570923 0.714603841304779 0.6095067858695984 33.60026550292969 
0.12281784415245056 -0.6775226593017578 0.7251750230789185 46.25619888305664 
0.9311675429344177 -0.1740814745426178 -0.3203476667404175 -1421.61083984375 
0.0 0.0 0.0 1.0

DataSet_-3
0.34288713335990906 0.706855297088623 0.6186954379081726 34.13478469848633 
0.10553380101919174 -0.6834402680397034 0.7223379015922546 37.999900817871094 
0.9334297180175781 -0.1823870688676834 -0.30893996357917786 -1420.8677978515625 
0.0 0.0 0.0 1.0

DataSet_-2
0.3441544771194458 0.6985719203948975 0.6273395419120789 34.390380859375 
0.08778726309537888 -0.6891693472862244 0.7192627787590027 29.24488067626953 
0.9347999691963196 -0.19246508181095123 -0.2985064387321472 -1420.2911376953125 
0.0 0.0 0.0 1.0

DataSet_-1
0.34403902292251587 0.6917969584465027 0.6348655223846436 34.628196716308594 
0.07333564758300781 -0.693872332572937 0.7163540124893188 21.87289810180664 
0.9360871315002441 -0.199895441532135 -0.28945255279541016 -1419.881103515625 
0.0 0.0 0.0 1.0

DataSet_0
0.3437618911266327 0.6850204467773438 0.6423197984695435 34.78242492675781 
0.058144181966781616 -0.6982196569442749 0.7135183811187744 14.61323356628418 
0.9372550249099731 -0.20793327689170837 -0.2798512876033783 -1419.5 
0.0 0.0 0.0 1.0

DataSet_1
0.3451533615589142 0.675879180431366 0.6511962413787842 34.70560836791992 
0.03988244757056236 -0.7037703394889832 0.7093071937561035 5.520995140075684 
0.9376985430717468 -0.21884851157665253 -0.26986441016197205 -1419.299072265625 
0.0 0.0 0.0 1.0

DataSet_2
0.34400954842567444 0.6691609025001526 0.6586964726448059 34.83995819091797 
0.025174260139465332 -0.7078332304954529 0.7059308290481567 -1.6175594329833984 
0.938628613948822 -0.22626473009586334 -0.26034703850746155 -1419.2000732421875 
0.0 0.0 0.0 1.0

DataSet_3
0.3434618413448334 0.6602295637130737 0.6679303050041199 34.693572998046875 
0.00674745487049222 -0.7129110097885132 0.7012220621109009 -10.818431854248047 
0.9391424059867859 -0.23633623123168945 -0.24931257963180542 -1419.138916015625 
0.0 0.0 0.0 1.0

DataSet_4
0.34331610798835754 0.6524075269699097 0.6756467223167419 34.45655822753906 
-0.009473681449890137 -0.7169280648231506 0.6970827579498291 -18.75955581665039 
0.939172089099884 -0.24572059512138367 -0.2399522364139557 -1419.303955078125 
0.0 0.0 0.0 1.0

DataSet_5
0.34293627738952637 0.6452972292900085 0.6826318502426147 34.17634963989258 
-0.023974595591425896 -0.7204505801200867 0.6930917501449585 -25.9644832611084 
0.9390526413917542 -0.25405213236808777 -0.2315978854894638 -1419.4632568359375 
0.0 0.0 0.0 1.0

DataSet_6
0.34203654527664185 0.636483371257782 0.6913030743598938 33.700584411621094 
-0.04255986213684082 -0.72442626953125 0.6880372762680054 -35.04479217529297 
0.9387223720550537 -0.26475563645362854 -0.22069162130355835 -1419.807373046875 
0.0 0.0 0.0 1.0

DataSet_7
0.34065839648246765 0.6283541321754456 0.6993733048439026 33.208534240722656 
-0.05927618592977524 -0.7280320525169373 0.6829755902290344 -43.291526794433594 
0.9383167028427124 -0.2741175591945648 -0.21076379716396332 -1420.193359375 
0.0 0.0 0.0 1.0

DataSet_8
0.340104877948761 0.621365487575531 0.7058566212654114 32.71262741088867 
-0.07345130294561386 -0.7307559847831726 0.6786755919456482 -49.89297866821289 
0.9375145435333252 -0.28266698122024536 -0.20289357006549835 -1420.662841796875 
0.0 0.0 0.0 1.0

DataSet_9
0.3385564088821411 0.6119705438613892 0.7147527933120728 31.852771759033203 
-0.09239661693572998 -0.7343180775642395 0.672487735748291 -59.30637741088867 
0.9363986253738403 -0.29371577501296997 -0.192064106464386 -1421.374755859375 
0.0 0.0 0.0 1.0

DataSet_10
0.33880415558815 0.6029778122901917 0.7222391963005066 30.88523292541504 
-0.10881924629211426 -0.737374484539032 0.666661262512207 -67.30683135986328 
0.934542715549469 -0.30446115136146545 -0.18420995771884918 -1422.2198486328125 
0.0 0.0 0.0 1.0

DataSet_11
0.3365490436553955 0.5953918695449829 0.7295500636100769 30.133647918701172 
-0.12409455329179764 -0.739945113658905 0.6611215472221375 -74.95360565185547 
0.9334534406661987 -0.31303298473358154 -0.17514292895793915 -1422.9891357421875 
0.0 0.0 0.0 1.0

DataSet_12
0.33452221751213074 0.5859890580177307 0.7380459308624268 29.050687789916992 
-0.14295075833797455 -0.7425500154495239 0.6543581485748291 -83.7039794921875 
0.93148273229599 -0.3244015574455261 -0.1646319031715393 -1424.010986328125 
0.0 0.0 0.0 1.0

DataSet_13
0.33347806334495544 0.5771770477294922 0.7454254031181335 27.839757919311523 
-0.16035595536231995 -0.7444376349449158 0.6481500864028931 -91.84646606445312 
0.92902010679245 -0.33567723631858826 -0.15569984912872314 -1425.1673583984375 
0.0 0.0 0.0 1.0

DataSet_14
0.33195552229881287 0.568959653377533 0.7523898482322693 26.686092376708984 
-0.17540358006954193 -0.7464770078659058 0.6418766975402832 -99.4923324584961 
0.9268436431884766 -0.34504637122154236 -0.1479996144771576 -1426.346923828125 
0.0 0.0 0.0 1.0

DataSet_15
0.3300701081752777 0.5609468817710876 0.7592050433158875 25.49665641784668 
-0.19012707471847534 -0.7482904195785522 0.6355416178703308 -106.87987518310547 
0.9246109127998352 -0.3541187345981598 -0.14033710956573486 -1427.5577392578125 
0.0 0.0 0.0 1.0

DataSet_16
0.32711371779441833 0.5515410900115967 0.7673324942588806 23.94647216796875 
-0.20822681486606598 -0.7499775290489197 0.6278338432312012 -115.75519561767578 
0.921758234500885 -0.3651522397994995 -0.13048233091831207 -1429.115966796875 
0.0 0.0 0.0 1.0

DataSet_17
0.3256015479564667 0.5430529713630676 0.7740007042884827 22.498859405517578 
-0.22378860414028168 -0.7510865926742554 0.6211180090904236 -123.1199951171875 
0.9186415672302246 -0.3754495084285736 -0.12302589416503906 -1430.6072998046875 
0.0 0.0 0.0 1.0

DataSet_18
0.32282736897468567 0.5356793403625488 0.7802757024765015 21.176578521728516 
-0.23827846348285675 -0.7518624663352966 0.6147570610046387 -129.98992919921875 
0.9159726500511169 -0.38438329100608826 -0.11508093029260635 -1432.013427734375 
0.0 0.0 0.0 1.0

DataSet_19
0.3205450475215912 0.527151346206665 0.7869957685470581 19.570842742919922 
-0.2532130181789398 -0.7529140710830688 0.6074566841125488 -137.73199462890625 
0.9127617478370667 -0.3939948081970215 -0.10786129534244537 -1433.73779296875 
0.0 0.0 0.0 1.0

DataSet_20
0.3175751268863678 0.5169995427131653 0.7948946356773376 17.5091552734375 
-0.27166494727134705 -0.7535437345504761 0.5986400842666626 -146.677001953125 
0.9084845781326294 -0.4060581624507904 -0.09885610640048981 -1435.8597412109375 
0.0 0.0 0.0 1.0

DataSet_21
0.3143034279346466 0.5099365711212158 0.8007359504699707 15.974027633666992 
-0.2850135266780853 -0.7538816332817078 0.5919710993766785 -153.36216735839844 
0.9055278301239014 -0.4142790734767914 -0.09160879254341125 -1437.522216796875 
0.0 0.0 0.0 1.0

DataSet_22
0.3108837604522705 0.500176727771759 0.8081921935081482 13.826189041137695 
-0.302023708820343 -0.7542650103569031 0.582980215549469 -161.99008178710938 
0.9011842012405396 -0.42533227801322937 -0.08342351764440536 -1439.8212890625 
0.0 0.0 0.0 1.0

DataSet_23
0.3080705404281616 0.49333465099334717 0.813457727432251 12.216537475585938 
-0.3160690665245056 -0.7534031271934509 0.5766143798828125 -168.22293090820312 
0.8973253965377808 -0.43474674224853516 -0.07617348432540894 -1441.695068359375 
0.0 0.0 0.0 1.0

DataSet_24
0.30353453755378723 0.48438215255737305 0.8205124735832214 10.025947570800781 
-0.3330821096897125 -0.7528681755065918 0.5676670074462891 -176.2523193359375 
0.8927054405212402 -0.4456045627593994 -0.06718245148658752 -1444.0244140625 
0.0 0.0 0.0 1.0

DataSet_25
0.2998155355453491 0.47512975335121155 0.8272619843482971 7.679161071777344 
-0.3494386672973633 -0.7521928548812866 0.5586577653884888 -184.22100830078125 
0.8876954913139343 -0.4565715789794922 -0.05949043110013008 -1446.5408935546875 
0.0 0.0 0.0 1.0

DataSet_26
0.2955232858657837 0.46697917580604553 0.8334245085716248 5.5675811767578125 
-0.36403048038482666 -0.7515268325805664 0.5501720309257507 -191.4511260986328 
0.8832597732543945 -0.46598055958747864 -0.05209903046488762 -1448.9193115234375 
0.0 0.0 0.0 1.0

DataSet_27
0.2907910943031311 0.4578858017921448 0.840107798576355 3.0610122680664062 
-0.3801206648349762 -0.7504943013191223 0.5406168103218079 -199.51121520996094 
0.8780369162559509 -0.4765489101409912 -0.044185202568769455 -1451.64111328125 
0.0 0.0 0.0 1.0

DataSet_28
0.2865242063999176 0.4508785307407379 0.84534752368927 1.0260772705078125 
-0.39340996742248535 -0.7491528987884521 0.5329150557518005 -205.76902770996094 
0.8735745549201965 -0.4852612018585205 -0.037270329892635345 -1453.889404296875 
0.0 0.0 0.0 1.0

DataSet_29
0.28180769085884094 0.44181177020072937 0.8516964316368103 -1.5994415283203125 
-0.40970733761787415 -0.7472624182701111 0.523200511932373 -213.45050048828125 
0.8675968647003174 -0.49638816714286804 -0.02957078441977501 -1456.828125 
0.0 0.0 0.0 1.0

DataSet_30
0.27796098589897156 0.43463385105133057 0.8566393852233887 -3.758747100830078 
-0.42246583104133606 -0.7455950975418091 0.5153742432594299 -219.6185302734375 
0.8627052307128906 -0.5051547884941101 -0.023628389462828636 -1459.35791015625 
0.0 0.0 0.0 1.0

DataSet_31
0.27278855443000793 0.42558521032333374 0.8628230690956116 -6.553810119628906 
-0.4378335475921631 -0.7436656951904297 0.5052357912063599 -227.20484924316406 
0.8566727638244629 -0.5155953764915466 -0.016528012230992317 -1462.461181640625 
0.0 0.0 0.0 1.0

DataSet_32
0.2679578959941864 0.41743990778923035 0.8682985901832581 -9.114860534667969 
-0.45176202058792114 -0.7415903210639954 0.49593839049339294 -234.0009765625 
0.850946307182312 -0.5251549482345581 -0.010131485760211945 -1465.449951171875 
0.0 0.0 0.0 1.0

DataSet_33
0.26183754205703735 0.4095287322998047 0.8739149570465088 -11.80679702758789 
-0.4656434655189514 -0.7395350933074951 0.48607000708580017 -241.0369110107422 
0.8453503847122192 -0.5342041850090027 -0.0029436899349093437 -1468.486572265625 
0.0 0.0 0.0 1.0

DataSet_34
0.2571648955345154 0.4006578326225281 0.8793972730636597 -14.733039855957031 
-0.4809519052505493 -0.7362309694290161 0.4760768711566925 -247.96621704101562 
0.8381834626197815 -0.5453780293464661 0.0033644072245806456 -1471.795166015625 
0.0 0.0 0.0 1.0

DataSet_35
0.25119996070861816 0.3914245367050171 0.8852600455284119 -17.870346069335938 
-0.4958942234516144 -0.7333974838256836 0.4649914503097534 -255.34898376464844 
0.8312565684318542 -0.5558012127876282 0.009875780902802944 -1475.466552734375 
0.0 0.0 0.0 1.0

DataSet_36
0.24470944702625275 0.3843570649623871 0.8901610970497131 -20.707107543945312 
-0.5085682272911072 -0.7307683229446411 0.455341637134552 -261.6859436035156 
0.8255153298377991 -0.5641340613365173 0.01664586551487446 -1478.4598388671875 
0.0 0.0 0.0 1.0

DataSet_37
0.2374773770570755 0.3763372600078583 0.8955304622650146 -23.87173843383789 
-0.5232935547828674 -0.7271361351013184 0.44433867931365967 -268.7229919433594 
0.8183937668800354 -0.5741457343101501 0.024256480857729912 -1482.1363525390625 
0.0 0.0 0.0 1.0

DataSet_38
0.23315805196762085 0.36988723278045654 0.8993446230888367 -26.306251525878906 
-0.5345485806465149 -0.723821222782135 0.4362805187702179 -273.89703369140625 
0.8123393058776855 -0.5824657082557678 0.028957944363355637 -1485.023193359375 
0.0 0.0 0.0 1.0

DataSet_39
0.22609244287014008 0.3609561026096344 0.9047612547874451 -29.862293243408203 
-0.5487275719642639 -0.7202304601669312 0.4244597852230072 -281.1490173339844 
0.8048479557037354 -0.5924345850944519 0.03522789478302002 -1489.11181640625 
0.0 0.0 0.0 1.0

DataSet_40
0.22105666995048523 0.3539751470088959 0.9087549448013306 -32.64491653442383 
-0.5592922568321228 -0.7173424959182739 0.4154658913612366 -286.6466369628906 
0.7989531755447388 -0.600101113319397 0.039402227848768234 -1492.34130859375 
0.0 0.0 0.0 1.0

DataSet_41
0.2141534686088562 0.3458443284034729 0.9135261178016663 -36.07591247558594 
-0.5726028680801392 -0.7132370471954346 0.4042510390281677 -293.2209777832031 
0.7913686037063599 -0.6096594333648682 0.045289285480976105 -1496.3109130859375 
0.0 0.0 0.0 1.0

DataSet_42
0.2061852514743805 0.3362531363964081 0.91892409324646 -40.19115447998047 
-0.5872763991355896 -0.7086367607116699 0.39107590913772583 -300.8312683105469 
0.7826839089393616 -0.6202965378761292 0.051363080739974976 -1501.0389404296875 
0.0 0.0 0.0 1.0

DataSet_43
0.19980977475643158 0.3290039598941803 0.9229476451873779 -43.37355041503906 
-0.5989657640457153 -0.7044451236724854 0.3807847797870636 -306.3298645019531 
0.7754456996917725 -0.628898561000824 0.05630708485841751 -1504.7310791015625 
0.0 0.0 0.0 1.0

DataSet_44
0.1930854767560959 0.3217822015285492 0.9269165396690369 -46.78264236450195 
-0.6113359928131104 -0.6994602680206299 0.3701670169830322 -311.9938659667969 
0.7674544453620911 -0.6381312608718872 0.06166139990091324 -1508.5318603515625 
0.0 0.0 0.0 1.0

DataSet_45
0.18594111502170563 0.31354013085365295 0.9311919808387756 -50.554569244384766 
-0.6240435838699341 -0.6943469643592834 0.35840192437171936 -318.14794921875 
0.7589436769485474 -0.6477460265159607 0.06655504554510117 -1512.841552734375 
0.0 0.0 0.0 1.0

DataSet_46
0.17871274054050446 0.30656740069389343 0.9349215030670166 -54.11427307128906 
-0.6356439590454102 -0.6893275380134583 0.3475404381752014 -323.9115905761719 
0.7510117292404175 -0.6563870906829834 0.07167608290910721 -1517.0447998046875 
0.0 0.0 0.0 1.0

DataSet_47
0.17118176817893982 0.2990374267101288 0.9387615919113159 -57.848514556884766 
-0.6475882530212402 -0.68393474817276 0.33595043420791626 -329.7308044433594 
0.7425134181976318 -0.6654396057128906 0.07657597959041595 -1521.4193115234375 
0.0 0.0 0.0 1.0

DataSet_48
0.1649520993232727 0.2931712567806244 0.941722571849823 -60.843448638916016 
-0.6566427946090698 -0.6797953844070435 0.32664722204208374 -334.3369140625 
0.7359422445297241 -0.6722565293312073 0.08037513494491577 -1524.9775390625 
0.0 0.0 0.0 1.0

DataSet_49
0.15623915195465088 0.2843261957168579 0.945911169052124 -65.34565734863281 
-0.6691553592681885 -0.6739418506622314 0.31310296058654785 -340.723876953125 
0.7265124917030334 -0.6818804740905762 0.08496230840682983 -1530.100830078125 
0.0 0.0 0.0 1.0

DataSet_50
0.1488620489835739 0.2784036695957184 0.9488579630851746 -68.70858764648438 
-0.6791918873786926 -0.6686183214187622 0.3027341663837433 -345.47686767578125 
0.7187061309814453 -0.6895222663879395 0.08955762535333633 -1534.0408935546875 
0.0 0.0 0.0 1.0

DataSet_51
0.14188486337661743 0.27061527967453003 0.9521744251251221 -72.76129150390625 
-0.6901940107345581 -0.6624776721000671 0.2911280691623688 -350.7936096191406 
