0.1423437 -0.1216632 0.9823117 664.1548 0.00048223 0.9924256 0.122846 350.7599 -0.9898171 -0.01701265 0.1413243 5.212351 0 0 0 1
0.1605389 -0.1213294 0.979544 664.1255 0.00048223 0.9924256 0.122846 350.7599 -0.9870294 -0.01924919 0.1593815 12.76432 0 0 0 1
0.1786797 -0.1209546 0.9764444 663.8977 0.00048223 0.9924256 0.122846 358.552 -0.9839072 -0.02147921 0.1773847 20.31052 0 0 0 1
0.1952557 -0.1205749 0.9733123 663.6215 0.00048223 0.9924256 0.122846 358.552 -0.9807522 -0.02351702 0.1938349 27.22671 0 0 0 1
0.2132751 -0.1201216 0.9695796 663.1872 0.00048223 0.9924256 0.122846 358.552 -0.9769921 -0.02573242 0.2117176 34.76513 0 0 0 1
0.2297295 -0.1196703 0.9658692 662.6672 0.00048223 0.9924256 0.122846 358.552 -0.9732544 -0.02775557 0.2280472 41.66726 0 0 0 1
0.2446314 -0.1192305 0.9622575 662.0936 0.00048223 0.9924256 0.122846 358.552 -0.969616 -0.02958795 0.242836 47.93352 0 0 0 1
0.2624375 -0.1186657 0.9576247 661.2783 0.00048223 0.9924256 0.122846 358.552 -0.9649489 -0.03177758 0.2605069 55.4403 0 0 0 1
0.2786817 -0.1181126 0.9530928 660.4098 0.00048223 0.9924256 0.122846 358.552 -0.9603834 -0.0337753 0.2766278 62.30729 0 0 0 1
0.2948465 -0.1175259 0.9482896 659.4255 0.00048223 0.9924256 0.122846 358.552 -0.9555445 -0.03576341 0.2926699 69.15864 0 0 0 1
0.3109275 -0.1169057 0.9432164 658.3257 0.00048223 0.9924256 0.122846 358.552 -0.9504336 -0.03774133 0.3086287 75.99241 0 0 0 1
0.3283691 -0.1161912 0.9373757 656.9947 0.00048223 0.9924256 0.122846 358.552 -0.9445493 -0.03988679 0.325938 83.42509 0 0 0 1
0.3456996 -0.1154374 0.9312175 655.5271 0.00048223 0.9924256 0.122846 358.552 -0.9383451 -0.04201873 0.3431368 90.83201 0 0 0 1
0.361483 -0.114712 0.9252952 654.0622 0.00048223 0.9924256 0.122846 358.552 -0.9323785 -0.04396053 0.3588004 97.59692 0 0 0 1
0.3771636 -0.1139539 0.9191094 652.4834 0.00048223 0.9924256 0.122846 358.552 -0.9261465 -0.0458898 0.3743618 104.3361 0 0 0 1
0.394147 -0.1130899 0.9120629 650.6316 0.00048223 0.9924256 0.122846 358.552 -0.9190473 -0.04797954 0.3912162 111.6565 0 0 0 1
0.4109969 -0.1121876 0.9047074 648.6454 0.00048223 0.9924256 0.122846 358.552 -0.9116366 -0.05005303 0.407938 118.9415 0 0 0 1
0.4263204 -0.1113271 0.8976955 646.7072 0.00048223 0.9924256 0.122846 358.552 -0.9045721 -0.05193885 0.423145 125.5863 0 0 0 1
0.4415226 -0.1104349 0.8904279 644.6572 0.00048223 0.9924256 0.122846 358.552 -0.89725 -0.05380987 0.4382316 132.1974 0 0 0 1
0.456599 -0.1095112 0.8829069 642.4958 0.00048223 0.9924256 0.122846 358.552 -0.8896725 -0.05566558 0.4531934 138.773 0 0 0 1
0.4715455 -0.1085564 0.8751345 640.2239 0.00048223 0.9924256 0.122846 358.552 -0.8818417 -0.05750544 0.4680261 145.3112 0 0 0 1
0.4877273 -0.1060362 0.8665324 638.1329 0.0002044892 0.9926099 0.121349 358.6175 -0.872996 -0.05900803 0.4841447 152.5716 0 0 0 1
0.503684 -0.1063662 0.8573148 634.886 0.00048223 0.9924256 0.122846 358.552 -0.8638878 -0.06146213 0.4999203 159.4376 0 0 0 1
0.5208102 -0.1051195 0.8471757 631.7703 0.00048223 0.9924256 0.122846 358.9415 -0.8536724 -0.06357089 0.5169161 167.0006 0 0 0 1
0.5325459 -0.1042318 0.8399587 629.5392 0.00048223 0.9924256 0.122846 358.552 -0.846401 -0.06501605 0.5285624 172.2062 0 0 0 1
0.5505987 -0.1028116 0.8284146 625.9136 0.00048223 0.9924256 0.122846 358.552 -0.8347699 -0.06723934 0.5464779 180.2349 0 0 0 1
0.5608012 -0.1019788 0.8216462 623.7647 0.00048223 0.9924256 0.122846 358.552 -0.8279504 -0.06849594 0.5566027 184.7871 0 0 0 1
0.575946 -0.1007007 0.8112617 620.437 0.00048223 0.9924256 0.122846 358.552 -0.8174876 -0.07036143 0.5716321 191.5652 0 0 0 1
0.5896575 -0.09949916 0.801501 617.2774 0.00048223 0.9924256 0.122846 358.552 -0.8076532 -0.07205053 0.5852392 197.7237 0 0 0 1
0.6032011 -0.09826928 0.7915123 614.0143 0.00048223 0.9924256 0.122846 358.552 -0.797589 -0.07371912 0.5986796 203.828 0 0 0 1
0.6177799 -0.09689571 0.7803584 610.3378 0.00048223 0.9924256 0.122846 358.552 -0.7863509 -0.07551545 0.6131473 210.4234 0 0 0 1
0.6321494 -0.0954893 0.7689402 606.5327 0.00048223 0.9924256 0.122846 358.9415 -0.7748464 -0.07728619 0.6274073 216.945 0 0 0 1
0.6463047 -0.09405053 0.7572613 602.6159 0.00048223 0.9924256 0.122846 358.9415 -0.7630793 -0.07903074 0.6414547 223.4005 0 0 0 1
0.6579337 -0.0928272 0.7473329 599.2692 0.00048223 0.9924256 0.122846 358.552 -0.7530757 -0.0804641 0.652995 228.7295 0 0 0 1
0.6705467 -0.09145632 0.7362085 595.4856 0.00048223 0.9924256 0.122846 358.552 -0.7418672 -0.08201892 0.6655118 234.5255 0 0 0 1
0.6841134 -0.08864786 0.7239684 591.7032 0.0002044892 0.9926099 0.121349 358.6175 -0.7293756 -0.08286844 0.6790759 241.0661 0 0 0 1
0.6973984 -0.08837546 0.711214 586.8943 0.00048223 0.9924256 0.122846 358.552 -0.7166836 -0.0853296 0.6921586 246.9447 0 0 0 1
0.7093917 -0.08692311 0.699434 582.8051 0.00048223 0.9924256 0.122846 358.552 -0.7048143 -0.08680861 0.7040604 252.5294 0 0 0 1
0.7222448 -0.08531052 0.686356 578.2374 0.00048223 0.9924256 0.122846 358.552 -0.6916373 -0.08839387 0.7168154 258.542 0 0 0 1
0.733812 -0.08380691 0.6741635 573.9467 0.00048223 0.9924256 0.122846 358.9415 -0.6793525 -0.08982073 0.7282942 263.9729 0 0 0 1
0.7482312 -0.08185876 0.6583686 568.3633 0.00048223 0.9924256 0.122846 358.9415 -0.6634378 -0.0915997 0.7426033 270.7866 0 0 0 1
0.7563163 -0.08072853 0.6492061 565.1143 0.00048223 0.9924256 0.122846 358.552 -0.654206 -0.09259733 0.7506266 274.6321 0 0 0 1
0.768252 -0.07783721 0.6353977 560.5598 0.0002044892 0.9926099 0.121349 358.6175 -0.6401476 -0.09309668 0.7625904 280.6605 0 0 0 1
0.7798833 -0.07726558 0.6211377 555.0674 0.00048223 0.9924256 0.122846 358.552 -0.6259248 -0.09550598 0.7740135 285.9063 0 0 0 1
0.7903545 -0.07450485 0.6081025 550.7299 0.0002044892 0.9926099 0.121349 358.6175 -0.6126497 -0.09578439 0.784529 291.3079 0 0 0 1
0.7996591 -0.07302683 0.5959969 546.3337 0.0002044892 0.9926099 0.121349 359.007 -0.6004542 -0.09691597 0.7937645 295.821 0 0 0 1
0.8105559 -0.07233402 0.5811772 540.5831 0.00048223 0.9924256 0.122846 358.9415 -0.5856611 -0.09929325 0.8044513 300.782 0 0 0 1
0.8203224 -0.07064835 0.5675209 535.5983 0.00048223 0.9924256 0.122846 358.552 -0.5719012 -0.1004996 0.814143 305.5846 0 0 0 1
0.8315632 -0.0686303 0.5511737 529.5903 0.00048223 0.9924256 0.122846 358.9415 -0.5554299 -0.1018884 0.8252978 311.1356 0 0 0 1
0.8416646 -0.06569938 0.5359891 524.3239 0.0002044892 0.9926099 0.121349 359.007 -0.5400006 -0.1020256 0.835458 316.5529 0 0 0 1
0.8498306 -0.06515339 0.5230134 519.1851 0.00048223 0.9924256 0.122846 358.9415 -0.5270557 -0.104146 0.8434251 320.265 0 0 0 1
0.8399853 -0.06705934 0.5384495 524.8989 0.00048223 0.9924256 0.122846 358.9415 -0.542609 -0.1029291 0.8336552 315.3288 0 0 0 1
0.8315632 -0.0686303 0.5511737 529.5903 0.00048223 0.9924256 0.122846 358.9415 -0.5554299 -0.1018884 0.8252978 311.1356 0 0 0 1
0.8212183 -0.06941014 0.5663768 535.5197 0.0002044892 0.9926099 0.121349 359.007 -0.570614 -0.09953821 0.8151636 306.3896 0 0 0 1
0.8105559 -0.07233402 0.5811772 540.5831 0.00048223 0.9924256 0.122846 358.9415 -0.5856611 -0.09929325 0.8044513 300.782 0 0 0 1
0.801477 -0.07384859 0.5934485 545.0496 0.00048223 0.9924256 0.122846 358.9415 -0.5980254 -0.09817202 0.7954419 296.3499 0 0 0 1
0.7903535 -0.07318229 0.6082644 551.1676 -0.001763274 0.9925641 0.1217098 359.7698 -0.6126485 -0.09726629 0.7843475 291.1495 0 0 0 1
0.7799048 -0.07611042 0.6212533 555.4453 0.0002044892 0.9926099 0.121349 359.786 -0.6258981 -0.09451363 0.7741568 286.6276 0 0 0 1
0.768252 -0.07783721 0.6353977 560.5383 0.0002044892 0.9926099 0.121349 359.786 -0.6401476 -0.09309668 0.7625904 280.6401 0 0 0 1
0.7563388 -0.07953762 0.6493269 565.5158 0.0002044892 0.9926099 0.121349 359.786 -0.6541801 -0.09164818 0.7507656 274.9494 0 0 0 1
0.7461923 -0.0821394 0.6606438 569.1547 0.00048223 0.9924256 0.122846 359.7206 -0.6657303 -0.09134813 0.74058 269.8071 0 0 0 1
0.733812 -0.08380691 0.6741635 573.9313 0.00048223 0.9924256 0.122846 359.7206 -0.6793525 -0.08982073 0.7282942 263.9597 0 0 0 1
0.721183 -0.08544602 0.6874548 578.5995 0.00048223 0.9924256 0.122846 359.7206 -0.6927444 -0.0882629 0.7157617 258.0253 0 0 0 1
0.7083097 -0.08705617 0.7005131 583.149 0.00048223 0.9924256 0.122846 360.11 -0.7059017 -0.08667517 0.7029867 251.9992 0 0 0 1
0.6962981 -0.08850624 0.7122749 587.2292 0.00048223 0.9924256 0.122846 360.11 -0.7177525 -0.08519393 0.6910668 246.4088 0 0 0 1
0.6852065 -0.08980264 0.7227915 590.8618 0.00048223 0.9924256 0.122846 359.3311 -0.7283487 -0.08382629 0.6800598 241.6699 0 0 0 1
0.6705467 -0.09145632 0.7362085 595.47 0.00048223 0.9924256 0.122846 359.3311 -0.7418672 -0.08201892 0.6655118 234.5144 0 0 0 1
0.6463047 -0.09405053 0.7572613 602.6077 0.00048223 0.9924256 0.122846 359.3311 -0.7630793 -0.07903074 0.6414547 223.395 0 0 0 1
0.6579337 -0.0928272 0.7473329 599.2535 0.00048223 0.9924256 0.122846 359.3311 -0.7530757 -0.0804641 0.652995 228.7186 0 0 0 1
0.6333373 -0.09537064 0.7679768 606.2025 0.00048223 0.9924256 0.122846 359.3311 -0.7738758 -0.07743258 0.6285861 217.4804 0 0 0 1
0.6189854 -0.09677976 0.7794169 610.0096 0.00048223 0.9924256 0.122846 359.3311 -0.7854024 -0.075664 0.6143436 210.9599 0 0 0 1
0.6044239 -0.09815609 0.7905929 613.6962 0.00048223 0.9924256 0.122846 359.3311 -0.7966627 -0.07386978 0.5998931 204.3705 0 0 0 1
0.5921326 -0.09927764 0.7997018 616.6752 0.00048223 0.9924256 0.122846 359.3311 -0.8058404 -0.07235545 0.5876954 198.8282 0 0 0 1
0.5759741 -0.09931583 0.8114125 620.9124 0.0002044892 0.9926099 0.121349 359.3965 -0.8174679 -0.06972796 0.5717379 191.7812 0 0 0 1
0.5620706 -0.1018736 0.8207914 623.4752 0.00048223 0.9924256 0.122846 359.3311 -0.8270891 -0.06865229 0.5578624 185.3454 0 0 0 1
0.5467514 -0.10312 0.8309207 626.6879 0.00048223 0.9924256 0.122846 359.3311 -0.8372949 -0.06676549 0.5426598 178.5125 0 0 0 1
0.5338436 -0.104132 0.8391469 629.2688 0.00048223 0.9924256 0.122846 359.3311 -0.8455831 -0.06517586 0.5298503 172.7739 0 0 0 1
0.5181887 -0.105314 0.8487576 632.2491 0.00048223 0.9924256 0.122846 359.3311 -0.8552662 -0.06324809 0.5143145 165.8365 0 0 0 1
0.5010313 -0.1065543 0.8588445 635.3332 0.00048223 0.9924256 0.122846 359.3311 -0.865429 -0.06113551 0.4972877 158.2604 0 0 0 1
0.4876974 -0.1074795 0.8663714 637.5927 0.00048223 0.9924256 0.122846 359.7206 -0.8730126 -0.05949386 0.4840552 152.3876 0 0 0 1
0.4728976 -0.108468 0.8744155 639.9844 0.00048223 0.9924256 0.122846 359.7206 -0.8811172 -0.05767189 0.469368 145.8928 0 0 0 1
0.4552337 -0.1095965 0.8836011 642.6692 0.00048223 0.9924256 0.122846 359.7206 -0.8903719 -0.05549752 0.4518385 138.1664 0 0 0 1
0.4428984 -0.1103522 0.8897547 644.4374 0.00048223 0.9924256 0.122846 359.7206 -0.8965717 -0.05397921 0.439597 132.7867 0 0 0 1
0.4249634 -0.1099327 0.8985104 647.3839 0.0002044892 0.9926099 0.121349 359.786 -0.9052105 -0.05138515 0.4218453 125.1102 0 0 0 1
0.4067973 -0.1124167 0.9065751 649.1263 0.00048223 0.9924256 0.122846 359.7206 -0.9135183 -0.04953622 0.4037702 117.1148 0 0 0 1
0.3927368 -0.1131634 0.912662 650.7627 0.00048223 0.9924256 0.122846 359.7206 -0.9196508 -0.04780601 0.3898166 111.0393 0 0 0 1
0.3785838 -0.1138834 0.9185341 652.3057 0.00048223 0.9924256 0.122846 359.7206 -0.9255669 -0.04606455 0.3757712 104.9394 0 0 0 1
0.361483 -0.114712 0.9252952 654.0336 0.00048223 0.9924256 0.122846 359.7206 -0.9323785 -0.04396053 0.3588004 97.58942 0 0 0 1
0.3442598 -0.1155017 0.9317428 655.6259 0.00048223 0.9924256 0.122846 359.7206 -0.9388743 -0.0418416 0.3417079 90.20885 0 0 0 1
0.3269198 -0.1162523 0.9378746 657.082 0.00048223 0.9924256 0.122846 359.7206 -0.945052 -0.03970851 0.3244997 82.80021 0 0 0 1
0.3109275 -0.1169057 0.9432164 658.2968 0.00048223 0.9924256 0.122846 359.7206 -0.9504336 -0.03774133 0.3086287 75.98646 0 0 0 1
0.2948465 -0.1175259 0.9482896 659.3964 0.00048223 0.9924256 0.122846 359.7206 -0.9555445 -0.03576341 0.2926699 69.15318 0 0 0 1
0.2786817 -0.1181126 0.9530928 660.3806 0.00048223 0.9924256 0.122846 359.7206 -0.9603834 -0.0337753 0.2766278 62.30232 0 0 0 1
0.2609569 -0.1187143 0.9580232 661.3223 0.00048223 0.9924256 0.122846 359.7206 -0.9653503 -0.03159552 0.2590376 54.81089 0 0 0 1
0.2446314 -0.1192305 0.9622575 662.0643 0.00048223 0.9924256 0.122846 359.7206 -0.969616 -0.02958795 0.242836 47.92958 0 0 0 1
0.2297295 -0.1196703 0.9658692 662.6379 0.00048223 0.9924256 0.122846 359.7206 -0.9732544 -0.02775557 0.2280472 41.66378 0 0 0 1
0.2117762 -0.120161 0.9699032 663.1993 0.00048223 0.9924256 0.122846 359.7206 -0.977318 -0.02554813 0.21023 34.1343 0 0 0 1
0.1937511 -0.1206109 0.9736085 663.622 0.00048223 0.9924256 0.122846 359.7206 -0.9810506 -0.02333203 0.1923417 26.59576 0 0 0 1
0.1756603 -0.1210199 0.976984 663.9163 0.00048223 0.9924256 0.122846 359.3311 -0.9844507 -0.02110803 0.1743881 19.05138 0 0 0 1
0.1590247 -0.1213588 0.9797873 664.0441 0.00048223 0.9924256 0.122846 359.7206 -0.9872745 -0.01906305 0.1578787 12.13091 0 0 0 1
0.1438619 -0.1216369 0.9820938 664.0684 0.00048223 0.9924256 0.122846 359.7206 -0.9895977 -0.01719926 0.1428309 5.838948 0 0 0 1
0.1241003 -0.1219557 0.9847466 663.9556 0.00048223 0.9924256 0.122846 359.7206 -0.9922696 -0.01477035 0.1232192 -2.339831 0 0 0 1
0.1088651 -0.1221679 0.9865208 663.7579 0.00048223 0.9924256 0.122846 359.7206 -0.9940564 -0.01289791 0.1080994 -8.628734 0 0 0 1
0.09054933 -0.1223847 0.9883435 663.3934 0.00048223 0.9924256 0.122846 359.7206 -0.9958919 -0.01064701 0.0899225 -16.17031 0 0 0 1
0.07220288 -0.1225599 0.9898312 662.8901 0.00048223 0.9924256 0.122846 359.7206 -0.9973899 -0.008392505 0.07171509 -23.70389 0 0 0 1
0.05689522 -0.1226742 0.9908148 662.3649 0.00048223 0.9924256 0.122846 359.7206 -0.9983801 -0.006511547 0.05652343 -29.97394 0 0 0 1
0.03697578 -0.1227797 0.9917449 661.5384 0.00048223 0.9924256 0.122846 359.7206 -0.999316 -0.004064076 0.03675492 -38.11163 0 0 0 1
0.02010907 -0.1228308 0.9922239 660.7124 0.00048223 0.9924256 0.122846 359.7206 -0.9997977 -0.001991838 0.02001599 -44.98336 0 0 0 1
0.004770598 -0.1228469 0.9924142 659.861 0.00048223 0.9924256 0.122846 359.7206 -0.9999885 -0.0001074768 0.004793705 -51.2175 0 0 0 1
-0.01823788 -0.1232132 0.9922126 658.2855 -0.001485631 0.9923799 0.1232067 359.7043 -0.9998326 0.0007729668 -0.01828196 -62.01296 0 0 0 1
-0.03510566 -0.1227534 0.9918161 657.2224 0.00048223 0.9924256 0.122846 359.7206 -0.9993835 0.004790872 -0.03478057 -68.13702 0 0 0 1
-0.05192902 -0.1211747 0.9912719 656.4296 0.0002044892 0.9926099 0.121349 359.786 -0.9986507 0.00650424 -0.05152048 -75.05833 0 0 0 1
-0.07033631 -0.1225081 0.989972 654.3342 0.00048223 0.9924256 0.122846 359.7206 -0.9975232 0.009117926 -0.06974448 -82.31689 0 0 0 1
-0.08868553 -0.1223195 0.9885205 652.6293 0.00048223 0.9924256 0.122846 359.7206 -0.9960595 0.01137135 -0.08795481 -89.67226 0 0 0 1
-0.1054794 -0.1221102 0.9868957 650.9478 0.00048223 0.9924256 0.122846 359.7206 -0.9944214 0.01343363 -0.1046216 -96.38608 0 0 0 1
-0.1207206 -0.1218898 0.9851748 649.321 0.00048223 0.9924256 0.122846 359.7206 -0.9926864 0.01530512 -0.1197475 -102.4641 0 0 0 1
-0.1404912 -0.1215603 0.9825911 647.0671 0.00048223 0.9924256 0.122846 359.7206 -0.9900818 0.01773261 -0.1393685 -110.327 0 0 0 1
-0.1571769 -0.1212438 0.9800997 645.0378 0.00048223 0.9924256 0.122846 359.7206 -0.9875703 0.01978118 -0.1559279 -116.9441 0 0 0 1
-0.1723069 -0.1209261 0.9775925 643.0964 0.00048223 0.9924256 0.122846 359.7206 -0.9850432 0.02163863 -0.1709435 -122.9291 0 0 0 1
-0.188903 -0.1205438 0.9745691 640.8551 0.00048223 0.9924256 0.122846 359.7206 -0.9819956 0.02367594 -0.1874141 -129.4773 0 0 0 1
-0.2084469 -0.1200477 0.9706382 638.0643 0.00048223 0.9924256 0.122846 359.7206 -0.9780336 0.02607493 -0.2068101 -137.166 0 0 0 1
-0.2234246 -0.1196336 0.9673517 635.8134 0.00048223 0.9924256 0.122846 359.7206 -0.9747211 0.02791329 -0.2216746 -143.0417 0 0 0 1
-0.2428161 -0.1198775 0.9626368 632.4602 -0.001485631 0.9923799 0.1232067 359.7043 -0.9700712 0.02848644 -0.2411439 -151.2693 0 0 0 1
-0.2576681 -0.1185746 0.9589303 630.2964 0.00048223 0.9924256 0.122846 359.7206 -0.9662334 0.03211591 -0.2556593 -156.4198 0 0 0 1
-0.2754096 -0.1179633 0.9540619 627.2316 0.00048223 0.9924256 0.122846 359.7206 -0.9613268 0.03429304 -0.2732667 -163.3201 0 0 0 1
-0.2930579 -0.1173121 0.9488704 624.0499 0.00048223 0.9924256 0.122846 359.3311 -0.9560946 0.03645855 -0.2907816 -170.1671 0 0 0 1
-0.3091483 -0.1166803 0.9438289 621.0047 0.00048223 0.9924256 0.122846 359.7206 -0.9510137 0.03843277 -0.3067504 -176.3829 0 0 0 1
-0.326601 -0.1159531 0.9380227 617.5834 0.00048223 0.9924256 0.122846 359.3311 -0.9451622 0.04057395 -0.3240713 -183.1133 0 0 0 1
-0.3425022 -0.115252 0.9324211 614.3302 0.00048223 0.9924256 0.122846 359.3311 -0.9395169 0.04252465 -0.3398524 -189.2225 0 0 0 1
-0.3597376 -0.1144497 0.9260076 610.6642 0.00048223 0.9924256 0.122846 359.3311 -0.9330534 0.04463886 -0.3569576 -195.8234 0 0 0 1
-0.3740076 -0.1137515 0.9204232 607.5077 0.00048223 0.9924256 0.122846 359.7206 -0.9274255 0.04638918 -0.3711199 -201.2669 0 0 0 1
-0.3896028 -0.1129526 0.9140303 603.9587 0.00048223 0.9924256 0.122846 359.3311 -0.9209828 0.0483019 -0.3865973 -207.2086 0 0 0 1
-0.4064891 -0.1120444 0.9067594 599.9545 0.00048223 0.9924256 0.122846 359.7206 -0.9136555 0.05037281 -0.4033561 -213.6103 0 0 0 1
-0.4218473 -0.1111785 0.8998246 596.1893 0.00048223 0.9924256 0.122846 359.7206 -0.9066668 0.05225616 -0.4185985 -219.4176 0 0 0 1
-0.4384646 -0.1101978 0.8919671 591.9706 0.00048223 0.9924256 0.122846 359.7206 -0.8987483 0.05429374 -0.4350904 -225.6795 0 0 0 1
-0.4562989 -0.1090932 0.8831138 587.281 0.00048223 0.9924256 0.122846 359.7206 -0.8898265 0.05648033 -0.4527901 -232.7639 0 0 0 1
-0.4712479 -0.1081247 0.8753482 583.2096 0.00048223 0.9924256 0.122846 359.3311 -0.8820007 0.05831302 -0.4676264 -238.3605 0 0 0 1
-0.4874028 -0.107033 0.8665924 578.6516 0.00048223 0.9924256 0.122846 359.3311 -0.8731771 0.06029337 -0.4836594 -244.3802 0 0 0 1
-0.5007393 -0.1060956 0.8590715 574.7608 0.00048223 0.9924256 0.122846 359.7206 -0.865598 0.06192807 -0.4968954 -249.3255 0 0 0 1
-0.5165873 -0.1049377 0.8497797 570.0107 0.00048223 0.9924256 0.122846 359.3311 -0.8562344 0.06387045 -0.5126239 -255.1942 0 0 0 1
-0.5296605 -0.1039457 0.8418165 565.9553 0.00048223 0.9924256 0.122846 359.7206 -0.8482096 0.0654726 -0.5255985 -260.0054 0 0 0 1
-0.5438969 -0.1028261 0.8328283 561.4186 0.00048223 0.9924256 0.122846 359.7206 -0.8391519 0.06721716 -0.5397277 -265.2324 0 0 0 1
-0.5617915 -0.101359 0.8210461 555.5182 0.00048223 0.9924256 0.122846 359.7206 -0.8272787 0.06940975 -0.5574874 -271.773 0 0 0 1
-0.5756702 -0.1001734 0.8115227 550.7845 0.00048223 0.9924256 0.122846 359.7206 -0.8176818 0.0711101 -0.5712616 -276.8222 0 0 0 1
-0.5893843 -0.1004018 0.8015894 545.4536 -0.001485631 0.9923799 0.1232067 359.7043 -0.8078514 0.07142521 -0.5850423 -282.276 0 0 0 1
-0.6041551 -0.09760273 0.7908669 540.6152 0.00048223 0.9924256 0.122846 359.7206 -0.7968666 0.07459939 -0.5995319 -287.1176 0 0 0 1
-0.6175146 -0.09633012 0.7806383 535.6246 0.00048223 0.9924256 0.122846 359.7206 -0.7865593 0.07623561 -0.6127908 -291.9132 0 0 0 1
-0.631888 -0.09491055 0.7692266 530.089 0.00048223 0.9924256 0.122846 359.7206 -0.7750596 0.07799582 -0.6270561 -297.0479 0 0 0 1
-0.6425278 -0.09382474 0.7604966 525.8757 0.00048223 0.9924256 0.122846 359.7206 -0.7662623 0.07929867 -0.6376157 -300.8316 0 0 0 1
-0.6576796 -0.09222484 0.747631 519.6987 0.00048223 0.9924256 0.122846 359.7206 -0.7532976 0.08115381 -0.6526536 -306.1934 0 0 0 1
-0.6691572 -0.09096915 0.7375319 514.875 0.00048223 0.9924256 0.122846 359.7206 -0.7431207 0.08255892 -0.6640449 -310.2334 0 0 0 1
-0.6838423 -0.0893048 0.7241439 508.5219 0.00048223 0.9924256 0.122846 359.7206 -0.7296297 0.08435646 -0.6786196 -315.7635 0 0 0 1
-0.6971565 -0.08773695 0.71153 502.5591 0.00048223 0.9924256 0.122846 359.7206 -0.7169188 0.08598598 -0.6918337 -320.3951 0 0 0 1
-0.7069874 -0.08654152 0.7019112 498.0315 0.00048223 0.9924256 0.122846 359.7206 -0.7072259 0.08718903 -0.7015907 -323.7964 0 0 0 1
-0.7209492 -0.08478572 0.6877816 491.4098 0.00048223 0.9924256 0.122846 359.7206 -0.6929877 0.08889737 -0.7154476 -328.5983 0 0 0 1
-0.7335819 -0.0848129 0.674288 484.6172 -0.001485631 0.9923799 0.1232067 359.7043 -0.6795994 0.08938045 -0.7281179 -333.2904 0 0 0 1
-0.7220114 -0.08464926 0.6866834 490.8965 0.00048223 0.9924256 0.122846 359.7206 -0.6918809 0.08902732 -0.7165018 -328.9622 0 0 0 1
-0.7102345 -0.08613937 0.6986751 496.5184 0.00048223 0.9924256 0.122846 359.3311 -0.7039649 0.08758637 -0.7048134 -324.9245 0 0 0 1
-0.6971565 -0.08773695 0.71153 502.5591 0.00048223 0.9924256 0.122846 359.7206 -0.7169188 0.08598598 -0.6918337 -320.3951 0 0 0 1
-0.6838423 -0.0893048 0.7241439 508.5219 0.00048223 0.9924256 0.122846 359.7206 -0.7296297 0.08435646 -0.6786196 -315.7635 0 0 0 1
-0.6714339 -0.09071544 0.7354912 513.9122 0.00048223 0.9924256 0.122846 359.7206 -0.7410643 0.08283762 -0.6663045 -311.422 0 0 0 1
-0.6576796 -0.09222484 0.747631 519.7079 0.00048223 0.9924256 0.122846 359.7206 -0.7532976 0.08115381 -0.6526536 -306.5829 0 0 0 1
-0.6448756 -0.09358102 0.7585368 524.9417 0.00048223 0.9924256 0.122846 359.7206 -0.7642874 0.07958615 -0.6399459 -302.054 0 0 0 1
-0.6306983 -0.09503008 0.7701876 530.5632 0.00048223 0.9924256 0.122846 359.7206 -0.776028 0.07785014 -0.6258753 -297.0134 0 0 0 1
-0.6175146 -0.09633012 0.7806383 535.6339 0.00048223 0.9924256 0.122846 359.7206 -0.7865593 0.07623561 -0.6127908 -292.3027 0 0 0 1
-0.6041551 -0.09760273 0.7908669 540.6244 0.00048223 0.9924256 0.122846 359.7206 -0.7968666 0.07459939 -0.5995319 -287.5071 0 0 0 1
-0.589385 -0.09895933 0.8017683 545.9755 0.00048223 0.9924256 0.122846 359.7206 -0.8078521 0.0727902 -0.5848731 -282.1804 0 0 0 1
-0.5756702 -0.1001734 0.8115227 550.7937 0.00048223 0.9924256 0.122846 359.7206 -0.8176818 0.0711101 -0.5712616 -277.2118 0 0 0 1
-0.5605218 -0.1014654 0.8219002 555.9536 0.00048223 0.9924256 0.122846 359.7206 -0.8281395 0.06925419 -0.5562273 -271.6996 0 0 0 1
-0.5464689 -0.1026194 0.8311685 560.5936 0.00048223 0.9924256 0.122846 359.7206 -0.8374793 0.0675323 -0.5422802 -266.5641 0 0 0 1
-0.5335583 -0.1036433 0.8393888 564.7441 0.00048223 0.9924256 0.122846 359.3311 -0.8457631 0.06595026 -0.5294669 -261.8346 0 0 0 1
-0.5178709 -0.103704 0.8491497 570.0139 0.0002044892 0.9926099 0.121349 359.786 -0.8554587 0.06301676 -0.5140226 -256.4224 0 0 0 1
-0.5033926 -0.1059051 0.857543 573.9845 0.00048223 0.9924256 0.122846 359.7206 -0.8640577 0.06225328 -0.4995286 -250.6981 0 0 0 1
-0.4874028 -0.107033 0.8665924 578.6609 0.00048223 0.9924256 0.122846 359.3311 -0.8731771 0.06029337 -0.4836594 -244.7697 0 0 0 1
-0.4712479 -0.1081247 0.8753482 583.2189 0.00048223 0.9924256 0.122846 359.3311 -0.8820007 0.05831302 -0.4676264 -238.75 0 0 0 1
-0.4562989 -0.1090932 0.8831138 587.2903 0.00048223 0.9924256 0.122846 359.7206 -0.8898265 0.05648033 -0.4527901 -233.1534 0 0 0 1
-0.4412199 -0.1100307 0.890628 591.2755 0.00048223 0.9924256 0.122846 359.7206 -0.8973989 0.05463156 -0.4378248 -227.4946 0 0 0 1
-0.4246269 -0.1110176 0.8985361 595.5222 0.00048223 0.9924256 0.122846 359.3311 -0.9053683 0.052597 -0.4213571 -221.2512 0 0 0 1
-0.4092902 -0.1118893 0.9055177 599.2963 0.00048223 0.9924256 0.122846 359.7206 -0.9124041 0.05071631 -0.4061362 -215.4499 0 0 0 1
-0.3924265 -0.1128039 0.9128399 603.3111 0.00048223 0.9924256 0.122846 359.7206 -0.9197832 0.04864821 -0.3893997 -209.0554 0 0 0 1
-0.3768511 -0.1136087 0.9192803 606.8874 0.00048223 0.9924256 0.122846 359.7206 -0.9262737 0.04673794 -0.373942 -203.1297 0 0 0 1
-0.3597376 -0.1144497 0.9260076 610.6741 0.00048223 0.9924256 0.122846 359.7206 -0.9330534 0.04463886 -0.3569576 -196.5976 0 0 0 1
-0.345383 -0.115121 0.9313741 613.7374 0.00048223 0.9924256 0.122846 359.7206 -0.9384617 0.04287804 -0.3427114 -191.1016 0 0 0 1
-0.326601 -0.1159531 0.9380227 617.5931 0.00048223 0.9924256 0.122846 359.7206 -0.9451622 0.04057395 -0.3240713 -183.8878 0 0 0 1
-0.3106068 -0.1166212 0.9433573 620.7521 0.00048223 0.9924256 0.122846 359.3311 -0.9505383 0.0386117 -0.3081979 -177.7291 0 0 0 1
-0.2945242 -0.1172561 0.9484232 623.7878 0.00048223 0.9924256 0.122846 359.7206 -0.9556439 0.03663846 -0.2922368 -171.5095 0 0 0 1
-0.2798307 -0.1178043 0.9527943 626.4744 0.00048223 0.9924256 0.122846 359.3311 -0.9600493 0.03483553 -0.2776543 -165.8194 0 0 0 1
-0.2621119 -0.1184255 0.9577436 629.571 0.00048223 0.9924256 0.122846 359.3311 -0.9650373 0.03266124 -0.2600695 -158.933 0 0 0 1
-0.2457915 -0.1189598 0.9619954 632.288 0.00048223 0.9924256 0.122846 359.7206 -0.9693226 0.0306584 -0.2438724 -152.5677 0 0 0 1
-0.2279078 -0.1195039 0.9663213 635.1496 0.00048223 0.9924256 0.122846 359.3311 -0.9736826 0.02846354 -0.2261239 -145.5801 0 0 0 1
-0.2114464 -0.1199672 0.9699991 637.6404 0.00048223 0.9924256 0.122846 359.7206 -0.9773895 0.0264431 -0.209787 -139.1229 0 0 0 1
-0.1934201 -0.1204336 0.9736963 640.2438 0.00048223 0.9924256 0.122846 359.7206 -0.9811159 0.02423042 -0.191897 -132.0356 0 0 0 1
-0.1753282 -0.1208592 0.9770635 642.7162 0.00048223 0.9924256 0.122846 359.7206 -0.9845099 0.02200953 -0.1739419 -124.9015 0 0 0 1
-0.1586916 -0.1212133 0.9798594 644.877 0.00048223 0.9924256 0.122846 359.3311 -0.9873281 0.01996714 -0.1574312 -118.3258 0 0 0 1
-0.1420098 -0.121533 0.9823762 646.9064 0.00048223 0.9924256 0.122846 359.7206 -0.9898651 0.01791906 -0.1408756 -111.709 0 0 0 1
-0.1252873 -0.1224207 0.9845386 648.6197 -0.001485631 0.9923799 0.1232067 359.7043 -0.9921194 0.01397357 -0.1245145 -105.7342 0 0 0 1
-0.1070047 -0.1220894 0.9867341 650.8084 0.00048223 0.9924256 0.122846 359.7206 -0.9942584 0.01362093 -0.1061353 -97.77402 0 0 0 1
-0.09174099 -0.122284 0.988246 652.3614 0.00048223 0.9924256 0.122846 359.3311 -0.9957828 0.01174657 -0.09098714 -91.67622 0 0 0 1
-0.07186641 -0.1224939 0.9898639 654.2165 0.00048223 0.9924256 0.122846 359.7206 -0.9974142 0.009305839 -0.07126299 -83.71006 0 0 0 1
-0.05502682 -0.1226335 0.9909254 655.6705 0.00048223 0.9924256 0.122846 359.7206 -0.9984847 0.007237677 -0.05455089 -76.94333 0 0 0 1
-0.03813731 -0.121253 0.9918888 657.538 0.0002044892 0.9926099 0.121349 359.786 -0.9992725 0.004830755 -0.03783068 -70.27269 0 0 0 1
-0.02130544 -0.1228079 0.9922017 658.2351 0.00048223 0.9924256 0.122846 359.7206 -0.9997729 0.003095757 -0.02108485 -63.34108 0 0 0 1
-0.004433253 -0.1228426 0.9924163 659.3449 0.00048223 0.9924256 0.122846 359.7206 -0.99999 0.00102318 -0.004340435 -56.50945 0 0 0 1
0.01550786 -0.1228386 0.9923055 660.5077 0.00048223 0.9924256 0.122846 359.7206 -0.9998797 -0.001426558 0.01544963 -48.41296 0 0 0 1
0.0308434 -0.1228023 0.9919518 661.2921 0.00048223 0.9924256 0.122846 359.7206 -0.9995241 -0.003310638 0.03066899 -42.17004 0 0 0 1
0.04923614 -0.1227205 0.9912192 662.1069 0.00048223 0.9924256 0.122846 359.7206 -0.998787 -0.005570465 0.04892239 -34.66375 0 0 0 1
0.06608165 -0.1226091 0.9902526 662.7322 0.00048223 0.9924256 0.122846 359.7206 -0.9978141 -0.007640334 0.06564026 -27.77086 0 0 0 1
0.08443695 -0.1224477 0.9888766 663.2817 0.00048223 0.9924256 0.122846 359.7206 -0.9964287 -0.009895872 0.08385645 -20.24051 0 0 0 1
0.1027636 -0.1222448 0.9871656 663.6925 0.00048223 0.9924256 0.122846 359.7206 -0.9947057 -0.01214806 0.1020442 -12.70131 0 0 0 1
0.1180096 -0.1220441 0.9854841 663.9288 0.00048223 0.9924256 0.122846 359.7206 -0.9930124 -0.01402177 0.1171746 -6.413742 0 0 0 1
0.1347478 -0.1217901 0.9833668 664.0772 0.00048223 0.9924256 0.122846 359.7206 -0.9908798 -0.01607902 0.1337859 0.5058607 0 0 0 1
