DataSet: 1
-1.669921875 0 -0.439453125 3.955078125 1.26127488680431 6.943359375 -79.453125
664.155 350.760 5.212 751.107
0.1423437 -0.1216632 0.9823117 664.1548 0.00048223 0.9924256 0.122846 350.7599 -0.9898171 -0.01701265 0.1413243 5.212351 0 0 0 1
DataSet: 2
-1.669921875 -1.0546875 -0.439453125 3.955078125 1.26127488680431 6.943359375 -79.453125
664.126 350.760 12.764 751.171
0.1605389 -0.1213294 0.979544 664.1255 0.00048223 0.9924256 0.122846 350.7599 -0.9870294 -0.01924919 0.1593815 12.76432 0 0 0 1
DataSet: 3
-1.669921875 -2.109375 1.318359375 3.955078125 1.26127488680431 6.943359375 -79.453125
663.898 358.552 20.311 754.806
0.1786797 -0.1209546 0.9764444 663.8977 0.00048223 0.9924256 0.122846 358.552 -0.9839072 -0.02147921 0.1773847 20.31052 0 0 0 1
DataSet: 4
-1.669921875 -3.076171875 1.318359375 3.955078125 1.26127488680431 6.943359375 -79.453125
663.622 358.552 27.227 754.781
0.1952557 -0.1205749 0.9733123 663.6215 0.00048223 0.9924256 0.122846 358.552 -0.9807522 -0.02351702 0.1938349 27.22671 0 0 0 1
DataSet: 5
-1.669921875 -4.130859375 1.318359375 3.955078125 1.26127488680431 6.943359375 -79.453125
663.187 358.552 34.765 754.709
0.2132751 -0.1201216 0.9695796 663.1872 0.00048223 0.9924256 0.122846 358.552 -0.9769921 -0.02573242 0.2117176 34.76513 0 0 0 1
DataSet: 6
-1.669921875 -5.09765625 1.318359375 3.955078125 1.26127488680431 6.943359375 -79.453125
662.667 358.552 41.667 754.602
0.2297295 -0.1196703 0.9658692 662.6672 0.00048223 0.9924256 0.122846 358.552 -0.9732544 -0.02775557 0.2280472 41.66726 0 0 0 1
DataSet: 7
-1.669921875 -5.9765625 1.318359375 3.955078125 1.26127488680431 6.943359375 -79.453125
662.094 358.552 47.934 754.470
0.2446314 -0.1192305 0.9622575 662.0936 0.00048223 0.9924256 0.122846 358.552 -0.969616 -0.02958795 0.242836 47.93352 0 0 0 1
DataSet: 8
-1.669921875 -7.03125 1.318359375 3.955078125 1.26127488680431 6.943359375 -79.453125
661.278 358.552 55.440 754.269
0.2624375 -0.1186657 0.9576247 661.2783 0.00048223 0.9924256 0.122846 358.552 -0.9649489 -0.03177758 0.2605069 55.4403 0 0 0 1
DataSet: 9
-1.669921875 -7.998046875 1.318359375 3.955078125 1.26127488680431 6.943359375 -79.453125
660.410 358.552 62.307 754.044
0.2786817 -0.1181126 0.9530928 660.4098 0.00048223 0.9924256 0.122846 358.552 -0.9603834 -0.0337753 0.2766278 62.30729 0 0 0 1
DataSet: 10
-1.669921875 -8.96484375 1.318359375 3.955078125 1.26127488680431 6.943359375 -79.453125
659.426 358.552 69.159 753.780
0.2948465 -0.1175259 0.9482896 659.4255 0.00048223 0.9924256 0.122846 358.552 -0.9555445 -0.03576341 0.2926699 69.15864 0 0 0 1
DataSet: 11
-1.669921875 -9.931640625 1.318359375 3.955078125 1.26127488680431 6.943359375 -79.453125
658.326 358.552 75.992 753.477
0.3109275 -0.1169057 0.9432164 658.3257 0.00048223 0.9924256 0.122846 358.552 -0.9504336 -0.03774133 0.3086287 75.99241 0 0 0 1
DataSet: 12
-1.669921875 -10.986328125 1.318359375 3.955078125 1.26127488680431 6.943359375 -79.453125
656.995 358.552 83.425 753.101
0.3283691 -0.1161912 0.9373757 656.9947 0.00048223 0.9924256 0.122846 358.552 -0.9445493 -0.03988679 0.325938 83.42509 0 0 0 1
DataSet: 13
-1.669921875 -12.041015625 1.318359375 3.955078125 1.26127488680431 6.943359375 -79.453125
655.527 358.552 90.832 752.679
0.3456996 -0.1154374 0.9312175 655.5271 0.00048223 0.9924256 0.122846 358.552 -0.9383451 -0.04201873 0.3431368 90.83201 0 0 0 1
DataSet: 14
-1.669921875 -13.0078125 1.318359375 3.955078125 1.26127488680431 6.943359375 -79.453125
654.062 358.552 97.597 752.251
0.361483 -0.114712 0.9252952 654.0622 0.00048223 0.9924256 0.122846 358.552 -0.9323785 -0.04396053 0.3588004 97.59692 0 0 0 1
DataSet: 15
-1.669921875 -13.974609375 1.318359375 3.955078125 1.26127488680431 6.943359375 -79.453125
652.483 358.552 104.336 751.785
0.3771636 -0.1139539 0.9191094 652.4834 0.00048223 0.9924256 0.122846 358.552 -0.9261465 -0.0458898 0.3743618 104.3361 0 0 0 1
DataSet: 16
-1.669921875 -15.029296875 1.318359375 3.955078125 1.26127488680431 6.943359375 -79.453125
650.632 358.552 111.656 751.231
0.394147 -0.1130899 0.9120629 650.6316 0.00048223 0.9924256 0.122846 358.552 -0.9190473 -0.04797954 0.3912162 111.6565 0 0 0 1
DataSet: 17
-1.669921875 -16.083984375 1.318359375 3.955078125 1.26127488680431 6.943359375 -79.453125
648.645 358.552 118.941 750.631
0.4109969 -0.1121876 0.9047074 648.6454 0.00048223 0.9924256 0.122846 358.552 -0.9116366 -0.05005303 0.407938 118.9415 0 0 0 1
DataSet: 18
-1.669921875 -17.05078125 1.318359375 3.955078125 1.26127488680431 6.943359375 -79.453125
646.707 358.552 125.586 750.041
0.4263204 -0.1113271 0.8976955 646.7072 0.00048223 0.9924256 0.122846 358.552 -0.9045721 -0.05193885 0.423145 125.5863 0 0 0 1
DataSet: 19
-1.669921875 -18.017578125 1.318359375 3.955078125 1.26127488680431 6.943359375 -79.453125
644.657 358.552 132.197 749.412
0.4415226 -0.1104349 0.8904279 644.6572 0.00048223 0.9924256 0.122846 358.552 -0.89725 -0.05380987 0.4382316 132.1974 0 0 0 1
DataSet: 20
-1.669921875 -18.984375 1.318359375 3.955078125 1.26127488680431 6.943359375 -79.453125
642.496 358.552 138.773 748.745
0.456599 -0.1095112 0.8829069 642.4958 0.00048223 0.9924256 0.122846 358.552 -0.8896725 -0.05566558 0.4531934 138.773 0 0 0 1
DataSet: 21
-1.669921875 -19.951171875 1.318359375 3.955078125 1.26127488680431 6.943359375 -79.453125
640.224 358.552 145.311 748.039
0.4715455 -0.1085564 0.8751345 640.2239 0.00048223 0.9924256 0.122846 358.552 -0.8818417 -0.05750544 0.4680261 145.3112 0 0 0 1
DataSet: 22
-1.669921875 -21.005859375 1.318359375 3.955078125 1.26122023150546 6.85546875 -79.453125
638.133 358.617 152.572 747.729
0.4877273 -0.1060362 0.8665324 638.1329 0.0002044892 0.9926099 0.121349 358.6175 -0.872996 -0.05900803 0.4841447 152.5716 0 0 0 1
DataSet: 23
-1.669921875 -22.060546875 1.318359375 3.955078125 1.26127488680431 6.943359375 -79.453125
634.886 358.552 159.438 746.365
0.503684 -0.1063662 0.8573148 634.886 0.00048223 0.9924256 0.122846 358.552 -0.8638878 -0.06146213 0.4999203 159.4376 0 0 0 1
DataSet: 24
-1.669921875 -23.203125 1.40625 3.955078125 1.26127488680431 6.943359375 -79.453125
631.770 358.942 167.001 745.561
0.5208102 -0.1051195 0.8471757 631.7703 0.00048223 0.9924256 0.122846 358.9415 -0.8536724 -0.06357089 0.5169161 167.0006 0 0 0 1
DataSet: 25
-1.669921875 -23.994140625 1.318359375 3.955078125 1.26127488680431 6.943359375 -79.453125
629.539 358.552 172.206 744.671
0.5325459 -0.1042318 0.8399587 629.5392 0.00048223 0.9924256 0.122846 358.552 -0.846401 -0.06501605 0.5285624 172.2062 0 0 0 1
DataSet: 26
-1.669921875 -25.224609375 1.318359375 3.955078125 1.26127488680431 6.943359375 -79.453125
625.914 358.552 180.235 743.513
0.5505987 -0.1028116 0.8284146 625.9136 0.00048223 0.9924256 0.122846 358.552 -0.8347699 -0.06723934 0.5464779 180.2349 0 0 0 1
DataSet: 27
-1.669921875 -25.927734375 1.318359375 3.955078125 1.26127488680431 6.943359375 -79.453125
623.765 358.552 184.787 742.825
0.5608012 -0.1019788 0.8216462 623.7647 0.00048223 0.9924256 0.122846 358.552 -0.8279504 -0.06849594 0.5566027 184.7871 0 0 0 1
DataSet: 28
-1.669921875 -26.982421875 1.318359375 3.955078125 1.26127488680431 6.943359375 -79.453125
620.437 358.552 191.565 741.754
0.575946 -0.1007007 0.8112617 620.437 0.00048223 0.9924256 0.122846 358.552 -0.8174876 -0.07036143 0.5716321 191.5652 0 0 0 1
DataSet: 29
-1.669921875 -27.94921875 1.318359375 3.955078125 1.26127488680431 6.943359375 -79.453125
617.277 358.552 197.724 740.733
0.5896575 -0.09949916 0.801501 617.2774 0.00048223 0.9924256 0.122846 358.552 -0.8076532 -0.07205053 0.5852392 197.7237 0 0 0 1
DataSet: 30
-1.669921875 -28.916015625 1.318359375 3.955078125 1.26127488680431 6.943359375 -79.453125
614.014 358.552 203.828 739.675
0.6032011 -0.09826928 0.7915123 614.0143 0.00048223 0.9924256 0.122846 358.552 -0.797589 -0.07371912 0.5986796 203.828 0 0 0 1
DataSet: 31
-1.669921875 -29.970703125 1.318359375 3.955078125 1.26127488680431 6.943359375 -79.453125
610.338 358.552 210.423 738.478
0.6177799 -0.09689571 0.7803584 610.3378 0.00048223 0.9924256 0.122846 358.552 -0.7863509 -0.07551545 0.6131473 210.4234 0 0 0 1
DataSet: 32
-1.669921875 -31.025390625 1.40625 3.955078125 1.26127488680431 6.943359375 -79.453125
606.533 358.942 216.945 737.418
0.6321494 -0.0954893 0.7689402 606.5327 0.00048223 0.9924256 0.122846 358.9415 -0.7748464 -0.07728619 0.6274073 216.945 0 0 0 1
DataSet: 33
-1.669921875 -32.080078125 1.40625 3.955078125 1.26127488680431 6.943359375 -79.453125
602.616 358.942 223.400 736.134
0.6463047 -0.09405053 0.7572613 602.6159 0.00048223 0.9924256 0.122846 358.9415 -0.7630793 -0.07903074 0.6414547 223.4005 0 0 0 1
DataSet: 34
-1.669921875 -32.958984375 1.318359375 3.955078125 1.26127488680431 6.943359375 -79.453125
599.269 358.552 228.729 734.847
0.6579337 -0.0928272 0.7473329 599.2692 0.00048223 0.9924256 0.122846 358.552 -0.7530757 -0.0804641 0.652995 228.7295 0 0 0 1
DataSet: 35
-1.669921875 -33.92578125 1.318359375 3.955078125 1.26127488680431 6.943359375 -79.453125
595.486 358.552 234.525 733.597
0.6705467 -0.09145632 0.7362085 595.4856 0.00048223 0.9924256 0.122846 358.552 -0.7418672 -0.08201892 0.6655118 234.5255 0 0 0 1
DataSet: 36
-1.669921875 -34.98046875 1.318359375 3.955078125 1.26122023150546 6.85546875 -79.453125
591.703 358.617 241.066 732.688
0.6841134 -0.08864786 0.7239684 591.7032 0.0002044892 0.9926099 0.121349 358.6175 -0.7293756 -0.08286844 0.6790759 241.0661 0 0 0 1
DataSet: 37
-1.669921875 -36.03515625 1.318359375 3.955078125 1.26127488680431 6.943359375 -79.453125
586.894 358.552 246.945 730.744
0.6973984 -0.08837546 0.711214 586.8943 0.00048223 0.9924256 0.122846 358.552 -0.7166836 -0.0853296 0.6921586 246.9447 0 0 0 1
DataSet: 38
-1.669921875 -37.001953125 1.318359375 3.955078125 1.26127488680431 6.943359375 -79.453125
582.805 358.552 252.529 729.378
0.7093917 -0.08692311 0.699434 582.8051 0.00048223 0.9924256 0.122846 358.552 -0.7048143 -0.08680861 0.7040604 252.5294 0 0 0 1
DataSet: 39
-1.669921875 -38.056640625 1.318359375 3.955078125 1.26127488680431 6.943359375 -79.453125
578.237 358.552 258.542 727.848
0.7222448 -0.08531052 0.686356 578.2374 0.00048223 0.9924256 0.122846 358.552 -0.6916373 -0.08839387 0.7168154 258.542 0 0 0 1
DataSet: 40
-1.669921875 -39.0234375 1.40625 3.955078125 1.26127488680431 6.943359375 -79.453125
573.947 358.942 263.973 726.592
0.733812 -0.08380691 0.6741635 573.9467 0.00048223 0.9924256 0.122846 358.9415 -0.6793525 -0.08982073 0.7282942 263.9729 0 0 0 1
DataSet: 41
-1.669921875 -40.25390625 1.40625 3.955078125 1.26127488680431 6.943359375 -79.453125
568.363 358.942 270.787 724.708
0.7482312 -0.08185876 0.6583686 568.3633 0.00048223 0.9924256 0.122846 358.9415 -0.6634378 -0.0915997 0.7426033 270.7866 0 0 0 1
DataSet: 42
-1.669921875 -40.95703125 1.318359375 3.955078125 1.26127488680431 6.943359375 -79.453125
565.114 358.552 274.632 723.420
0.7563163 -0.08072853 0.6492061 565.1143 0.00048223 0.9924256 0.122846 358.552 -0.654206 -0.09259733 0.7506266 274.6321 0 0 0 1
DataSet: 43
-1.669921875 -42.01171875 1.318359375 3.955078125 1.26122023150546 6.85546875 -79.453125
560.560 358.617 280.660 722.222
0.768252 -0.07783721 0.6353977 560.5598 0.0002044892 0.9926099 0.121349 358.6175 -0.6401476 -0.09309668 0.7625904 280.6605 0 0 0 1
DataSet: 44
-1.669921875 -43.06640625 1.318359375 3.955078125 1.26127488680431 6.943359375 -79.453125
555.067 358.552 285.906 720.001
0.7798833 -0.07726558 0.6211377 555.0674 0.00048223 0.9924256 0.122846 358.552 -0.6259248 -0.09550598 0.7740135 285.9063 0 0 0 1
DataSet: 45
-1.669921875 -44.033203125 1.318359375 3.955078125 1.26122023150546 6.85546875 -79.453125
550.730 358.617 291.308 718.867
0.7903545 -0.07450485 0.6081025 550.7299 0.0002044892 0.9926099 0.121349 358.6175 -0.6126497 -0.09578439 0.784529 291.3079 0 0 0 1
DataSet: 46
-1.669921875 -44.912109375 1.40625 3.955078125 1.26122023150546 6.85546875 -79.453125
546.334 359.007 295.821 717.549
0.7996591 -0.07302683 0.5959969 546.3337 0.0002044892 0.9926099 0.121349 359.007 -0.6004542 -0.09691597 0.7937645 295.821 0 0 0 1
DataSet: 47
-1.669921875 -45.966796875 1.40625 3.955078125 1.26127488680431 6.943359375 -79.453125
540.583 358.942 300.782 715.220
0.8105559 -0.07233402 0.5811772 540.5831 0.00048223 0.9924256 0.122846 358.9415 -0.5856611 -0.09929325 0.8044513 300.782 0 0 0 1
DataSet: 48
-1.669921875 -46.93359375 1.318359375 3.955078125 1.26127488680431 6.943359375 -79.453125
535.598 358.552 305.585 713.307
0.8203224 -0.07064835 0.5675209 535.5983 0.00048223 0.9924256 0.122846 358.552 -0.5719012 -0.1004996 0.814143 305.5846 0 0 0 1
DataSet: 49
-1.669921875 -48.076171875 1.40625 3.955078125 1.26127488680431 6.943359375 -79.453125
529.590 358.942 311.136 711.414
0.8315632 -0.0686303 0.5511737 529.5903 0.00048223 0.9924256 0.122846 358.9415 -0.5554299 -0.1018884 0.8252978 311.1356 0 0 0 1
DataSet: 50
-1.669921875 -49.130859375 1.40625 3.955078125 1.26122023150546 6.85546875 -79.453125
524.324 359.007 316.553 709.935
0.8416646 -0.06569938 0.5359891 524.3239 0.0002044892 0.9926099 0.121349 359.007 -0.5400006 -0.1020256 0.835458 316.5529 0 0 0 1
DataSet: 51
-1.669921875 -50.009765625 1.40625 3.955078125 1.26127488680431 6.943359375 -79.453125
519.185 358.942 320.265 707.787
0.8498306 -0.06515339 0.5230134 519.1851 0.00048223 0.9924256 0.122846 358.9415 -0.5270557 -0.104146 0.8434251 320.265 0 0 0 1
DataSet: 52
-1.669921875 -48.955078125 1.40625 3.955078125 1.26127488680431 6.943359375 -79.453125
524.899 358.942 315.329 709.782
0.8399853 -0.06705934 0.5384495 524.8989 0.00048223 0.9924256 0.122846 358.9415 -0.542609 -0.1029291 0.8336552 315.3288 0 0 0 1
DataSet: 53
-1.669921875 -48.076171875 1.40625 3.955078125 1.26127488680431 6.943359375 -79.453125
529.590 358.942 311.136 711.414
0.8315632 -0.0686303 0.5511737 529.5903 0.00048223 0.9924256 0.122846 358.9415 -0.5554299 -0.1018884 0.8252978 311.1356 0 0 0 1
DataSet: 54
-1.669921875 -47.021484375 1.40625 3.955078125 1.26122023150546 6.85546875 -79.453125
535.520 359.007 306.390 713.822
0.8212183 -0.06941014 0.5663768 535.5197 0.0002044892 0.9926099 0.121349 359.007 -0.570614 -0.09953821 0.8151636 306.3896 0 0 0 1
DataSet: 55
-1.669921875 -45.966796875 1.40625 3.955078125 1.26127488680431 6.943359375 -79.453125
540.583 358.942 300.782 715.220
0.8105559 -0.07233402 0.5811772 540.5831 0.00048223 0.9924256 0.122846 358.9415 -0.5856611 -0.09929325 0.8044513 300.782 0 0 0 1
DataSet: 56
-1.669921875 -45.087890625 1.40625 3.955078125 1.26127488680431 6.943359375 -79.453125
545.050 358.942 296.350 716.758
0.801477 -0.07384859 0.5934485 545.0496 0.00048223 0.9924256 0.122846 358.9415 -0.5980254 -0.09817202 0.7954419 296.3499 0 0 0 1
DataSet: 57
-1.7578125 -43.9453125 1.58203125 3.955078125 1.37587398760922 6.85546875 -79.453125
551.168 359.770 291.150 719.714
0.7903535 -0.07318229 0.6082644 551.1676 -0.001763274 0.9925641 0.1217098 359.7698 -0.6126485 -0.09726629 0.7843475 291.1495 0 0 0 1
DataSet: 58
-1.7578125 -42.978515625 1.58203125 3.955078125 1.26122023150546 6.85546875 -79.453125
555.445 359.786 286.628 721.194
0.7799048 -0.07611042 0.6212533 555.4453 0.0002044892 0.9926099 0.121349 359.786 -0.6258981 -0.09451363 0.7741568 286.6276 0 0 0 1
DataSet: 59
-1.669921875 -42.01171875 1.58203125 3.955078125 1.26122023150546 6.85546875 -79.453125
560.538 359.786 280.640 722.778
0.768252 -0.07783721 0.6353977 560.5383 0.0002044892 0.9926099 0.121349 359.786 -0.6401476 -0.09309668 0.7625904 280.6401 0 0 0 1
DataSet: 60
-1.669921875 -40.95703125 1.58203125 3.955078125 1.26122023150546 6.85546875 -79.453125
565.516 359.786 274.949 724.466
0.7563388 -0.07953762 0.6493269 565.5158 0.0002044892 0.9926099 0.121349 359.786 -0.6541801 -0.09164818 0.7507656 274.9494 0 0 0 1
DataSet: 61
-1.669921875 -40.078125 1.58203125 3.955078125 1.26127488680431 6.943359375 -79.453125
569.155 359.721 269.807 725.349
0.7461923 -0.0821394 0.6606438 569.1547 0.00048223 0.9924256 0.122846 359.7206 -0.6657303 -0.09134813 0.74058 269.8071 0 0 0 1
DataSet: 62
-1.669921875 -39.0234375 1.58203125 3.955078125 1.26127488680431 6.943359375 -79.453125
573.931 359.721 263.960 726.960
0.733812 -0.08380691 0.6741635 573.9313 0.00048223 0.9924256 0.122846 359.7206 -0.6793525 -0.08982073 0.7282942 263.9597 0 0 0 1
DataSet: 63
-1.669921875 -37.96875 1.58203125 3.955078125 1.26127488680431 6.943359375 -79.453125
578.599 359.721 258.025 728.528
0.721183 -0.08544602 0.6874548 578.5995 0.00048223 0.9924256 0.122846 359.7206 -0.6927444 -0.0882629 0.7157617 258.0253 0 0 0 1
DataSet: 64
-1.669921875 -36.9140625 1.669921875 3.955078125 1.26127488680431 6.943359375 -79.453125
583.149 360.110 251.999 730.237
0.7083097 -0.08705617 0.7005131 583.149 0.00048223 0.9924256 0.122846 360.11 -0.7059017 -0.08667517 0.7029867 251.9992 0 0 0 1
DataSet: 65
-1.669921875 -35.947265625 1.669921875 3.955078125 1.26127488680431 6.943359375 -79.453125
587.229 360.110 246.409 731.597
0.6962981 -0.08850624 0.7122749 587.2292 0.00048223 0.9924256 0.122846 360.11 -0.7177525 -0.08519393 0.6910668 246.4088 0 0 0 1
DataSet: 66
-1.7578125 -34.98046875 1.494140625 3.955078125 1.26127488680431 6.943359375 -79.453125
590.862 359.331 241.670 732.558
0.6852065 -0.08980264 0.7227915 590.8618 0.00048223 0.9924256 0.122846 359.3311 -0.7283487 -0.08382629 0.6800598 241.6699 0 0 0 1
DataSet: 67
-1.669921875 -33.92578125 1.494140625 3.955078125 1.26127488680431 6.943359375 -79.453125
595.470 359.331 234.514 733.962
0.6705467 -0.09145632 0.7362085 595.47 0.00048223 0.9924256 0.122846 359.3311 -0.7418672 -0.08201892 0.6655118 234.5144 0 0 0 1
DataSet: 68
-1.669921875 -32.080078125 1.494140625 3.955078125 1.26127488680431 6.943359375 -79.453125
602.608 359.331 223.395 736.315
0.6463047 -0.09405053 0.7572613 602.6077 0.00048223 0.9924256 0.122846 359.3311 -0.7630793 -0.07903074 0.6414547 223.395 0 0 0 1
DataSet: 69
-1.669921875 -32.958984375 1.494140625 3.955078125 1.26127488680431 6.943359375 -79.453125
599.253 359.331 228.719 735.211
0.6579337 -0.0928272 0.7473329 599.2535 0.00048223 0.9924256 0.122846 359.3311 -0.7530757 -0.0804641 0.652995 228.7186 0 0 0 1
DataSet: 70
-1.669921875 -31.11328125 1.494140625 3.955078125 1.26127488680431 6.943359375 -79.453125
606.203 359.331 217.480 737.494
0.6333373 -0.09537064 0.7679768 606.2025 0.00048223 0.9924256 0.122846 359.3311 -0.7738758 -0.07743258 0.6285861 217.4804 0 0 0 1
DataSet: 71
-1.669921875 -30.05859375 1.494140625 3.955078125 1.26127488680431 6.943359375 -79.453125
610.010 359.331 210.960 738.739
0.6189854 -0.09677976 0.7794169 610.0096 0.00048223 0.9924256 0.122846 359.3311 -0.7854024 -0.075664 0.6143436 210.9599 0 0 0 1
DataSet: 72
-1.669921875 -29.00390625 1.494140625 3.955078125 1.26127488680431 6.943359375 -79.453125
613.696 359.331 204.370 739.939
0.6044239 -0.09815609 0.7905929 613.6962 0.00048223 0.9924256 0.122846 359.3311 -0.7966627 -0.07386978 0.5998931 204.3705 0 0 0 1
DataSet: 73
-1.669921875 -28.125 1.494140625 3.955078125 1.26127488680431 6.943359375 -79.453125
616.675 359.331 198.828 740.905
0.5921326 -0.09927764 0.7997018 616.6752 0.00048223 0.9924256 0.122846 359.3311 -0.8058404 -0.07235545 0.5876954 198.8282 0 0 0 1
DataSet: 74
-1.669921875 -26.982421875 1.494140625 3.955078125 1.26122023150546 6.85546875 -79.453125
620.912 359.397 191.781 742.616
0.5759741 -0.09931583 0.8114125 620.9124 0.0002044892 0.9926099 0.121349 359.3965 -0.8174679 -0.06972796 0.5717379 191.7812 0 0 0 1
DataSet: 75
-1.669921875 -26.015625 1.494140625 3.955078125 1.26127488680431 6.943359375 -79.453125
623.475 359.331 185.345 743.097
0.5620706 -0.1018736 0.8207914 623.4752 0.00048223 0.9924256 0.122846 359.3311 -0.8270891 -0.06865229 0.5578624 185.3454 0 0 0 1
DataSet: 76
-1.669921875 -24.9609375 1.494140625 3.955078125 1.26127488680431 6.943359375 -79.453125
626.688 359.331 178.512 744.126
0.5467514 -0.10312 0.8309207 626.6879 0.00048223 0.9924256 0.122846 359.3311 -0.8372949 -0.06676549 0.5426598 178.5125 0 0 0 1
DataSet: 77
-1.669921875 -24.08203125 1.494140625 3.955078125 1.26127488680431 6.943359375 -79.453125
629.269 359.331 172.774 744.949
0.5338436 -0.104132 0.8391469 629.2688 0.00048223 0.9924256 0.122846 359.3311 -0.8455831 -0.06517586 0.5298503 172.7739 0 0 0 1
DataSet: 78
-1.669921875 -23.02734375 1.494140625 3.955078125 1.26127488680431 6.943359375 -79.453125
632.249 359.331 165.836 745.895
0.5181887 -0.105314 0.8487576 632.2491 0.00048223 0.9924256 0.122846 359.3311 -0.8552662 -0.06324809 0.5143145 165.8365 0 0 0 1
DataSet: 79
-1.669921875 -21.884765625 1.494140625 3.955078125 1.26127488680431 6.943359375 -79.453125
635.333 359.331 158.260 746.869
0.5010313 -0.1065543 0.8588445 635.3332 0.00048223 0.9924256 0.122846 359.3311 -0.865429 -0.06113551 0.4972877 158.2604 0 0 0 1
DataSet: 80
-1.669921875 -21.005859375 1.58203125 3.955078125 1.26127488680431 6.943359375 -79.453125
637.593 359.721 152.388 747.760
0.4876974 -0.1074795 0.8663714 637.5927 0.00048223 0.9924256 0.122846 359.7206 -0.8730126 -0.05949386 0.4840552 152.3876 0 0 0 1
DataSet: 81
-1.669921875 -20.0390625 1.58203125 3.955078125 1.26127488680431 6.943359375 -79.453125
639.984 359.721 145.893 748.508
0.4728976 -0.108468 0.8744155 639.9844 0.00048223 0.9924256 0.122846 359.7206 -0.8811172 -0.05767189 0.469368 145.8928 0 0 0 1
DataSet: 82
-1.669921875 -18.896484375 1.58203125 3.955078125 1.26127488680431 6.943359375 -79.453125
642.669 359.721 138.166 749.341
0.4552337 -0.1095965 0.8836011 642.6692 0.00048223 0.9924256 0.122846 359.7206 -0.8903719 -0.05549752 0.4518385 138.1664 0 0 0 1
DataSet: 83
-1.669921875 -18.10546875 1.58203125 3.955078125 1.26127488680431 6.943359375 -79.453125
644.437 359.721 132.787 749.887
0.4428984 -0.1103522 0.8897547 644.4374 0.00048223 0.9924256 0.122846 359.7206 -0.8965717 -0.05397921 0.439597 132.7867 0 0 0 1
DataSet: 84
-1.669921875 -16.962890625 1.58203125 3.955078125 1.26122023150546 6.85546875 -79.453125
647.384 359.786 125.110 751.135
0.4249634 -0.1099327 0.8985104 647.3839 0.0002044892 0.9926099 0.121349 359.786 -0.9052105 -0.05138515 0.4218453 125.1102 0 0 0 1
DataSet: 85
-1.669921875 -15.8203125 1.58203125 3.955078125 1.26127488680431 6.943359375 -79.453125
649.126 359.721 117.115 751.319
0.4067973 -0.1124167 0.9065751 649.1263 0.00048223 0.9924256 0.122846 359.7206 -0.9135183 -0.04953622 0.4037702 117.1148 0 0 0 1
DataSet: 86
-1.669921875 -14.94140625 1.58203125 3.955078125 1.26127488680431 6.943359375 -79.453125
650.763 359.721 111.039 751.812
0.3927368 -0.1131634 0.912662 650.7627 0.00048223 0.9924256 0.122846 359.7206 -0.9196508 -0.04780601 0.3898166 111.0393 0 0 0 1
DataSet: 87
-1.669921875 -14.0625 1.58203125 3.955078125 1.26127488680431 6.943359375 -79.453125
652.306 359.721 104.939 752.273
0.3785838 -0.1138834 0.9185341 652.3057 0.00048223 0.9924256 0.122846 359.7206 -0.9255669 -0.04606455 0.3757712 104.9394 0 0 0 1
DataSet: 88
-1.669921875 -13.0078125 1.58203125 3.955078125 1.26127488680431 6.943359375 -79.453125
654.034 359.721 97.589 752.783
0.361483 -0.114712 0.9252952 654.0336 0.00048223 0.9924256 0.122846 359.7206 -0.9323785 -0.04396053 0.3588004 97.58942 0 0 0 1
DataSet: 89
-1.669921875 -11.953125 1.58203125 3.955078125 1.26127488680431 6.943359375 -79.453125
655.626 359.721 90.209 753.247
0.3442598 -0.1155017 0.9317428 655.6259 0.00048223 0.9924256 0.122846 359.7206 -0.9388743 -0.0418416 0.3417079 90.20885 0 0 0 1
DataSet: 90
-1.669921875 -10.8984375 1.58203125 3.955078125 1.26127488680431 6.943359375 -79.453125
657.082 359.721 82.800 753.665
0.3269198 -0.1162523 0.9378746 657.082 0.00048223 0.9924256 0.122846 359.7206 -0.945052 -0.03970851 0.3244997 82.80021 0 0 0 1
DataSet: 91
-1.669921875 -9.931640625 1.58203125 3.955078125 1.26127488680431 6.943359375 -79.453125
658.297 359.721 75.986 754.008
0.3109275 -0.1169057 0.9432164 658.2968 0.00048223 0.9924256 0.122846 359.7206 -0.9504336 -0.03774133 0.3086287 75.98646 0 0 0 1
DataSet: 92
-1.669921875 -8.96484375 1.58203125 3.955078125 1.26127488680431 6.943359375 -79.453125
659.396 359.721 69.153 754.311
0.2948465 -0.1175259 0.9482896 659.3964 0.00048223 0.9924256 0.122846 359.7206 -0.9555445 -0.03576341 0.2926699 69.15318 0 0 0 1
DataSet: 93
-1.669921875 -7.998046875 1.58203125 3.955078125 1.26127488680431 6.943359375 -79.453125
660.381 359.721 62.302 754.575
0.2786817 -0.1181126 0.9530928 660.3806 0.00048223 0.9924256 0.122846 359.7206 -0.9603834 -0.0337753 0.2766278 62.30232 0 0 0 1
DataSet: 94
-1.669921875 -6.943359375 1.58203125 3.955078125 1.26127488680431 6.943359375 -79.453125
661.322 359.721 54.811 754.818
0.2609569 -0.1187143 0.9580232 661.3223 0.00048223 0.9924256 0.122846 359.7206 -0.9653503 -0.03159552 0.2590376 54.81089 0 0 0 1
DataSet: 95
-1.669921875 -5.9765625 1.58203125 3.955078125 1.26127488680431 6.943359375 -79.453125
662.064 359.721 47.930 755.000
0.2446314 -0.1192305 0.9622575 662.0643 0.00048223 0.9924256 0.122846 359.7206 -0.969616 -0.02958795 0.242836 47.92958 0 0 0 1
DataSet: 96
-1.669921875 -5.09765625 1.58203125 3.955078125 1.26127488680431 6.943359375 -79.453125
662.638 359.721 41.664 755.132
0.2297295 -0.1196703 0.9658692 662.6379 0.00048223 0.9924256 0.122846 359.7206 -0.9732544 -0.02775557 0.2280472 41.66378 0 0 0 1
DataSet: 97
-1.669921875 -4.04296875 1.58203125 3.955078125 1.26127488680431 6.943359375 -79.453125
663.199 359.721 34.134 755.247
0.2117762 -0.120161 0.9699032 663.1993 0.00048223 0.9924256 0.122846 359.7206 -0.977318 -0.02554813 0.21023 34.1343 0 0 0 1
DataSet: 98
-1.669921875 -2.98828125 1.58203125 3.955078125 1.26127488680431 6.943359375 -79.453125
663.622 359.721 26.596 755.315
0.1937511 -0.1206109 0.9736085 663.622 0.00048223 0.9924256 0.122846 359.7206 -0.9810506 -0.02333203 0.1923417 26.59576 0 0 0 1
DataSet: 99
-1.669921875 -1.93359375 1.494140625 3.955078125 1.26127488680431 6.943359375 -79.453125
663.916 359.331 19.051 755.160
0.1756603 -0.1210199 0.976984 663.9163 0.00048223 0.9924256 0.122846 359.3311 -0.9844507 -0.02110803 0.1743881 19.05138 0 0 0 1
DataSet: 100
-1.669921875 -0.966796875 1.58203125 3.955078125 1.26127488680431 6.943359375 -79.453125
664.044 359.721 12.131 755.315
0.1590247 -0.1213588 0.9797873 664.0441 0.00048223 0.9924256 0.122846 359.7206 -0.9872745 -0.01906305 0.1578787 12.13091 0 0 0 1
DataSet: 101
-1.669921875 -0.087890625 1.58203125 3.955078125 1.26127488680431 6.943359375 -79.453125
664.068 359.721 5.839 755.261
0.1438619 -0.1216369 0.9820938 664.0684 0.00048223 0.9924256 0.122846 359.7206 -0.9895977 -0.01719926 0.1428309 5.838948 0 0 0 1
DataSet: 102
-1.669921875 1.0546875 1.58203125 3.955078125 1.26127488680431 6.943359375 -79.453125
663.956 359.721 -2.340 755.143
0.1241003 -0.1219557 0.9847466 663.9556 0.00048223 0.9924256 0.122846 359.7206 -0.9922696 -0.01477035 0.1232192 -2.339831 0 0 0 1
DataSet: 103
-1.669921875 1.93359375 1.58203125 3.955078125 1.26127488680431 6.943359375 -79.453125
663.758 359.721 -8.629 755.015
0.1088651 -0.1221679 0.9865208 663.7579 0.00048223 0.9924256 0.122846 359.7206 -0.9940564 -0.01289791 0.1080994 -8.628734 0 0 0 1
DataSet: 104
-1.669921875 2.98828125 1.58203125 3.955078125 1.26127488680431 6.943359375 -79.453125
663.393 359.721 -16.170 754.819
0.09054933 -0.1223847 0.9883435 663.3934 0.00048223 0.9924256 0.122846 359.7206 -0.9958919 -0.01064701 0.0899225 -16.17031 0 0 0 1
DataSet: 105
-1.669921875 4.04296875 1.58203125 3.955078125 1.26127488680431 6.943359375 -79.453125
662.890 359.721 -23.704 754.575
0.07220288 -0.1225599 0.9898312 662.8901 0.00048223 0.9924256 0.122846 359.7206 -0.9973899 -0.008392505 0.07171509 -23.70389 0 0 0 1
DataSet: 106
-1.669921875 4.921875 1.58203125 3.955078125 1.26127488680431 6.943359375 -79.453125
662.365 359.721 -29.974 754.337
0.05689522 -0.1226742 0.9908148 662.3649 0.00048223 0.9924256 0.122846 359.7206 -0.9983801 -0.006511547 0.05652343 -29.97394 0 0 0 1
DataSet: 107
-1.669921875 6.064453125 1.58203125 3.955078125 1.26127488680431 6.943359375 -79.453125
661.538 359.721 -38.112 753.979
0.03697578 -0.1227797 0.9917449 661.5384 0.00048223 0.9924256 0.122846 359.7206 -0.999316 -0.004064076 0.03675492 -38.11163 0 0 0 1
DataSet: 108
-1.669921875 7.03125 1.58203125 3.955078125 1.26127488680431 6.943359375 -79.453125
660.712 359.721 -44.983 753.633
0.02010907 -0.1228308 0.9922239 660.7124 0.00048223 0.9924256 0.122846 359.7206 -0.9997977 -0.001991838 0.02001599 -44.98336 0 0 0 1
DataSet: 109
-1.669921875 7.91015625 1.58203125 3.955078125 1.26127488680431 6.943359375 -79.453125
659.861 359.721 -51.217 753.285
0.004770598 -0.1228469 0.9924142 659.861 0.00048223 0.9924256 0.122846 359.7206 -0.9999885 -0.0001074768 0.004793705 -51.2175 0 0 0 1
DataSet: 1
-1.494140625 9.052734375 1.58203125 3.955078125 1.37593361118342 6.943359375 -79.453125
658.285 359.704 -62.013 752.710
-0.01823788 -0.1232132 0.9922126 658.2855 -0.001485631 0.9923799 0.1232067 359.7043 -0.9998326 0.0007729668 -0.01828196 -62.01296 0 0 0 1
DataSet: 2
-1.494140625 10.01953125 1.58203125 3.955078125 1.26127488680431 6.943359375 -79.453125
657.222 359.721 -68.137 752.318
-0.03510566 -0.1227534 0.9918161 657.2224 0.00048223 0.9924256 0.122846 359.7206 -0.9993835 0.004790872 -0.03478057 -68.13702 0 0 0 1
DataSet: 3
-1.494140625 10.986328125 1.58203125 3.955078125 1.26122023150546 6.85546875 -79.453125
656.430 359.786 -75.058 752.316
-0.05192902 -0.1211747 0.9912719 656.4296 0.0002044892 0.9926099 0.121349 359.786 -0.9986507 0.00650424 -0.05152048 -75.05833 0 0 0 1
DataSet: 4
-1.494140625 12.041015625 1.58203125 3.955078125 1.26127488680431 6.943359375 -79.453125
654.334 359.721 -82.317 751.218
-0.07033631 -0.1225081 0.989972 654.3342 0.00048223 0.9924256 0.122846 359.7206 -0.9975232 0.009117926 -0.06974448 -82.31689 0 0 0 1
DataSet: 5
-1.494140625 13.095703125 1.58203125 3.955078125 1.26127488680431 6.943359375 -79.453125
652.629 359.721 -89.672 750.576
-0.08868553 -0.1223195 0.9885205 652.6293 0.00048223 0.9924256 0.122846 359.7206 -0.9960595 0.01137135 -0.08795481 -89.67226 0 0 0 1
DataSet: 6
-1.494140625 14.0625 1.58203125 3.955078125 1.26127488680431 6.943359375 -79.453125
650.948 359.721 -96.386 749.948
-0.1054794 -0.1221102 0.9868957 650.9478 0.00048223 0.9924256 0.122846 359.7206 -0.9944214 0.01343363 -0.1046216 -96.38608 0 0 0 1
DataSet: 7
-1.494140625 14.94140625 1.58203125 3.955078125 1.26127488680431 6.943359375 -79.453125
649.321 359.721 -102.464 749.343
-0.1207206 -0.1218898 0.9851748 649.321 0.00048223 0.9924256 0.122846 359.7206 -0.9926864 0.01530512 -0.1197475 -102.4641 0 0 0 1
DataSet: 8
-1.494140625 16.083984375 1.58203125 3.955078125 1.26127488680431 6.943359375 -79.453125
647.067 359.721 -110.327 748.510
-0.1404912 -0.1215603 0.9825911 647.0671 0.00048223 0.9924256 0.122846 359.7206 -0.9900818 0.01773261 -0.1393685 -110.327 0 0 0 1
DataSet: 9
-1.494140625 17.05078125 1.58203125 3.955078125 1.26127488680431 6.943359375 -79.453125
645.038 359.721 -116.944 747.762
-0.1571769 -0.1212438 0.9800997 645.0378 0.00048223 0.9924256 0.122846 359.7206 -0.9875703 0.01978118 -0.1559279 -116.9441 0 0 0 1
DataSet: 10
-1.494140625 17.9296875 1.58203125 3.955078125 1.26127488680431 6.943359375 -79.453125
643.096 359.721 -122.929 747.050
-0.1723069 -0.1209261 0.9775925 643.0964 0.00048223 0.9924256 0.122846 359.7206 -0.9850432 0.02163863 -0.1709435 -122.9291 0 0 0 1
DataSet: 11
-1.494140625 18.896484375 1.58203125 3.955078125 1.26127488680431 6.943359375 -79.453125
640.855 359.721 -129.477 746.229
-0.188903 -0.1205438 0.9745691 640.8551 0.00048223 0.9924256 0.122846 359.7206 -0.9819956 0.02367594 -0.1874141 -129.4773 0 0 0 1
DataSet: 12
-1.494140625 20.0390625 1.58203125 3.955078125 1.26127488680431 6.943359375 -79.453125
638.064 359.721 -137.166 745.211
-0.2084469 -0.1200477 0.9706382 638.0643 0.00048223 0.9924256 0.122846 359.7206 -0.9780336 0.02607493 -0.2068101 -137.166 0 0 0 1
DataSet: 13
-1.494140625 20.91796875 1.58203125 3.955078125 1.26127488680431 6.943359375 -79.453125
635.813 359.721 -143.042 744.391
-0.2234246 -0.1196336 0.9673517 635.8134 0.00048223 0.9924256 0.122846 359.7206 -0.9747211 0.02791329 -0.2216746 -143.0417 0 0 0 1
DataSet: 14
-1.494140625 22.060546875 1.58203125 3.955078125 1.37593361118342 6.943359375 -79.453125
632.460 359.704 -151.269 743.152
-0.2428161 -0.1198775 0.9626368 632.4602 -0.001485631 0.9923799 0.1232067 359.7043 -0.9700712 0.02848644 -0.2411439 -151.2693 0 0 0 1
DataSet: 15
-1.494140625 22.939453125 1.58203125 3.955078125 1.26127488680431 6.943359375 -79.453125
630.296 359.721 -156.420 742.388
-0.2576681 -0.1185746 0.9589303 630.2964 0.00048223 0.9924256 0.122846 359.7206 -0.9662334 0.03211591 -0.2556593 -156.4198 0 0 0 1
DataSet: 16
-1.494140625 23.994140625 1.58203125 3.955078125 1.26127488680431 6.943359375 -79.453125
627.232 359.721 -163.320 741.277
-0.2754096 -0.1179633 0.9540619 627.2316 0.00048223 0.9924256 0.122846 359.7206 -0.9613268 0.03429304 -0.2732667 -163.3201 0 0 0 1
DataSet: 17
-1.494140625 25.048828125 1.494140625 3.955078125 1.26127488680431 6.943359375 -79.453125
624.050 359.331 -170.167 739.942
-0.2930579 -0.1173121 0.9488704 624.0499 0.00048223 0.9924256 0.122846 359.3311 -0.9560946 0.03645855 -0.2907816 -170.1671 0 0 0 1
DataSet: 18
-1.494140625 26.015625 1.58203125 3.955078125 1.26127488680431 6.943359375 -79.453125
621.005 359.721 -176.383 739.024
-0.3091483 -0.1166803 0.9438289 621.0047 0.00048223 0.9924256 0.122846 359.7206 -0.9510137 0.03843277 -0.3067504 -176.3829 0 0 0 1
DataSet: 19
-1.494140625 27.0703125 1.494140625 3.955078125 1.26127488680431 6.943359375 -79.453125
617.583 359.331 -183.113 737.603
-0.326601 -0.1159531 0.9380227 617.5834 0.00048223 0.9924256 0.122846 359.3311 -0.9451622 0.04057395 -0.3240713 -183.1133 0 0 0 1
DataSet: 20
-1.494140625 28.037109375 1.494140625 3.955078125 1.26127488680431 6.943359375 -79.453125
614.330 359.331 -189.223 736.428
-0.3425022 -0.115252 0.9324211 614.3302 0.00048223 0.9924256 0.122846 359.3311 -0.9395169 0.04252465 -0.3398524 -189.2225 0 0 0 1
DataSet: 21
-1.494140625 29.091796875 1.494140625 3.955078125 1.26127488680431 6.943359375 -79.453125
610.664 359.331 -195.823 735.103
-0.3597376 -0.1144497 0.9260076 610.6642 0.00048223 0.9924256 0.122846 359.3311 -0.9330534 0.04463886 -0.3569576 -195.8234 0 0 0 1
DataSet: 22
-1.494140625 29.970703125 1.58203125 3.955078125 1.26127488680431 6.943359375 -79.453125
607.508 359.721 -201.267 734.148
-0.3740076 -0.1137515 0.9204232 607.5077 0.00048223 0.9924256 0.122846 359.7206 -0.9274255 0.04638918 -0.3711199 -201.2669 0 0 0 1
DataSet: 23
-1.494140625 30.9375 1.494140625 3.955078125 1.26127488680431 6.943359375 -79.453125
603.959 359.331 -207.209 732.680
-0.3896028 -0.1129526 0.9140303 603.9587 0.00048223 0.9924256 0.122846 359.3311 -0.9209828 0.0483019 -0.3865973 -207.2086 0 0 0 1
DataSet: 24
-1.494140625 31.9921875 1.58203125 3.955078125 1.26127488680431 6.943359375 -79.453125
599.955 359.721 -213.610 731.419
-0.4064891 -0.1120444 0.9067594 599.9545 0.00048223 0.9924256 0.122846 359.7206 -0.9136555 0.05037281 -0.4033561 -213.6103 0 0 0 1
DataSet: 25
-1.494140625 32.958984375 1.58203125 3.955078125 1.26127488680431 6.943359375 -79.453125
596.189 359.721 -219.418 730.058
-0.4218473 -0.1111785 0.8998246 596.1893 0.00048223 0.9924256 0.122846 359.7206 -0.9066668 0.05225616 -0.4185985 -219.4176 0 0 0 1
DataSet: 26
-1.494140625 34.013671875 1.58203125 3.955078125 1.26127488680431 6.943359375 -79.453125
591.971 359.721 -225.680 728.532
-0.4384646 -0.1101978 0.8919671 591.9706 0.00048223 0.9924256 0.122846 359.7206 -0.8987483 0.05429374 -0.4350904 -225.6795 0 0 0 1
DataSet: 27
-1.40625 35.068359375 1.58203125 3.955078125 1.26127488680431 6.943359375 -79.453125
587.281 359.721 -232.764 726.964
-0.4562989 -0.1090932 0.8831138 587.281 0.00048223 0.9924256 0.122846 359.7206 -0.8898265 0.05648033 -0.4527901 -232.7639 0 0 0 1
DataSet: 28
-1.40625 36.03515625 1.494140625 3.955078125 1.26127488680431 6.943359375 -79.453125
583.210 359.331 -238.361 725.305
-0.4712479 -0.1081247 0.8753482 583.2096 0.00048223 0.9924256 0.122846 359.3311 -0.8820007 0.05831302 -0.4676264 -238.3605 0 0 0 1
DataSet: 29
-1.40625 37.08984375 1.494140625 3.955078125 1.26127488680431 6.943359375 -79.453125
578.652 359.331 -244.380 723.656
-0.4874028 -0.107033 0.8665924 578.6516 0.00048223 0.9924256 0.122846 359.3311 -0.8731771 0.06029337 -0.4836594 -244.3802 0 0 0 1
DataSet: 30
-1.40625 37.96875 1.58203125 3.955078125 1.26127488680431 6.943359375 -79.453125
574.761 359.721 -249.326 722.435
-0.5007393 -0.1060956 0.8590715 574.7608 0.00048223 0.9924256 0.122846 359.7206 -0.865598 0.06192807 -0.4968954 -249.3255 0 0 0 1
DataSet: 31
-1.40625 39.0234375 1.494140625 3.955078125 1.26127488680431 6.943359375 -79.453125
570.011 359.331 -255.194 720.524
-0.5165873 -0.1049377 0.8497797 570.0107 0.00048223 0.9924256 0.122846 359.3311 -0.8562344 0.06387045 -0.5126239 -255.1942 0 0 0 1
DataSet: 32
-1.40625 39.90234375 1.58203125 3.955078125 1.26127488680431 6.943359375 -79.453125
565.955 359.721 -260.005 719.241
-0.5296605 -0.1039457 0.8418165 565.9553 0.00048223 0.9924256 0.122846 359.7206 -0.8482096 0.0654726 -0.5255985 -260.0054 0 0 0 1
DataSet: 33
-1.40625 40.869140625 1.58203125 3.955078125 1.26127488680431 6.943359375 -79.453125
561.419 359.721 -265.232 717.592
-0.5438969 -0.1028261 0.8328283 561.4186 0.00048223 0.9924256 0.122846 359.7206 -0.8391519 0.06721716 -0.5397277 -265.2324 0 0 0 1
DataSet: 34
-1.40625 42.099609375 1.58203125 3.955078125 1.26127488680431 6.943359375 -79.453125
555.518 359.721 -271.773 715.444
-0.5617915 -0.101359 0.8210461 555.5182 0.00048223 0.9924256 0.122846 359.7206 -0.8272787 0.06940975 -0.5574874 -271.773 0 0 0 1
DataSet: 35
-1.40625 43.06640625 1.58203125 3.955078125 1.26127488680431 6.943359375 -79.453125
550.784 359.721 -276.822 713.718
-0.5756702 -0.1001734 0.8115227 550.7845 0.00048223 0.9924256 0.122846 359.7206 -0.8176818 0.0711101 -0.5712616 -276.8222 0 0 0 1
DataSet: 36
-1.40625 44.033203125 1.58203125 3.955078125 1.37593361118342 6.943359375 -79.453125
545.454 359.704 -282.276 711.749
-0.5893843 -0.1004018 0.8015894 545.4536 -0.001485631 0.9923799 0.1232067 359.7043 -0.8078514 0.07142521 -0.5850423 -282.276 0 0 0 1
DataSet: 37
-1.40625 45.087890625 1.58203125 3.955078125 1.26127488680431 6.943359375 -79.453125
540.615 359.721 -287.118 710.000
-0.6041551 -0.09760273 0.7908669 540.6152 0.00048223 0.9924256 0.122846 359.7206 -0.7968666 0.07459939 -0.5995319 -287.1176 0 0 0 1
DataSet: 38
-1.40625 46.0546875 1.58203125 3.955078125 1.26127488680431 6.943359375 -79.453125
535.625 359.721 -291.913 708.171
-0.6175146 -0.09633012 0.7806383 535.6246 0.00048223 0.9924256 0.122846 359.7206 -0.7865593 0.07623561 -0.6127908 -291.9132 0 0 0 1
DataSet: 39
-1.40625 47.109375 1.58203125 3.955078125 1.26127488680431 6.943359375 -79.453125
530.089 359.721 -297.048 706.138
-0.631888 -0.09491055 0.7692266 530.089 0.00048223 0.9924256 0.122846 359.7206 -0.7750596 0.07799582 -0.6270561 -297.0479 0 0 0 1
DataSet: 40
-1.40625 47.900390625 1.58203125 3.955078125 1.26127488680431 6.943359375 -79.453125
525.876 359.721 -300.832 704.588
-0.6425278 -0.09382474 0.7604966 525.8757 0.00048223 0.9924256 0.122846 359.7206 -0.7662623 0.07929867 -0.6376157 -300.8316 0 0 0 1
DataSet: 41
-1.40625 49.04296875 1.58203125 3.955078125 1.26127488680431 6.943359375 -79.453125
519.699 359.721 -306.193 702.310
-0.6576796 -0.09222484 0.747631 519.6987 0.00048223 0.9924256 0.122846 359.7206 -0.7532976 0.08115381 -0.6526536 -306.1934 0 0 0 1
DataSet: 42
-1.40625 49.921875 1.58203125 3.955078125 1.26127488680431 6.943359375 -79.453125
514.875 359.721 -310.233 700.528
-0.6691572 -0.09096915 0.7375319 514.875 0.00048223 0.9924256 0.122846 359.7206 -0.7431207 0.08255892 -0.6640449 -310.2334 0 0 0 1
DataSet: 43
-1.318359375 50.9765625 1.58203125 3.955078125 1.26127488680431 6.943359375 -79.453125
508.522 359.721 -315.763 698.355
-0.6838423 -0.0893048 0.7241439 508.5219 0.00048223 0.9924256 0.122846 359.7206 -0.7296297 0.08435646 -0.6786196 -315.7635 0 0 0 1
DataSet: 44
-1.318359375 52.03125 1.58203125 3.955078125 1.26127488680431 6.943359375 -79.453125
502.559 359.721 -320.395 696.145
-0.6971565 -0.08773695 0.71153 502.5591 0.00048223 0.9924256 0.122846 359.7206 -0.7169188 0.08598598 -0.6918337 -320.3951 0 0 0 1
DataSet: 45
